NumberOfModifiers;Maximum Depth;MaxNumberOfNestedBlocks;BuggedMethods;NumberOfMathOperations
0.0;0.0;0.0;False;0.0
4.0;0.0;0.0;False;0.0
0.0;0.0;0.0;False;0.0
4.0;0.0;0.0;False;0.0
1.0;2.0;0.0;False;0.0
0.0;0.0;0.0;False;0.0
0.0;0.0;0.0;False;0.0
0.0;0.0;0.0;False;0.0
0.0;0.0;0.0;False;0.0
0.0;0.0;0.0;False;0.0
0.0;0.0;0.0;False;0.0
4.0;0.0;0.0;False;0.0
0.0;0.0;0.0;False;0.0
1.0;2.0;0.0;False;0.0
4.0;2.0;0.0;False;0.0
4.0;2.0;0.0;False;0.0
1.0;2.0;0.0;False;0.0
4.0;0.0;0.0;False;0.0
4.0;0.0;0.0;False;0.0
0.0;0.0;0.0;False;0.0
0.0;0.0;0.0;False;0.0
0.0;0.0;0.0;False;0.0
0.0;0.0;0.0;False;0.0
0.0;0.0;0.0;False;0.0
0.0;0.0;0.0;False;0.0
1.0;2.0;0.0;False;0.0
1.0;2.0;0.0;False;0.0
1.0;2.0;0.0;False;0.0
1.0;0.0;0.0;False;0.0
0.0;0.0;0.0;False;0.0
1.0;0.0;0.0;False;0.0
0.0;0.0;0.0;False;0.0
1.0;0.0;0.0;False;0.0
0.0;0.0;0.0;False;0.0
0.0;0.0;0.0;False;0.0
1.0;2.0;0.0;False;0.0
1.0;2.0;0.0;False;0.0
1.0;0.0;0.0;False;0.0
0.0;0.0;0.0;False;0.0
4.0;0.0;0.0;False;0.0
1.0;2.0;0.0;False;0.0
1.0;2.0;0.0;False;0.0
1.0;0.0;0.0;False;0.0
0.0;0.0;0.0;False;0.0
4.0;0.0;0.0;False;0.0
1.0;2.0;0.0;False;0.0
1.0;0.0;0.0;False;0.0
1.0;2.0;0.0;False;0.0
0.0;0.0;0.0;False;0.0
0.0;0.0;0.0;False;0.0
1.0;0.0;0.0;False;0.0
4.0;0.0;0.0;False;0.0
1.0;2.0;0.0;False;0.0
0.0;0.0;0.0;False;0.0
4.0;0.0;0.0;False;0.0
0.0;0.0;0.0;False;0.0
1.0;0.0;0.0;False;0.0
0.0;0.0;0.0;False;0.0
1.0;2.0;0.0;False;0.0
1.0;0.0;0.0;False;0.0
0.0;0.0;0.0;False;0.0
1.0;2.0;0.0;False;0.0
1.0;0.0;0.0;False;0.0
0.0;0.0;0.0;False;0.0
1.0;0.0;0.0;False;0.0
0.0;0.0;0.0;False;0.0
0.0;0.0;0.0;False;0.0
1.0;0.0;0.0;False;0.0
4.0;0.0;0.0;False;0.0
0.0;0.0;0.0;False;0.0
0.0;0.0;0.0;False;0.0
1.0;0.0;0.0;False;0.0
4.0;0.0;0.0;False;0.0
1.0;2.0;0.0;False;0.0
1.0;0.0;0.0;False;0.0
1.0;0.0;0.0;False;0.0
1.0;0.0;0.0;False;0.0
1.0;2.0;0.0;False;0.0
1.0;2.0;0.0;False;0.0
1.0;2.0;0.0;False;0.0
1.0;2.0;0.0;False;0.0
1.0;2.0;0.0;False;0.0
1.0;2.0;0.0;False;0.0
1.0;2.0;0.0;False;0.0
1.0;2.0;0.0;False;0.0
1.0;0.0;0.0;False;0.0
0.0;0.0;0.0;False;0.0
0.0;0.0;0.0;False;0.0
1.0;0.0;0.0;False;0.0
0.0;0.0;0.0;False;0.0
1.0;0.0;0.0;False;0.0
0.0;0.0;0.0;False;0.0
1.0;0.0;0.0;False;0.0
1.0;0.0;0.0;False;0.0
1.0;0.0;0.0;False;0.0
1.0;0.0;0.0;False;0.0
1.0;2.0;0.0;False;0.0
1.0;2.0;0.0;False;0.0
1.0;2.0;0.0;False;0.0
0.0;0.0;0.0;False;0.0
1.0;2.0;0.0;False;0.0
0.0;0.0;0.0;False;0.0
1.0;2.0;0.0;False;0.0
1.0;2.0;0.0;False;0.0
1.0;2.0;0.0;False;0.0
1.0;2.0;0.0;False;0.0
1.0;0.0;0.0;False;0.0
1.0;0.0;0.0;False;0.0
1.0;0.0;0.0;False;0.0
1.0;0.0;0.0;False;0.0
1.0;0.0;0.0;False;0.0
1.0;2.0;0.0;False;0.0
1.0;2.0;0.0;False;0.0
1.0;2.0;0.0;False;0.0
1.0;2.0;0.0;False;0.0
1.0;2.0;0.0;False;0.0
1.0;2.0;0.0;False;0.0
1.0;2.0;0.0;False;0.0
1.0;2.0;0.0;False;0.0
1.0;2.0;0.0;False;0.0
1.0;2.0;0.0;False;0.0
1.0;2.0;0.0;False;0.0
0.0;0.0;0.0;False;0.0
1.0;2.0;0.0;False;0.0
1.0;2.0;0.0;False;0.0
0.0;0.0;0.0;False;0.0
0.0;0.0;0.0;False;0.0
10.0;0.0;0.0;False;0.0
0.0;0.0;0.0;False;0.0
1.0;2.0;0.0;False;0.0
1.0;0.0;1.0;False;0.0
9.0;3.0;1.0;False;0.0
9.0;2.0;0.0;False;0.0
0.0;0.0;0.0;False;0.0
0.0;0.0;0.0;False;0.0
0.0;0.0;0.0;False;0.0
0.0;0.0;0.0;False;0.0
0.0;0.0;0.0;False;0.0
0.0;0.0;0.0;False;0.0
0.0;0.0;0.0;False;0.0
0.0;0.0;0.0;False;0.0
0.0;0.0;0.0;False;0.0
0.0;0.0;0.0;False;0.0
0.0;0.0;0.0;True;0.0
0.0;0.0;0.0;False;0.0
0.0;2.0;0.0;False;0.0
0.0;0.0;0.0;False;0.0
1.0;2.0;0.0;False;0.0
1.0;0.0;0.0;False;0.0
0.0;0.0;0.0;False;0.0
0.0;0.0;0.0;False;0.0
0.0;2.0;0.0;False;0.0
1.0;0.0;0.0;False;0.0
0.0;0.0;0.0;False;0.0
1.0;0.0;0.0;False;0.0
0.0;0.0;0.0;False;0.0
1.0;0.0;9.0;False;5.0
0.0;0.0;0.0;False;0.0
0.0;0.0;0.0;False;0.0
1.0;3.0;0.0;False;0.0
0.0;3.0;0.0;False;0.0
0.0;3.0;0.0;False;0.0
0.0;0.0;0.0;False;0.0
0.0;0.0;0.0;True;0.0
1.0;3.0;0.0;False;0.0
0.0;3.0;0.0;False;0.0
1.0;3.0;0.0;False;0.0
1.0;2.0;0.0;False;0.0
0.0;0.0;0.0;False;0.0
0.0;0.0;0.0;False;0.0
0.0;2.0;0.0;False;0.0
0.0;2.0;0.0;False;0.0
0.0;0.0;0.0;False;0.0
0.0;2.0;0.0;False;0.0
0.0;2.0;0.0;False;0.0
0.0;2.0;0.0;False;0.0
0.0;2.0;3.0;False;0.0
0.0;0.0;0.0;False;0.0
0.0;0.0;0.0;False;0.0
0.0;0.0;0.0;False;0.0
0.0;0.0;0.0;False;0.0
0.0;0.0;0.0;False;0.0
1.0;0.0;0.0;False;0.0
0.0;0.0;0.0;False;0.0
1.0;0.0;0.0;False;0.0
0.0;0.0;0.0;False;0.0
0.0;4.0;2.0;False;0.0
0.0;0.0;0.0;False;0.0
0.0;0.0;0.0;False;0.0
0.0;0.0;0.0;False;0.0
1.0;0.0;0.0;False;0.0
2.0;4.0;2.0;False;0.0
0.0;0.0;0.0;False;0.0
8.0;2.0;0.0;False;0.0
0.0;0.0;0.0;False;0.0
1.0;0.0;0.0;False;0.0
2.0;2.0;0.0;False;0.0
0.0;0.0;0.0;False;0.0
0.0;0.0;0.0;False;0.0
0.0;0.0;0.0;False;0.0
0.0;0.0;0.0;False;0.0
0.0;0.0;0.0;False;0.0
0.0;0.0;0.0;False;0.0
0.0;0.0;0.0;False;0.0
0.0;0.0;0.0;True;0.0
0.0;0.0;0.0;False;0.0
1.0;0.0;0.0;False;0.0
1.0;2.0;0.0;False;0.0
1.0;2.0;0.0;False;0.0
0.0;0.0;0.0;False;0.0
0.0;0.0;0.0;True;0.0
0.0;0.0;0.0;False;0.0
0.0;3.0;0.0;False;0.0
0.0;0.0;0.0;False;0.0
0.0;0.0;0.0;False;0.0
0.0;0.0;0.0;False;0.0
0.0;0.0;0.0;True;0.0
0.0;0.0;0.0;False;0.0
1.0;2.0;0.0;False;0.0
0.0;0.0;0.0;False;0.0
0.0;0.0;0.0;False;0.0
0.0;0.0;0.0;False;0.0
0.0;0.0;0.0;True;0.0
0.0;0.0;0.0;False;0.0
1.0;2.0;0.0;False;0.0
0.0;0.0;0.0;False;0.0
0.0;0.0;0.0;False;0.0
1.0;2.0;0.0;False;0.0
1.0;2.0;0.0;False;0.0
0.0;0.0;0.0;False;0.0
2.0;2.0;0.0;False;0.0
0.0;0.0;0.0;False;0.0
0.0;0.0;0.0;False;0.0
2.0;4.0;2.0;False;0.0
4.0;2.0;0.0;False;0.0
1.0;0.0;0.0;False;0.0
0.0;0.0;0.0;False;0.0
4.0;0.0;0.0;False;1.0
1.0;2.0;0.0;False;0.0
1.0;0.0;0.0;False;0.0
1.0;2.0;0.0;False;0.0
1.0;0.0;0.0;False;0.0
0.0;0.0;0.0;False;0.0
0.0;0.0;0.0;False;0.0
1.0;2.0;0.0;False;0.0
1.0;0.0;0.0;False;0.0
0.0;0.0;0.0;False;0.0
0.0;0.0;0.0;False;0.0
1.0;2.0;0.0;False;0.0
1.0;0.0;0.0;False;0.0
2.0;0.0;1.0;False;0.0
0.0;0.0;0.0;False;0.0
0.0;0.0;0.0;False;0.0
0.0;0.0;0.0;False;0.0
0.0;0.0;0.0;False;0.0
0.0;0.0;0.0;False;0.0
10.0;0.0;1.0;False;0.0
0.0;0.0;0.0;False;0.0
4.0;0.0;0.0;False;1.0
1.0;2.0;0.0;False;0.0
0.0;0.0;0.0;False;0.0
2.0;3.0;1.0;False;0.0
0.0;0.0;0.0;False;0.0
0.0;2.0;0.0;False;0.0
2.0;0.0;0.0;False;0.0
1.0;0.0;0.0;False;0.0
2.0;0.0;0.0;False;0.0
0.0;0.0;0.0;False;0.0
0.0;0.0;0.0;False;0.0
2.0;0.0;2.0;False;0.0
0.0;0.0;0.0;False;0.0
0.0;0.0;0.0;False;0.0
0.0;3.0;0.0;False;0.0
0.0;6.0;0.0;False;0.0
0.0;0.0;0.0;False;0.0
0.0;3.0;0.0;False;0.0
0.0;3.0;0.0;False;0.0
0.0;3.0;0.0;False;0.0
0.0;3.0;0.0;False;0.0
0.0;3.0;0.0;False;0.0
0.0;0.0;0.0;False;0.0
0.0;0.0;0.0;False;0.0
0.0;0.0;0.0;False;0.0
0.0;0.0;0.0;False;0.0
0.0;0.0;0.0;False;0.0
0.0;0.0;0.0;False;0.0
0.0;0.0;1.0;False;0.0
0.0;0.0;0.0;False;0.0
0.0;0.0;0.0;False;0.0
0.0;0.0;0.0;False;0.0
0.0;0.0;0.0;False;0.0
0.0;0.0;0.0;False;0.0
8.0;0.0;1.0;False;0.0
0.0;0.0;0.0;False;0.0
0.0;0.0;0.0;False;0.0
0.0;0.0;0.0;False;0.0
0.0;0.0;0.0;False;0.0
0.0;0.0;0.0;False;0.0
0.0;0.0;0.0;False;0.0
0.0;0.0;4.0;False;0.0
0.0;0.0;0.0;False;0.0
0.0;0.0;0.0;False;0.0
0.0;3.0;0.0;False;0.0
0.0;3.0;0.0;False;0.0
0.0;0.0;0.0;False;0.0
0.0;0.0;0.0;False;0.0
0.0;0.0;0.0;False;0.0
0.0;0.0;0.0;False;0.0
1.0;0.0;0.0;False;0.0
0.0;0.0;0.0;False;0.0
0.0;0.0;2.0;False;1.0
1.0;2.0;0.0;False;0.0
1.0;0.0;0.0;False;0.0
0.0;0.0;0.0;False;0.0
0.0;0.0;0.0;False;0.0
1.0;2.0;0.0;False;0.0
1.0;0.0;0.0;False;0.0
4.0;0.0;0.0;False;1.0
1.0;2.0;0.0;False;0.0
1.0;0.0;0.0;False;0.0
4.0;0.0;0.0;False;1.0
1.0;2.0;0.0;False;0.0
1.0;2.0;0.0;False;0.0
0.0;0.0;0.0;False;0.0
0.0;0.0;0.0;False;0.0
1.0;2.0;0.0;False;0.0
1.0;2.0;0.0;False;0.0
1.0;2.0;0.0;False;0.0
1.0;2.0;0.0;False;0.0
1.0;2.0;0.0;False;0.0
1.0;2.0;0.0;False;0.0
1.0;2.0;0.0;False;0.0
1.0;2.0;0.0;False;0.0
0.0;0.0;0.0;False;0.0
0.0;0.0;0.0;False;0.0
0.0;0.0;0.0;False;0.0
0.0;0.0;0.0;False;0.0
0.0;0.0;0.0;False;0.0
2.0;0.0;0.0;False;0.0
0.0;0.0;0.0;False;0.0
0.0;0.0;0.0;False;0.0
0.0;0.0;0.0;False;0.0
1.0;2.0;0.0;False;1.0
1.0;2.0;0.0;False;0.0
0.0;0.0;0.0;False;0.0
0.0;0.0;0.0;False;0.0
0.0;0.0;0.0;False;0.0
0.0;0.0;0.0;False;0.0
0.0;0.0;0.0;False;0.0
0.0;0.0;0.0;False;0.0
0.0;0.0;0.0;False;0.0
0.0;0.0;0.0;False;0.0
0.0;0.0;0.0;False;0.0
0.0;0.0;0.0;False;0.0
0.0;0.0;0.0;False;0.0
2.0;0.0;0.0;False;1.0
0.0;0.0;0.0;False;0.0
2.0;0.0;0.0;False;0.0
0.0;0.0;0.0;False;0.0
0.0;0.0;0.0;False;0.0
0.0;0.0;0.0;False;0.0
1.0;2.0;0.0;False;0.0
1.0;2.0;0.0;False;0.0
1.0;2.0;0.0;False;0.0
1.0;2.0;0.0;False;0.0
1.0;2.0;0.0;False;0.0
1.0;2.0;0.0;False;0.0
1.0;2.0;0.0;False;0.0
1.0;3.0;1.0;False;0.0
1.0;2.0;0.0;False;0.0
1.0;2.0;0.0;False;7.0
1.0;2.0;0.0;False;9.0
1.0;2.0;0.0;False;7.0
1.0;2.0;0.0;False;4.0
1.0;2.0;0.0;False;1.0
1.0;2.0;0.0;False;1.0
2.0;0.0;0.0;False;0.0
1.0;2.0;0.0;False;0.0
1.0;2.0;0.0;False;0.0
2.0;0.0;0.0;False;1.0
1.0;2.0;0.0;False;0.0
1.0;2.0;0.0;False;0.0
1.0;2.0;0.0;False;0.0
1.0;2.0;0.0;False;1.0
1.0;2.0;0.0;False;1.0
1.0;2.0;0.0;False;0.0
1.0;2.0;0.0;False;1.0
1.0;2.0;0.0;False;1.0
1.0;2.0;0.0;False;0.0
0.0;0.0;0.0;False;0.0
0.0;0.0;0.0;False;0.0
1.0;2.0;0.0;False;0.0
1.0;2.0;0.0;False;0.0
1.0;3.0;1.0;False;0.0
1.0;2.0;0.0;False;0.0
1.0;2.0;0.0;False;0.0
2.0;0.0;0.0;False;0.0
1.0;2.0;0.0;False;0.0
1.0;2.0;0.0;False;0.0
2.0;0.0;0.0;False;1.0
1.0;2.0;0.0;False;0.0
1.0;2.0;0.0;False;0.0
1.0;2.0;0.0;False;9.0
1.0;2.0;0.0;False;7.0
1.0;2.0;0.0;False;7.0
1.0;2.0;0.0;False;9.0
1.0;2.0;0.0;False;7.0
1.0;2.0;0.0;False;4.0
1.0;2.0;0.0;False;1.0
1.0;2.0;0.0;False;1.0
1.0;2.0;0.0;False;0.0
1.0;2.0;0.0;False;0.0
1.0;2.0;0.0;False;0.0
0.0;0.0;0.0;False;0.0
0.0;0.0;0.0;False;0.0
0.0;0.0;0.0;False;0.0
0.0;0.0;0.0;False;0.0
0.0;0.0;0.0;False;0.0
0.0;0.0;0.0;False;0.0
0.0;0.0;0.0;False;0.0
1.0;2.0;0.0;False;0.0
1.0;3.0;1.0;False;3.0
1.0;2.0;0.0;False;0.0
1.0;2.0;0.0;False;0.0
1.0;2.0;0.0;False;0.0
1.0;2.0;0.0;False;0.0
1.0;2.0;0.0;False;0.0
1.0;2.0;0.0;False;0.0
1.0;2.0;0.0;False;0.0
0.0;0.0;0.0;False;0.0
0.0;0.0;0.0;False;0.0
0.0;0.0;0.0;False;0.0
0.0;0.0;0.0;False;0.0
0.0;0.0;0.0;False;0.0
0.0;0.0;0.0;False;0.0
2.0;0.0;0.0;False;0.0
0.0;0.0;0.0;False;0.0
0.0;2.0;0.0;False;0.0
1.0;2.0;0.0;False;2.0
1.0;2.0;0.0;False;2.0
1.0;2.0;0.0;False;1.0
1.0;2.0;0.0;False;1.0
2.0;0.0;0.0;False;2.0
2.0;0.0;0.0;False;2.0
2.0;0.0;0.0;False;2.0
0.0;0.0;0.0;False;0.0
0.0;0.0;0.0;False;0.0
0.0;0.0;0.0;False;0.0
2.0;0.0;0.0;False;0.0
2.0;0.0;0.0;False;0.0
1.0;2.0;0.0;False;0.0
1.0;2.0;0.0;False;0.0
1.0;2.0;0.0;False;2.0
1.0;2.0;0.0;False;0.0
1.0;2.0;0.0;False;0.0
1.0;2.0;0.0;False;0.0
1.0;2.0;0.0;False;0.0
1.0;2.0;0.0;False;0.0
1.0;2.0;0.0;False;0.0
1.0;2.0;0.0;False;0.0
1.0;2.0;0.0;False;0.0
1.0;2.0;0.0;False;0.0
1.0;2.0;0.0;False;2.0
1.0;2.0;0.0;False;0.0
1.0;2.0;0.0;False;0.0
1.0;2.0;0.0;False;0.0
1.0;2.0;0.0;False;0.0
1.0;2.0;0.0;False;0.0
1.0;2.0;0.0;False;0.0
1.0;2.0;0.0;False;0.0
1.0;2.0;0.0;False;0.0
1.0;2.0;0.0;False;0.0
1.0;2.0;0.0;False;4.0
1.0;2.0;0.0;False;4.0
1.0;2.0;0.0;False;2.0
1.0;2.0;0.0;False;4.0
1.0;2.0;0.0;False;4.0
1.0;2.0;0.0;False;6.0
1.0;2.0;0.0;False;1.0
1.0;2.0;0.0;False;1.0
0.0;0.0;0.0;False;0.0
0.0;2.0;0.0;False;0.0
1.0;2.0;0.0;False;2.0
1.0;2.0;0.0;False;2.0
1.0;2.0;0.0;False;1.0
1.0;2.0;0.0;False;1.0
0.0;0.0;0.0;False;0.0
0.0;2.0;0.0;False;0.0
0.0;0.0;0.0;False;0.0
0.0;0.0;0.0;False;0.0
0.0;0.0;0.0;True;0.0
0.0;0.0;0.0;True;0.0
0.0;0.0;0.0;False;0.0
0.0;0.0;0.0;False;0.0
0.0;0.0;0.0;False;0.0
0.0;0.0;0.0;True;0.0
0.0;0.0;0.0;True;0.0
0.0;0.0;0.0;False;0.0
0.0;0.0;0.0;True;0.0
0.0;0.0;0.0;True;0.0
0.0;0.0;0.0;True;0.0
0.0;0.0;0.0;True;0.0
0.0;0.0;0.0;True;0.0
0.0;0.0;0.0;True;0.0
0.0;0.0;0.0;True;0.0
0.0;0.0;0.0;True;0.0
0.0;0.0;0.0;True;0.0
0.0;0.0;0.0;True;0.0
0.0;0.0;0.0;True;0.0
0.0;0.0;0.0;False;0.0
0.0;0.0;0.0;True;0.0
0.0;0.0;0.0;True;0.0
0.0;0.0;0.0;True;0.0
0.0;0.0;0.0;True;0.0
0.0;0.0;0.0;False;0.0
0.0;0.0;0.0;True;0.0
0.0;0.0;0.0;True;0.0
0.0;0.0;0.0;True;0.0
0.0;0.0;0.0;False;0.0
0.0;0.0;0.0;False;0.0
0.0;0.0;0.0;False;0.0
0.0;0.0;0.0;False;0.0
0.0;0.0;0.0;False;0.0
0.0;0.0;0.0;False;0.0
0.0;0.0;0.0;False;0.0
0.0;0.0;0.0;False;0.0
0.0;0.0;0.0;False;0.0
0.0;0.0;0.0;False;0.0
0.0;0.0;0.0;False;0.0
0.0;0.0;0.0;False;0.0
0.0;0.0;0.0;False;0.0
0.0;0.0;0.0;False;0.0
0.0;0.0;0.0;False;0.0
0.0;0.0;0.0;True;0.0
0.0;0.0;0.0;True;0.0
0.0;0.0;0.0;True;0.0
0.0;0.0;0.0;True;0.0
0.0;0.0;0.0;True;0.0
0.0;0.0;0.0;False;0.0
0.0;0.0;0.0;False;0.0
0.0;0.0;0.0;False;0.0
0.0;0.0;0.0;True;0.0
0.0;0.0;0.0;True;0.0
0.0;0.0;0.0;True;0.0
0.0;0.0;0.0;True;0.0
0.0;0.0;0.0;True;0.0
0.0;0.0;0.0;True;0.0
0.0;0.0;0.0;True;0.0
0.0;0.0;0.0;False;0.0
0.0;0.0;0.0;False;0.0
0.0;0.0;0.0;False;0.0
0.0;0.0;0.0;False;0.0
0.0;0.0;0.0;False;0.0
0.0;0.0;0.0;False;0.0
0.0;0.0;0.0;False;0.0
0.0;0.0;0.0;False;0.0
0.0;0.0;0.0;False;0.0
0.0;0.0;0.0;False;0.0
0.0;0.0;0.0;False;0.0
17.0;0.0;0.0;False;0.0
0.0;0.0;0.0;False;0.0
26.0;0.0;1.0;False;0.0
26.0;0.0;1.0;False;0.0
26.0;0.0;1.0;False;0.0
1.0;0.0;0.0;False;0.0
1.0;4.0;2.0;False;1.0
0.0;0.0;0.0;False;0.0
1.0;0.0;1.0;False;0.0
0.0;0.0;0.0;False;0.0
1.0;0.0;0.0;False;0.0
1.0;4.0;2.0;False;1.0
0.0;0.0;0.0;False;0.0
10.0;3.0;1.0;False;0.0
0.0;0.0;0.0;False;0.0
0.0;0.0;0.0;False;0.0
0.0;0.0;0.0;False;0.0
0.0;0.0;0.0;False;0.0
0.0;0.0;0.0;False;0.0
4.0;0.0;1.0;False;0.0
4.0;2.0;0.0;False;0.0
18.0;0.0;2.0;False;0.0
26.0;0.0;1.0;False;0.0
0.0;0.0;0.0;False;0.0
0.0;0.0;0.0;False;0.0
0.0;0.0;0.0;False;0.0
1.0;2.0;0.0;False;1.0
0.0;0.0;0.0;False;0.0
0.0;0.0;0.0;False;0.0
0.0;0.0;0.0;False;0.0
26.0;0.0;1.0;False;0.0
1.0;0.0;0.0;False;0.0
0.0;0.0;0.0;False;0.0
26.0;0.0;0.0;False;0.0
1.0;0.0;0.0;False;0.0
0.0;0.0;0.0;False;0.0
0.0;0.0;0.0;False;0.0
9.0;3.0;1.0;False;0.0
1.0;0.0;0.0;False;0.0
0.0;0.0;0.0;False;0.0
0.0;2.0;0.0;False;0.0
1.0;0.0;0.0;False;0.0
0.0;0.0;0.0;False;0.0
0.0;0.0;0.0;False;0.0
9.0;3.0;1.0;False;0.0
1.0;0.0;0.0;False;0.0
0.0;0.0;0.0;False;0.0
1.0;2.0;0.0;False;0.0
1.0;2.0;0.0;False;0.0
1.0;2.0;0.0;False;0.0
1.0;2.0;0.0;False;0.0
1.0;2.0;0.0;False;0.0
1.0;2.0;0.0;False;0.0
0.0;0.0;0.0;False;0.0
0.0;0.0;0.0;False;0.0
0.0;0.0;0.0;False;0.0
26.0;0.0;2.0;False;2.0
0.0;0.0;0.0;False;0.0
4.0;0.0;1.0;False;0.0
4.0;2.0;0.0;False;0.0
20.0;0.0;1.0;False;0.0
4.0;0.0;0.0;False;0.0
28.0;0.0;1.0;False;1.0
20.0;0.0;2.0;False;0.0
0.0;0.0;0.0;False;0.0
0.0;0.0;0.0;False;0.0
1.0;2.0;0.0;False;0.0
1.0;2.0;0.0;False;0.0
1.0;2.0;0.0;False;0.0
1.0;2.0;0.0;False;0.0
1.0;2.0;0.0;False;0.0
1.0;2.0;0.0;False;0.0
0.0;0.0;0.0;False;0.0
0.0;0.0;0.0;False;0.0
1.0;0.0;1.0;False;0.0
1.0;2.0;0.0;False;0.0
1.0;2.0;0.0;False;0.0
0.0;0.0;0.0;False;0.0
0.0;0.0;0.0;False;0.0
1.0;2.0;0.0;False;0.0
1.0;2.0;0.0;False;0.0
8.0;2.0;0.0;False;0.0
0.0;0.0;0.0;False;0.0
0.0;0.0;0.0;False;0.0
1.0;2.0;0.0;False;0.0
1.0;2.0;0.0;False;0.0
8.0;2.0;0.0;False;0.0
2.0;0.0;1.0;False;0.0
0.0;0.0;0.0;False;0.0
0.0;0.0;0.0;False;0.0
1.0;2.0;0.0;False;0.0
1.0;2.0;0.0;False;0.0
1.0;3.0;1.0;False;0.0
1.0;0.0;0.0;False;0.0
1.0;0.0;0.0;False;0.0
1.0;0.0;0.0;False;0.0
0.0;0.0;0.0;False;0.0
9.0;0.0;0.0;False;0.0
0.0;0.0;0.0;False;0.0
0.0;0.0;0.0;True;0.0
0.0;0.0;0.0;False;0.0
9.0;0.0;4.0;False;0.0
0.0;0.0;0.0;False;0.0
33.0;0.0;0.0;False;0.0
1.0;0.0;2.0;False;1.0
1.0;0.0;1.0;False;0.0
2.0;3.0;1.0;False;0.0
33.0;3.0;1.0;False;0.0
0.0;0.0;0.0;False;0.0
33.0;2.0;0.0;False;0.0
1.0;0.0;0.0;False;0.0
4.0;2.0;0.0;False;0.0
4.0;2.0;0.0;False;0.0
33.0;0.0;0.0;False;0.0
33.0;0.0;0.0;False;0.0
1.0;0.0;0.0;False;0.0
0.0;0.0;0.0;False;0.0
1.0;0.0;1.0;False;0.0
0.0;0.0;0.0;False;0.0
1.0;3.0;0.0;False;0.0
0.0;3.0;0.0;False;0.0
0.0;0.0;0.0;False;0.0
1.0;0.0;0.0;False;0.0
1.0;4.0;2.0;False;0.0
1.0;0.0;0.0;False;0.0
1.0;2.0;0.0;False;0.0
1.0;2.0;0.0;False;0.0
0.0;0.0;0.0;False;0.0
0.0;0.0;0.0;False;0.0
1.0;0.0;1.0;False;0.0
1.0;2.0;1.0;False;0.0
1.0;0.0;1.0;False;0.0
0.0;0.0;0.0;False;0.0
0.0;0.0;0.0;False;0.0
0.0;0.0;0.0;False;0.0
1.0;2.0;0.0;False;0.0
1.0;2.0;0.0;False;0.0
1.0;2.0;0.0;False;0.0
1.0;2.0;0.0;False;0.0
1.0;2.0;0.0;False;0.0
1.0;2.0;0.0;False;0.0
1.0;2.0;0.0;False;0.0
1.0;2.0;0.0;False;0.0
1.0;0.0;0.0;False;0.0
1.0;0.0;0.0;False;0.0
1.0;0.0;0.0;False;0.0
1.0;0.0;0.0;False;0.0
1.0;0.0;0.0;False;0.0
1.0;0.0;0.0;False;0.0
1.0;0.0;0.0;False;0.0
1.0;0.0;0.0;False;0.0
33.0;2.0;0.0;False;0.0
33.0;2.0;0.0;False;0.0
33.0;0.0;2.0;False;2.0
33.0;0.0;1.0;False;0.0
0.0;0.0;0.0;False;0.0
1.0;0.0;0.0;False;0.0
2.0;0.0;0.0;False;0.0
4.0;2.0;0.0;False;0.0
4.0;2.0;0.0;False;0.0
4.0;3.0;1.0;False;0.0
0.0;0.0;0.0;False;0.0
0.0;0.0;0.0;False;0.0
2.0;0.0;4.0;False;0.0
0.0;0.0;0.0;False;0.0
33.0;0.0;1.0;False;0.0
1.0;0.0;0.0;False;0.0
1.0;0.0;1.0;False;0.0
9.0;2.0;0.0;False;0.0
0.0;0.0;0.0;False;0.0
0.0;0.0;0.0;False;0.0
10.0;0.0;3.0;False;0.0
0.0;0.0;0.0;False;0.0
0.0;0.0;0.0;False;0.0
2.0;0.0;0.0;False;0.0
4.0;2.0;0.0;False;0.0
4.0;3.0;1.0;False;0.0
0.0;0.0;0.0;False;0.0
2.0;0.0;0.0;False;0.0
4.0;2.0;0.0;False;0.0
4.0;3.0;1.0;False;0.0
0.0;0.0;0.0;False;0.0
1.0;0.0;1.0;False;1.0
0.0;0.0;0.0;False;0.0
0.0;0.0;0.0;False;0.0
1.0;0.0;0.0;False;0.0
0.0;3.0;0.0;False;0.0
1.0;3.0;0.0;False;0.0
1.0;3.0;0.0;False;0.0
0.0;3.0;0.0;False;0.0
1.0;3.0;0.0;False;0.0
0.0;0.0;0.0;False;0.0
0.0;0.0;0.0;False;0.0
0.0;0.0;0.0;False;0.0
0.0;0.0;0.0;False;0.0
0.0;0.0;0.0;False;0.0
0.0;0.0;0.0;False;0.0
0.0;0.0;0.0;False;0.0
0.0;0.0;0.0;False;0.0
0.0;0.0;0.0;False;0.0
1.0;0.0;0.0;False;0.0
0.0;0.0;0.0;False;0.0
1.0;2.0;0.0;False;0.0
1.0;2.0;0.0;False;0.0
1.0;2.0;0.0;False;0.0
1.0;2.0;0.0;False;0.0
1.0;4.0;2.0;False;1.0
0.0;0.0;0.0;False;0.0
0.0;0.0;0.0;True;0.0
0.0;0.0;0.0;True;0.0
1.0;0.0;0.0;True;0.0
0.0;0.0;0.0;False;0.0
0.0;0.0;1.0;False;0.0
1.0;2.0;0.0;False;0.0
1.0;3.0;1.0;False;0.0
1.0;2.0;0.0;False;0.0
1.0;2.0;0.0;False;0.0
1.0;2.0;0.0;False;0.0
1.0;2.0;0.0;False;0.0
1.0;2.0;0.0;False;0.0
1.0;2.0;0.0;False;0.0
1.0;2.0;0.0;False;0.0
1.0;2.0;0.0;False;0.0
1.0;2.0;0.0;False;0.0
1.0;2.0;0.0;False;0.0
1.0;2.0;0.0;False;0.0
0.0;0.0;0.0;False;0.0
1.0;2.0;0.0;False;0.0
0.0;0.0;0.0;False;0.0
1.0;2.0;0.0;False;0.0
1.0;2.0;0.0;False;0.0
2.0;0.0;1.0;False;1.0
0.0;0.0;0.0;False;0.0
1.0;2.0;0.0;False;0.0
1.0;3.0;1.0;False;0.0
1.0;2.0;0.0;False;0.0
1.0;2.0;0.0;False;0.0
1.0;2.0;0.0;False;0.0
1.0;2.0;0.0;False;0.0
1.0;2.0;0.0;False;0.0
1.0;2.0;0.0;False;4.0
1.0;3.0;1.0;False;0.0
1.0;2.0;0.0;False;0.0
1.0;2.0;0.0;False;0.0
1.0;2.0;0.0;False;0.0
1.0;2.0;0.0;False;0.0
1.0;2.0;0.0;False;0.0
1.0;2.0;0.0;False;0.0
1.0;2.0;0.0;False;1.0
1.0;2.0;0.0;False;1.0
1.0;3.0;1.0;False;0.0
1.0;3.0;1.0;False;0.0
1.0;2.0;0.0;False;0.0
1.0;2.0;0.0;False;0.0
1.0;0.0;0.0;False;0.0
1.0;0.0;0.0;False;0.0
1.0;2.0;0.0;False;0.0
1.0;3.0;1.0;False;0.0
1.0;2.0;0.0;False;0.0
1.0;3.0;1.0;False;0.0
1.0;2.0;0.0;False;0.0
1.0;2.0;0.0;False;0.0
0.0;0.0;0.0;False;0.0
0.0;0.0;0.0;False;0.0
1.0;2.0;0.0;False;0.0
0.0;0.0;0.0;False;0.0
0.0;0.0;0.0;False;0.0
0.0;0.0;0.0;False;0.0
0.0;0.0;0.0;False;0.0
0.0;0.0;0.0;False;0.0
1.0;0.0;0.0;False;0.0
0.0;0.0;0.0;False;0.0
0.0;0.0;0.0;False;0.0
0.0;0.0;0.0;False;0.0
0.0;0.0;0.0;False;0.0
0.0;0.0;0.0;False;0.0
1.0;0.0;0.0;False;0.0
4.0;0.0;0.0;False;0.0
0.0;0.0;0.0;False;0.0
0.0;0.0;0.0;False;0.0
0.0;0.0;0.0;False;0.0
0.0;0.0;0.0;False;0.0
0.0;0.0;0.0;False;0.0
0.0;0.0;0.0;True;0.0
0.0;0.0;0.0;False;0.0
1.0;3.0;1.0;False;0.0
2.0;2.0;0.0;False;0.0
1.0;4.0;2.0;True;0.0
1.0;0.0;1.0;False;0.0
0.0;0.0;0.0;False;0.0
0.0;0.0;0.0;True;0.0
0.0;0.0;0.0;True;0.0
2.0;4.0;0.0;False;0.0
2.0;0.0;2.0;True;0.0
0.0;0.0;0.0;True;0.0
1.0;2.0;0.0;False;0.0
0.0;0.0;0.0;False;0.0
0.0;0.0;0.0;False;0.0
2.0;0.0;0.0;False;0.0
0.0;0.0;0.0;False;0.0
0.0;0.0;0.0;False;0.0
33.0;0.0;0.0;False;0.0
0.0;0.0;0.0;False;0.0
0.0;0.0;0.0;False;0.0
0.0;0.0;0.0;False;0.0
0.0;0.0;0.0;False;0.0
0.0;0.0;0.0;False;0.0
1.0;3.0;0.0;False;0.0
1.0;3.0;0.0;False;0.0
33.0;0.0;0.0;False;0.0
1.0;3.0;0.0;False;0.0
0.0;3.0;0.0;False;0.0
0.0;0.0;0.0;False;0.0
0.0;0.0;0.0;False;0.0
0.0;3.0;0.0;False;0.0
1.0;0.0;0.0;False;0.0
1.0;2.0;0.0;False;0.0
1.0;2.0;0.0;False;0.0
0.0;0.0;0.0;False;0.0
0.0;0.0;0.0;False;0.0
1.0;0.0;0.0;False;0.0
1.0;0.0;0.0;False;0.0
0.0;0.0;0.0;False;0.0
0.0;0.0;0.0;False;0.0
1.0;2.0;0.0;False;0.0
1.0;2.0;0.0;False;0.0
1.0;2.0;0.0;False;0.0
1.0;2.0;0.0;False;0.0
1.0;2.0;0.0;False;0.0
1.0;2.0;0.0;False;0.0
1.0;2.0;0.0;False;0.0
1.0;2.0;0.0;False;0.0
1.0;2.0;0.0;False;0.0
1.0;2.0;0.0;False;0.0
1.0;2.0;0.0;False;0.0
1.0;2.0;0.0;False;0.0
1.0;2.0;0.0;False;0.0
1.0;2.0;0.0;False;0.0
1.0;2.0;0.0;False;0.0
1.0;4.0;2.0;False;0.0
0.0;0.0;0.0;False;0.0
0.0;0.0;0.0;False;0.0
0.0;0.0;0.0;False;0.0
0.0;0.0;0.0;False;0.0
0.0;0.0;0.0;False;0.0
10.0;0.0;0.0;False;1.0
1.0;0.0;0.0;False;0.0
0.0;0.0;0.0;False;0.0
1.0;3.0;1.0;False;0.0
1.0;2.0;0.0;False;0.0
1.0;2.0;0.0;False;0.0
1.0;2.0;0.0;False;0.0
1.0;2.0;0.0;False;0.0
1.0;4.0;2.0;False;0.0
4.0;2.0;0.0;False;0.0
1.0;2.0;0.0;False;0.0
1.0;0.0;1.0;False;0.0
0.0;0.0;0.0;False;0.0
1.0;0.0;0.0;False;1.0
1.0;4.0;2.0;False;1.0
1.0;2.0;0.0;False;0.0
0.0;0.0;0.0;False;0.0
0.0;0.0;0.0;False;0.0
0.0;0.0;0.0;False;0.0
0.0;0.0;0.0;False;0.0
4.0;2.0;0.0;False;0.0
1.0;2.0;0.0;False;0.0
0.0;0.0;0.0;False;0.0
0.0;0.0;0.0;False;0.0
0.0;0.0;0.0;False;0.0
1.0;0.0;0.0;False;0.0
1.0;4.0;2.0;False;1.0
0.0;0.0;0.0;False;0.0
1.0;2.0;0.0;False;0.0
1.0;2.0;0.0;False;0.0
1.0;2.0;0.0;False;0.0
0.0;0.0;0.0;False;0.0
1.0;2.0;0.0;False;0.0
1.0;2.0;0.0;False;1.0
1.0;2.0;0.0;False;0.0
0.0;0.0;0.0;False;0.0
4.0;2.0;0.0;False;0.0
1.0;2.0;0.0;False;0.0
1.0;0.0;0.0;False;0.0
0.0;0.0;0.0;False;0.0
1.0;0.0;0.0;False;0.0
0.0;0.0;0.0;False;0.0
1.0;2.0;0.0;False;3.0
1.0;2.0;0.0;False;4.0
4.0;2.0;0.0;False;0.0
1.0;2.0;0.0;False;0.0
0.0;0.0;0.0;False;0.0
0.0;0.0;0.0;False;0.0
0.0;0.0;0.0;False;0.0
1.0;0.0;0.0;False;0.0
0.0;0.0;0.0;False;0.0
0.0;0.0;0.0;False;0.0
1.0;0.0;1.0;False;0.0
0.0;0.0;0.0;False;0.0
1.0;4.0;2.0;False;1.0
1.0;2.0;0.0;False;0.0
1.0;2.0;0.0;False;0.0
1.0;2.0;0.0;False;0.0
1.0;2.0;0.0;False;0.0
1.0;2.0;0.0;False;0.0
1.0;2.0;0.0;False;0.0
4.0;2.0;0.0;False;0.0
1.0;2.0;0.0;False;0.0
0.0;0.0;0.0;False;0.0
0.0;0.0;0.0;False;0.0
1.0;0.0;0.0;False;0.0
0.0;0.0;0.0;False;0.0
1.0;4.0;2.0;False;1.0
1.0;2.0;0.0;False;0.0
1.0;2.0;0.0;False;0.0
1.0;2.0;0.0;False;0.0
1.0;2.0;0.0;False;0.0
1.0;2.0;0.0;False;0.0
1.0;2.0;0.0;False;0.0
1.0;2.0;0.0;False;0.0
1.0;2.0;0.0;False;0.0
0.0;0.0;0.0;False;0.0
1.0;2.0;0.0;False;0.0
1.0;2.0;0.0;False;0.0
0.0;0.0;0.0;False;0.0
0.0;0.0;0.0;False;0.0
0.0;0.0;0.0;False;0.0
0.0;0.0;0.0;False;0.0
0.0;0.0;0.0;False;0.0
0.0;0.0;0.0;False;0.0
1.0;0.0;0.0;False;0.0
4.0;0.0;0.0;False;0.0
4.0;0.0;0.0;False;0.0
1.0;0.0;0.0;False;0.0
1.0;0.0;0.0;False;0.0
0.0;0.0;0.0;False;0.0
0.0;0.0;0.0;False;0.0
1.0;2.0;0.0;False;0.0
1.0;4.0;2.0;False;1.0
0.0;0.0;0.0;False;0.0
0.0;0.0;0.0;False;0.0
1.0;0.0;0.0;False;0.0
1.0;3.0;0.0;False;0.0
1.0;3.0;0.0;False;0.0
0.0;3.0;0.0;False;0.0
1.0;3.0;0.0;False;0.0
1.0;3.0;0.0;False;0.0
0.0;3.0;0.0;False;0.0
0.0;3.0;0.0;False;0.0
0.0;3.0;0.0;False;0.0
0.0;3.0;0.0;False;0.0
1.0;2.0;0.0;False;0.0
1.0;0.0;0.0;False;0.0
1.0;2.0;0.0;False;0.0
1.0;2.0;0.0;False;0.0
1.0;0.0;0.0;False;0.0
0.0;0.0;0.0;False;0.0
2.0;0.0;1.0;False;0.0
1.0;2.0;0.0;False;0.0
1.0;2.0;0.0;False;0.0
1.0;3.0;1.0;False;0.0
0.0;0.0;0.0;False;0.0
1.0;2.0;0.0;False;0.0
0.0;0.0;0.0;False;0.0
1.0;2.0;0.0;False;0.0
1.0;4.0;2.0;False;1.0
1.0;2.0;0.0;False;0.0
1.0;4.0;2.0;False;1.0
1.0;2.0;0.0;False;0.0
1.0;2.0;0.0;False;0.0
1.0;2.0;0.0;False;0.0
1.0;2.0;0.0;False;0.0
1.0;2.0;0.0;False;0.0
1.0;2.0;0.0;False;0.0
1.0;4.0;2.0;False;1.0
1.0;2.0;0.0;False;0.0
1.0;2.0;0.0;False;0.0
1.0;2.0;0.0;False;0.0
0.0;0.0;0.0;False;0.0
1.0;4.0;2.0;False;1.0
2.0;2.0;0.0;False;0.0
1.0;2.0;0.0;False;0.0
1.0;4.0;2.0;False;1.0
1.0;4.0;2.0;False;1.0
1.0;2.0;0.0;False;0.0
1.0;2.0;0.0;False;0.0
1.0;2.0;0.0;False;0.0
1.0;2.0;0.0;False;0.0
1.0;2.0;0.0;False;0.0
1.0;2.0;0.0;False;0.0
1.0;2.0;0.0;False;0.0
1.0;2.0;0.0;False;0.0
1.0;2.0;0.0;False;0.0
1.0;2.0;0.0;False;0.0
1.0;0.0;2.0;False;2.0
0.0;0.0;0.0;False;0.0
1.0;2.0;0.0;False;0.0
0.0;0.0;0.0;False;0.0
0.0;0.0;0.0;False;0.0
1.0;2.0;0.0;False;0.0
0.0;0.0;0.0;False;0.0
0.0;0.0;0.0;False;0.0
0.0;0.0;0.0;False;0.0
1.0;2.0;0.0;False;0.0
0.0;0.0;0.0;False;0.0
0.0;0.0;0.0;False;0.0
1.0;2.0;0.0;False;0.0
0.0;0.0;0.0;False;0.0
0.0;0.0;0.0;False;0.0
1.0;2.0;0.0;False;0.0
0.0;0.0;0.0;False;0.0
0.0;0.0;0.0;False;0.0
1.0;2.0;0.0;False;0.0
0.0;0.0;0.0;False;0.0
0.0;2.0;0.0;False;0.0
1.0;2.0;0.0;False;0.0
0.0;0.0;0.0;False;0.0
1.0;0.0;1.0;False;0.0
0.0;2.0;0.0;False;0.0
0.0;2.0;0.0;False;0.0
1.0;2.0;0.0;False;0.0
0.0;0.0;0.0;False;0.0
1.0;2.0;0.0;False;0.0
2.0;0.0;1.0;False;0.0
0.0;0.0;0.0;False;0.0
1.0;2.0;0.0;False;0.0
1.0;4.0;2.0;False;1.0
1.0;2.0;0.0;False;0.0
1.0;4.0;2.0;False;1.0
1.0;2.0;0.0;False;0.0
1.0;4.0;2.0;False;1.0
1.0;2.0;0.0;False;0.0
1.0;4.0;2.0;False;1.0
1.0;2.0;0.0;False;0.0
1.0;4.0;2.0;False;1.0
1.0;2.0;0.0;False;0.0
1.0;4.0;2.0;False;1.0
1.0;2.0;0.0;False;0.0
1.0;2.0;0.0;False;0.0
0.0;0.0;0.0;False;0.0
1.0;2.0;0.0;False;0.0
1.0;2.0;0.0;False;0.0
1.0;4.0;2.0;False;1.0
1.0;2.0;0.0;False;0.0
1.0;2.0;0.0;False;0.0
0.0;0.0;0.0;False;0.0
1.0;2.0;0.0;False;0.0
1.0;2.0;0.0;False;0.0
1.0;4.0;2.0;False;1.0
1.0;2.0;0.0;False;0.0
1.0;2.0;0.0;False;0.0
0.0;0.0;0.0;False;0.0
1.0;2.0;0.0;False;0.0
1.0;2.0;0.0;False;0.0
1.0;4.0;2.0;False;1.0
1.0;2.0;0.0;False;0.0
1.0;2.0;0.0;False;0.0
0.0;0.0;0.0;False;0.0
1.0;2.0;0.0;False;0.0
1.0;2.0;0.0;False;0.0
1.0;4.0;2.0;False;1.0
1.0;2.0;0.0;False;0.0
1.0;2.0;0.0;False;0.0
0.0;0.0;0.0;False;0.0
1.0;2.0;0.0;False;0.0
1.0;2.0;0.0;False;0.0
1.0;4.0;2.0;False;1.0
1.0;2.0;0.0;False;0.0
1.0;2.0;0.0;False;0.0
0.0;0.0;0.0;False;0.0
1.0;2.0;0.0;False;0.0
1.0;2.0;0.0;False;0.0
1.0;4.0;2.0;False;1.0
1.0;2.0;0.0;False;0.0
1.0;2.0;0.0;False;0.0
0.0;0.0;0.0;False;0.0
1.0;2.0;0.0;False;0.0
1.0;2.0;0.0;False;0.0
1.0;4.0;2.0;False;1.0
0.0;0.0;0.0;False;0.0
0.0;0.0;0.0;False;0.0
10.0;0.0;0.0;False;1.0
1.0;0.0;0.0;False;0.0
0.0;0.0;0.0;False;0.0
1.0;2.0;0.0;False;0.0
1.0;2.0;0.0;False;0.0
0.0;0.0;0.0;False;0.0
0.0;0.0;0.0;False;0.0
0.0;0.0;0.0;False;0.0
1.0;2.0;0.0;False;0.0
1.0;2.0;0.0;False;0.0
0.0;0.0;0.0;False;0.0
1.0;2.0;0.0;False;0.0
1.0;2.0;0.0;False;0.0
1.0;4.0;2.0;False;1.0
1.0;2.0;0.0;False;0.0
1.0;2.0;0.0;False;0.0
0.0;0.0;0.0;False;0.0
1.0;2.0;0.0;False;0.0
1.0;2.0;0.0;False;0.0
1.0;4.0;2.0;False;1.0
0.0;0.0;0.0;False;0.0
1.0;2.0;0.0;False;0.0
1.0;0.0;0.0;False;0.0
0.0;0.0;0.0;False;0.0
1.0;2.0;0.0;False;0.0
1.0;0.0;0.0;False;0.0
0.0;0.0;0.0;False;0.0
1.0;2.0;0.0;False;0.0
1.0;2.0;0.0;False;0.0
1.0;0.0;0.0;False;0.0
1.0;0.0;0.0;False;0.0
2.0;0.0;1.0;False;0.0
1.0;2.0;0.0;False;0.0
0.0;0.0;0.0;False;0.0
1.0;0.0;1.0;False;1.0
1.0;2.0;0.0;False;0.0
1.0;2.0;0.0;False;0.0
0.0;0.0;0.0;False;0.0
1.0;0.0;0.0;False;0.0
2.0;0.0;0.0;False;0.0
1.0;2.0;0.0;False;0.0
0.0;0.0;0.0;False;0.0
1.0;0.0;2.0;False;0.0
1.0;2.0;0.0;False;0.0
1.0;4.0;2.0;False;1.0
1.0;2.0;0.0;False;0.0
1.0;4.0;2.0;False;1.0
1.0;2.0;0.0;False;0.0
1.0;4.0;2.0;False;2.0
1.0;2.0;0.0;False;0.0
1.0;4.0;2.0;False;1.0
0.0;0.0;0.0;False;0.0
1.0;2.0;0.0;False;0.0
10.0;0.0;0.0;False;0.0
1.0;2.0;0.0;False;0.0
1.0;0.0;4.0;False;0.0
0.0;0.0;0.0;False;0.0
1.0;2.0;0.0;False;0.0
0.0;0.0;0.0;False;0.0
1.0;2.0;0.0;False;0.0
0.0;0.0;0.0;False;0.0
0.0;0.0;0.0;False;0.0
0.0;0.0;0.0;False;0.0
1.0;0.0;0.0;False;0.0
0.0;0.0;0.0;False;0.0
1.0;2.0;0.0;False;0.0
1.0;2.0;0.0;False;0.0
0.0;0.0;0.0;False;0.0
1.0;0.0;0.0;False;0.0
0.0;0.0;0.0;False;0.0
1.0;2.0;0.0;False;0.0
1.0;2.0;0.0;False;0.0
1.0;0.0;2.0;False;2.0
10.0;0.0;1.0;False;2.0
0.0;0.0;0.0;False;0.0
1.0;2.0;0.0;False;0.0
0.0;0.0;0.0;False;0.0
1.0;2.0;0.0;False;0.0
0.0;0.0;0.0;False;0.0
1.0;0.0;2.0;False;2.0
1.0;2.0;0.0;False;0.0
1.0;0.0;0.0;False;0.0
1.0;0.0;0.0;False;0.0
1.0;0.0;0.0;False;0.0
0.0;0.0;0.0;False;0.0
0.0;0.0;0.0;False;0.0
1.0;2.0;0.0;False;0.0
1.0;2.0;0.0;False;0.0
1.0;2.0;0.0;False;1.0
1.0;2.0;0.0;False;0.0
1.0;2.0;0.0;False;0.0
0.0;0.0;0.0;False;0.0
1.0;0.0;0.0;False;0.0
1.0;2.0;0.0;False;0.0
0.0;0.0;0.0;False;0.0
9.0;2.0;0.0;False;0.0
10.0;3.0;1.0;False;0.0
0.0;0.0;0.0;False;0.0
1.0;2.0;0.0;False;0.0
0.0;0.0;0.0;False;0.0
0.0;0.0;0.0;False;0.0
0.0;0.0;0.0;False;0.0
0.0;0.0;0.0;False;0.0
9.0;2.0;0.0;False;0.0
0.0;0.0;0.0;False;0.0
10.0;2.0;0.0;False;0.0
10.0;2.0;0.0;False;0.0
0.0;0.0;0.0;False;0.0
1.0;0.0;1.0;False;0.0
0.0;0.0;0.0;False;0.0
9.0;0.0;0.0;False;0.0
0.0;0.0;0.0;False;0.0
0.0;0.0;0.0;True;0.0
0.0;0.0;0.0;False;0.0
1.0;0.0;0.0;False;0.0
1.0;0.0;0.0;False;0.0
1.0;0.0;1.0;False;0.0
0.0;0.0;0.0;False;0.0
1.0;0.0;0.0;False;0.0
0.0;0.0;0.0;False;0.0
9.0;2.0;0.0;False;0.0
10.0;3.0;1.0;False;0.0
0.0;0.0;0.0;False;0.0
0.0;0.0;0.0;False;0.0
0.0;0.0;0.0;False;0.0
0.0;0.0;0.0;False;0.0
10.0;5.0;3.0;False;0.0
0.0;0.0;0.0;False;0.0
0.0;0.0;0.0;False;0.0
0.0;0.0;0.0;False;0.0
1.0;0.0;0.0;False;0.0
0.0;0.0;0.0;False;0.0
0.0;0.0;0.0;False;0.0
1.0;0.0;0.0;False;0.0
0.0;0.0;0.0;False;0.0
0.0;0.0;0.0;False;0.0
1.0;2.0;0.0;False;0.0
1.0;2.0;0.0;False;0.0
1.0;0.0;0.0;False;0.0
1.0;2.0;0.0;False;0.0
1.0;0.0;0.0;False;0.0
1.0;2.0;0.0;False;0.0
0.0;0.0;0.0;False;0.0
1.0;0.0;0.0;False;0.0
0.0;0.0;0.0;False;0.0
1.0;2.0;0.0;False;0.0
1.0;2.0;0.0;False;0.0
1.0;2.0;0.0;False;0.0
1.0;2.0;0.0;False;0.0
1.0;0.0;0.0;False;0.0
1.0;2.0;0.0;False;0.0
1.0;0.0;0.0;False;0.0
1.0;0.0;0.0;False;0.0
1.0;0.0;0.0;False;0.0
1.0;0.0;0.0;False;0.0
1.0;0.0;0.0;False;0.0
1.0;0.0;0.0;False;0.0
1.0;2.0;0.0;False;0.0
1.0;0.0;0.0;False;0.0
1.0;2.0;0.0;False;0.0
1.0;0.0;0.0;False;0.0
0.0;0.0;0.0;False;0.0
1.0;2.0;0.0;False;0.0
1.0;0.0;0.0;False;0.0
0.0;0.0;0.0;False;0.0
1.0;2.0;0.0;False;0.0
1.0;2.0;0.0;False;0.0
1.0;2.0;0.0;False;0.0
1.0;2.0;0.0;False;0.0
1.0;0.0;0.0;False;0.0
1.0;2.0;0.0;False;0.0
1.0;0.0;0.0;False;0.0
1.0;0.0;0.0;False;0.0
1.0;0.0;0.0;False;0.0
1.0;0.0;0.0;False;0.0
1.0;0.0;0.0;False;0.0
1.0;0.0;0.0;False;0.0
1.0;2.0;0.0;False;0.0
1.0;0.0;1.0;False;0.0
1.0;2.0;0.0;False;0.0
1.0;2.0;0.0;False;0.0
0.0;0.0;0.0;False;0.0
1.0;0.0;2.0;False;0.0
0.0;0.0;0.0;False;0.0
0.0;0.0;0.0;False;0.0
1.0;2.0;0.0;False;0.0
0.0;0.0;0.0;False;0.0
0.0;0.0;0.0;False;0.0
0.0;0.0;0.0;False;0.0
0.0;0.0;0.0;False;0.0
1.0;2.0;0.0;False;0.0
0.0;0.0;0.0;False;0.0
1.0;2.0;0.0;False;0.0
0.0;0.0;0.0;False;0.0
0.0;0.0;0.0;False;0.0
0.0;0.0;0.0;False;0.0
0.0;0.0;0.0;False;0.0
0.0;0.0;0.0;False;0.0
0.0;3.0;0.0;False;0.0
0.0;0.0;0.0;False;0.0
0.0;0.0;0.0;False;0.0
1.0;0.0;1.0;False;0.0
1.0;0.0;0.0;False;0.0
0.0;0.0;0.0;False;0.0
1.0;2.0;0.0;False;0.0
1.0;2.0;0.0;False;0.0
1.0;2.0;0.0;False;0.0
1.0;0.0;0.0;False;0.0
1.0;2.0;0.0;False;0.0
1.0;2.0;0.0;False;0.0
0.0;0.0;0.0;False;0.0
1.0;0.0;0.0;False;0.0
0.0;0.0;0.0;False;0.0
0.0;0.0;0.0;False;0.0
1.0;2.0;0.0;False;0.0
1.0;2.0;0.0;False;0.0
1.0;0.0;0.0;False;0.0
1.0;2.0;0.0;False;0.0
1.0;2.0;0.0;False;0.0
1.0;0.0;0.0;False;0.0
1.0;0.0;0.0;False;0.0
0.0;0.0;0.0;False;0.0
1.0;0.0;0.0;False;0.0
1.0;2.0;0.0;False;0.0
1.0;0.0;0.0;False;0.0
1.0;2.0;0.0;False;0.0
1.0;2.0;0.0;False;0.0
1.0;0.0;0.0;False;0.0
1.0;0.0;0.0;False;0.0
1.0;2.0;0.0;False;0.0
1.0;0.0;0.0;False;0.0
0.0;0.0;0.0;False;0.0
1.0;0.0;0.0;False;0.0
1.0;0.0;0.0;False;0.0
1.0;2.0;0.0;False;0.0
1.0;2.0;0.0;False;0.0
1.0;2.0;0.0;False;0.0
1.0;0.0;0.0;False;0.0
1.0;0.0;0.0;False;0.0
1.0;2.0;0.0;False;0.0
0.0;0.0;0.0;False;0.0
1.0;0.0;0.0;False;0.0
1.0;2.0;0.0;False;0.0
1.0;0.0;0.0;False;0.0
1.0;2.0;0.0;False;0.0
1.0;0.0;0.0;False;0.0
0.0;0.0;0.0;False;0.0
1.0;0.0;0.0;False;0.0
1.0;2.0;0.0;False;0.0
0.0;0.0;0.0;False;0.0
1.0;2.0;0.0;False;0.0
0.0;0.0;0.0;False;0.0
1.0;0.0;0.0;False;0.0
1.0;2.0;0.0;False;0.0
1.0;2.0;0.0;False;0.0
1.0;0.0;0.0;False;0.0
1.0;0.0;0.0;False;0.0
0.0;0.0;0.0;False;0.0
10.0;0.0;2.0;False;0.0
10.0;0.0;2.0;False;0.0
10.0;4.0;2.0;False;0.0
10.0;0.0;0.0;False;0.0
0.0;0.0;0.0;False;0.0
0.0;3.0;0.0;False;0.0
1.0;3.0;0.0;False;0.0
0.0;0.0;0.0;False;0.0
0.0;0.0;0.0;False;0.0
1.0;3.0;1.0;False;0.0
0.0;0.0;0.0;False;0.0
1.0;0.0;0.0;False;0.0
1.0;5.0;3.0;False;1.0
0.0;0.0;0.0;False;0.0
1.0;2.0;0.0;False;0.0
1.0;3.0;1.0;False;0.0
1.0;2.0;0.0;False;0.0
0.0;0.0;0.0;False;0.0
0.0;0.0;0.0;False;0.0
0.0;4.0;2.0;True;0.0
1.0;0.0;0.0;False;0.0
0.0;0.0;0.0;False;0.0
1.0;0.0;0.0;False;0.0
0.0;0.0;0.0;False;0.0
2.0;0.0;1.0;False;0.0
0.0;0.0;0.0;False;0.0
1.0;2.0;0.0;False;0.0
1.0;2.0;0.0;False;0.0
33.0;0.0;0.0;False;0.0
1.0;2.0;0.0;False;0.0
1.0;2.0;0.0;False;0.0
0.0;0.0;0.0;False;0.0
0.0;0.0;0.0;False;0.0
33.0;2.0;0.0;False;0.0
1.0;0.0;0.0;False;0.0
0.0;0.0;0.0;False;0.0
0.0;0.0;0.0;False;0.0
1.0;0.0;0.0;False;0.0
1.0;0.0;0.0;False;0.0
1.0;0.0;0.0;False;0.0
1.0;0.0;0.0;False;0.0
2.0;0.0;1.0;False;0.0
2.0;0.0;2.0;False;3.0
2.0;0.0;1.0;False;0.0
1.0;2.0;0.0;False;0.0
1.0;3.0;1.0;False;0.0
1.0;2.0;0.0;False;0.0
0.0;0.0;0.0;False;0.0
2.0;0.0;1.0;False;0.0
2.0;4.0;2.0;False;1.0
4.0;0.0;0.0;False;0.0
1.0;0.0;1.0;False;0.0
0.0;0.0;0.0;False;0.0
0.0;0.0;0.0;False;0.0
0.0;0.0;0.0;False;0.0
0.0;0.0;0.0;False;0.0
1.0;2.0;0.0;False;0.0
1.0;0.0;0.0;False;0.0
0.0;0.0;0.0;False;0.0
1.0;2.0;0.0;False;0.0
1.0;0.0;0.0;False;0.0
0.0;0.0;0.0;False;0.0
1.0;5.0;3.0;False;0.0
1.0;2.0;0.0;False;0.0
1.0;2.0;0.0;False;0.0
1.0;2.0;0.0;False;0.0
1.0;2.0;0.0;False;0.0
1.0;0.0;0.0;False;0.0
10.0;0.0;0.0;False;0.0
10.0;0.0;2.0;False;0.0
1.0;2.0;0.0;False;0.0
1.0;0.0;0.0;False;0.0
1.0;2.0;0.0;False;0.0
1.0;0.0;0.0;False;0.0
1.0;0.0;0.0;False;0.0
1.0;0.0;0.0;False;0.0
1.0;0.0;0.0;False;0.0
1.0;0.0;0.0;False;0.0
1.0;0.0;0.0;False;0.0
1.0;0.0;0.0;False;0.0
1.0;0.0;0.0;False;0.0
1.0;2.0;0.0;False;0.0
1.0;0.0;0.0;False;0.0
1.0;2.0;0.0;False;0.0
1.0;2.0;0.0;False;0.0
0.0;0.0;0.0;False;0.0
1.0;2.0;0.0;False;0.0
1.0;2.0;0.0;False;0.0
0.0;0.0;0.0;False;0.0
1.0;0.0;0.0;False;0.0
1.0;0.0;0.0;False;0.0
1.0;0.0;0.0;False;0.0
1.0;0.0;0.0;False;0.0
4.0;0.0;0.0;False;0.0
1.0;0.0;0.0;False;0.0
1.0;0.0;1.0;False;0.0
1.0;0.0;1.0;False;0.0
1.0;0.0;0.0;False;0.0
1.0;2.0;0.0;False;0.0
1.0;0.0;0.0;False;0.0
1.0;2.0;0.0;False;0.0
1.0;0.0;0.0;False;0.0
1.0;2.0;0.0;False;0.0
1.0;2.0;0.0;False;0.0
4.0;0.0;0.0;False;0.0
1.0;2.0;0.0;False;0.0
2.0;0.0;0.0;False;0.0
10.0;0.0;2.0;False;0.0
10.0;0.0;2.0;False;0.0
10.0;4.0;2.0;False;0.0
10.0;0.0;0.0;False;0.0
1.0;4.0;2.0;False;0.0
0.0;0.0;0.0;False;0.0
0.0;2.0;0.0;False;0.0
0.0;2.0;0.0;False;0.0
1.0;2.0;0.0;False;0.0
0.0;0.0;0.0;False;0.0
0.0;0.0;0.0;False;0.0
1.0;2.0;0.0;False;0.0
1.0;2.0;0.0;False;0.0
1.0;0.0;3.0;False;0.0
0.0;0.0;0.0;False;0.0
2.0;0.0;3.0;False;0.0
2.0;0.0;3.0;False;0.0
2.0;0.0;4.0;False;0.0
0.0;0.0;0.0;False;0.0
1.0;2.0;0.0;False;0.0
1.0;2.0;0.0;False;0.0
1.0;2.0;0.0;False;0.0
1.0;0.0;1.0;False;0.0
1.0;0.0;1.0;False;0.0
0.0;3.0;0.0;False;0.0
1.0;2.0;0.0;False;0.0
2.0;0.0;0.0;False;0.0
0.0;0.0;0.0;False;0.0
0.0;0.0;0.0;False;0.0
0.0;0.0;0.0;False;0.0
0.0;0.0;0.0;False;0.0
1.0;2.0;0.0;False;0.0
0.0;0.0;0.0;False;0.0
0.0;0.0;0.0;False;0.0
0.0;0.0;0.0;False;0.0
0.0;0.0;0.0;False;0.0
0.0;0.0;0.0;False;0.0
1.0;2.0;0.0;False;0.0
1.0;2.0;0.0;False;0.0
1.0;0.0;0.0;False;0.0
1.0;0.0;0.0;False;0.0
0.0;0.0;0.0;False;0.0
2.0;3.0;1.0;False;0.0
1.0;2.0;0.0;False;0.0
1.0;6.0;3.0;False;0.0
0.0;0.0;0.0;False;0.0
0.0;0.0;0.0;False;0.0
0.0;0.0;0.0;False;0.0
1.0;2.0;0.0;False;0.0
1.0;2.0;0.0;False;0.0
0.0;0.0;0.0;False;0.0
1.0;0.0;1.0;False;0.0
0.0;0.0;0.0;False;0.0
0.0;0.0;0.0;False;0.0
0.0;0.0;0.0;False;0.0
0.0;0.0;0.0;False;0.0
0.0;0.0;0.0;False;0.0
0.0;0.0;0.0;False;0.0
0.0;0.0;0.0;False;0.0
1.0;2.0;0.0;False;0.0
2.0;0.0;2.0;False;0.0
2.0;0.0;1.0;False;0.0
0.0;0.0;0.0;False;0.0
0.0;0.0;0.0;False;0.0
2.0;0.0;4.0;False;0.0
2.0;0.0;0.0;False;0.0
0.0;0.0;0.0;False;0.0
0.0;0.0;0.0;False;0.0
2.0;4.0;2.0;False;0.0
2.0;0.0;2.0;False;0.0
2.0;0.0;3.0;False;0.0
0.0;0.0;0.0;False;0.0
0.0;0.0;0.0;False;0.0
0.0;0.0;0.0;False;0.0
2.0;0.0;0.0;False;0.0
0.0;4.0;0.0;False;0.0
2.0;4.0;1.0;False;0.0
2.0;0.0;1.0;False;2.0
0.0;3.0;0.0;False;0.0
2.0;7.0;4.0;False;0.0
1.0;2.0;0.0;False;0.0
1.0;2.0;0.0;False;0.0
0.0;0.0;0.0;False;0.0
1.0;2.0;0.0;False;0.0
0.0;0.0;0.0;False;0.0
0.0;0.0;0.0;False;0.0
1.0;2.0;0.0;False;0.0
0.0;0.0;0.0;False;0.0
1.0;2.0;0.0;False;0.0
0.0;0.0;0.0;False;0.0
1.0;2.0;0.0;False;0.0
0.0;0.0;0.0;False;0.0
0.0;0.0;0.0;False;0.0
1.0;2.0;0.0;False;0.0
0.0;0.0;0.0;False;0.0
1.0;2.0;0.0;False;0.0
0.0;0.0;0.0;False;0.0
1.0;2.0;0.0;False;0.0
0.0;0.0;0.0;False;0.0
0.0;0.0;0.0;False;0.0
1.0;2.0;0.0;False;0.0
0.0;0.0;0.0;False;0.0
1.0;2.0;0.0;False;0.0
0.0;0.0;0.0;False;0.0
1.0;2.0;0.0;False;0.0
0.0;0.0;0.0;False;0.0
0.0;0.0;0.0;False;0.0
0.0;0.0;0.0;False;0.0
0.0;0.0;0.0;False;0.0
0.0;0.0;0.0;False;0.0
0.0;0.0;0.0;False;0.0
1.0;2.0;0.0;False;0.0
1.0;2.0;0.0;False;0.0
0.0;0.0;0.0;False;0.0
1.0;2.0;0.0;False;0.0
0.0;0.0;0.0;False;0.0
0.0;0.0;0.0;False;0.0
0.0;0.0;0.0;False;0.0
0.0;0.0;0.0;False;0.0
1.0;2.0;0.0;False;0.0
1.0;2.0;0.0;False;0.0
0.0;0.0;0.0;False;0.0
0.0;0.0;0.0;False;0.0
1.0;2.0;0.0;False;0.0
0.0;0.0;0.0;False;0.0
0.0;0.0;0.0;False;0.0
2.0;0.0;6.0;False;0.0
0.0;0.0;0.0;False;0.0
0.0;0.0;0.0;False;0.0
4.0;0.0;0.0;False;0.0
0.0;0.0;0.0;False;0.0
0.0;0.0;0.0;False;0.0
0.0;0.0;0.0;False;0.0
2.0;0.0;1.0;False;0.0
0.0;0.0;0.0;False;0.0
2.0;4.0;1.0;False;0.0
2.0;6.0;3.0;False;0.0
2.0;6.0;3.0;False;0.0
0.0;0.0;0.0;False;0.0
2.0;6.0;3.0;False;1.0
2.0;6.0;3.0;False;1.0
2.0;4.0;2.0;False;0.0
2.0;4.0;2.0;False;0.0
2.0;4.0;2.0;False;0.0
2.0;4.0;2.0;False;1.0
2.0;4.0;1.0;False;0.0
0.0;0.0;0.0;False;0.0
0.0;0.0;0.0;False;0.0
4.0;0.0;4.0;False;0.0
0.0;0.0;0.0;False;0.0
0.0;0.0;0.0;False;0.0
2.0;3.0;0.0;False;0.0
0.0;0.0;0.0;False;0.0
0.0;0.0;0.0;False;0.0
0.0;0.0;0.0;False;0.0
0.0;0.0;0.0;False;0.0
1.0;2.0;0.0;False;0.0
1.0;2.0;0.0;False;0.0
0.0;0.0;0.0;True;0.0
0.0;0.0;0.0;False;0.0
0.0;0.0;0.0;True;0.0
0.0;0.0;0.0;True;0.0
0.0;0.0;0.0;False;0.0
0.0;0.0;0.0;True;0.0
0.0;0.0;0.0;False;0.0
0.0;0.0;0.0;False;0.0
2.0;0.0;2.0;False;0.0
0.0;0.0;0.0;False;0.0
0.0;0.0;0.0;False;0.0
0.0;0.0;0.0;True;0.0
0.0;0.0;0.0;True;0.0
2.0;2.0;0.0;False;0.0
2.0;0.0;2.0;False;0.0
0.0;0.0;0.0;True;0.0
0.0;0.0;0.0;True;0.0
0.0;0.0;0.0;False;0.0
2.0;0.0;0.0;False;0.0
0.0;0.0;0.0;False;0.0
2.0;0.0;4.0;False;0.0
2.0;0.0;1.0;False;0.0
2.0;2.0;0.0;False;0.0
2.0;0.0;3.0;False;0.0
2.0;0.0;2.0;False;0.0
2.0;0.0;1.0;False;0.0
2.0;0.0;3.0;False;0.0
0.0;0.0;0.0;False;0.0
0.0;0.0;0.0;False;0.0
0.0;0.0;0.0;False;0.0
0.0;0.0;0.0;False;0.0
0.0;0.0;0.0;False;0.0
0.0;0.0;0.0;False;0.0
2.0;0.0;2.0;False;0.0
0.0;0.0;0.0;False;0.0
0.0;0.0;0.0;True;0.0
0.0;0.0;0.0;True;0.0
0.0;0.0;0.0;True;0.0
0.0;0.0;0.0;False;0.0
0.0;0.0;0.0;False;0.0
0.0;0.0;0.0;False;0.0
0.0;0.0;0.0;False;0.0
0.0;0.0;0.0;False;0.0
0.0;0.0;0.0;False;0.0
0.0;0.0;0.0;False;0.0
0.0;0.0;0.0;False;0.0
0.0;0.0;0.0;False;0.0
0.0;0.0;0.0;False;0.0
0.0;0.0;0.0;False;0.0
0.0;0.0;0.0;False;0.0
0.0;0.0;0.0;False;0.0
0.0;0.0;0.0;False;0.0
4.0;3.0;1.0;False;18.0
0.0;0.0;0.0;False;0.0
0.0;0.0;0.0;False;0.0
0.0;0.0;0.0;False;0.0
0.0;0.0;0.0;False;0.0
0.0;0.0;0.0;False;0.0
0.0;0.0;0.0;False;0.0
0.0;0.0;0.0;False;0.0
0.0;0.0;0.0;False;0.0
0.0;0.0;0.0;False;0.0
0.0;0.0;0.0;False;0.0
0.0;0.0;0.0;False;0.0
0.0;0.0;0.0;False;0.0
1.0;2.0;0.0;False;0.0
0.0;0.0;0.0;False;0.0
10.0;0.0;1.0;False;0.0
1.0;2.0;0.0;False;0.0
0.0;0.0;0.0;False;0.0
0.0;0.0;0.0;False;0.0
1.0;2.0;0.0;False;0.0
1.0;2.0;0.0;False;0.0
0.0;0.0;0.0;False;0.0
1.0;2.0;0.0;False;0.0
1.0;2.0;0.0;False;0.0
1.0;2.0;0.0;False;0.0
1.0;0.0;0.0;False;0.0
1.0;2.0;0.0;False;0.0
1.0;0.0;0.0;False;0.0
1.0;0.0;0.0;False;0.0
1.0;0.0;0.0;False;0.0
1.0;0.0;0.0;False;0.0
1.0;0.0;0.0;False;0.0
1.0;0.0;0.0;False;0.0
0.0;0.0;0.0;False;0.0
1.0;0.0;0.0;False;0.0
1.0;2.0;0.0;False;0.0
1.0;0.0;0.0;False;0.0
1.0;0.0;0.0;False;0.0
1.0;3.0;1.0;False;0.0
1.0;0.0;0.0;False;0.0
1.0;0.0;0.0;False;0.0
1.0;2.0;0.0;False;0.0
0.0;0.0;0.0;False;0.0
1.0;0.0;0.0;False;0.0
1.0;2.0;0.0;False;0.0
1.0;0.0;0.0;False;0.0
1.0;2.0;0.0;False;0.0
1.0;4.0;2.0;False;1.0
10.0;0.0;0.0;False;0.0
10.0;0.0;0.0;False;0.0
10.0;0.0;1.0;False;1.0
2.0;0.0;1.0;False;0.0
1.0;2.0;0.0;False;0.0
1.0;2.0;0.0;False;0.0
1.0;2.0;0.0;False;0.0
1.0;2.0;0.0;False;0.0
1.0;2.0;0.0;False;0.0
1.0;2.0;0.0;False;0.0
1.0;2.0;0.0;False;0.0
1.0;2.0;0.0;False;0.0
10.0;0.0;0.0;False;0.0
10.0;0.0;0.0;False;0.0
10.0;0.0;1.0;False;1.0
1.0;2.0;0.0;False;0.0
0.0;0.0;0.0;False;0.0
0.0;0.0;0.0;False;0.0
0.0;0.0;0.0;False;0.0
1.0;2.0;0.0;False;0.0
1.0;2.0;0.0;False;0.0
1.0;2.0;0.0;False;0.0
1.0;2.0;0.0;False;0.0
10.0;0.0;0.0;False;1.0
1.0;2.0;0.0;False;0.0
1.0;2.0;0.0;False;0.0
1.0;2.0;0.0;False;0.0
1.0;2.0;0.0;False;0.0
1.0;2.0;0.0;False;0.0
0.0;0.0;0.0;False;0.0
0.0;0.0;0.0;False;0.0
10.0;0.0;0.0;False;1.0
0.0;0.0;0.0;False;0.0
1.0;3.0;1.0;False;0.0
1.0;2.0;0.0;False;0.0
1.0;2.0;0.0;False;0.0
1.0;2.0;0.0;False;0.0
1.0;2.0;0.0;False;0.0
1.0;2.0;0.0;False;0.0
1.0;2.0;0.0;False;0.0
1.0;3.0;1.0;False;0.0
1.0;2.0;0.0;False;0.0
1.0;2.0;0.0;False;0.0
1.0;2.0;0.0;False;0.0
1.0;2.0;0.0;False;0.0
1.0;2.0;0.0;False;0.0
1.0;2.0;0.0;False;0.0
1.0;2.0;0.0;False;0.0
1.0;2.0;0.0;False;0.0
1.0;3.0;1.0;False;0.0
1.0;2.0;0.0;False;0.0
1.0;2.0;0.0;False;2.0
1.0;2.0;0.0;False;3.0
1.0;2.0;0.0;False;0.0
1.0;2.0;0.0;False;2.0
1.0;2.0;0.0;False;0.0
1.0;2.0;0.0;False;0.0
1.0;2.0;0.0;False;0.0
1.0;2.0;0.0;False;0.0
1.0;2.0;0.0;False;0.0
1.0;2.0;0.0;False;0.0
1.0;2.0;0.0;False;0.0
1.0;2.0;0.0;False;0.0
0.0;0.0;0.0;False;0.0
0.0;0.0;0.0;False;0.0
1.0;0.0;0.0;False;0.0
0.0;0.0;0.0;False;0.0
1.0;2.0;0.0;False;0.0
1.0;2.0;0.0;False;0.0
1.0;2.0;0.0;False;0.0
0.0;0.0;0.0;False;0.0
1.0;4.0;2.0;False;1.0
0.0;0.0;0.0;False;0.0
0.0;0.0;0.0;False;0.0
0.0;0.0;0.0;False;0.0
1.0;2.0;0.0;False;0.0
1.0;0.0;0.0;False;0.0
1.0;0.0;0.0;False;0.0
1.0;0.0;0.0;False;0.0
0.0;0.0;0.0;False;0.0
1.0;2.0;0.0;False;0.0
1.0;2.0;0.0;False;0.0
1.0;2.0;0.0;False;0.0
1.0;2.0;0.0;False;0.0
0.0;0.0;0.0;False;0.0
0.0;0.0;0.0;False;0.0
0.0;3.0;0.0;False;0.0
0.0;0.0;0.0;False;0.0
0.0;0.0;0.0;False;0.0
1.0;3.0;0.0;False;0.0
1.0;0.0;0.0;False;0.0
0.0;0.0;0.0;False;0.0
1.0;0.0;0.0;False;0.0
1.0;3.0;0.0;False;0.0
1.0;0.0;0.0;False;0.0
1.0;0.0;0.0;False;0.0
1.0;3.0;0.0;False;0.0
1.0;3.0;0.0;False;0.0
0.0;0.0;0.0;False;0.0
0.0;0.0;0.0;False;0.0
1.0;3.0;0.0;False;0.0
1.0;0.0;0.0;False;0.0
0.0;0.0;0.0;False;0.0
1.0;0.0;0.0;False;0.0
1.0;0.0;0.0;False;0.0
0.0;0.0;0.0;False;0.0
0.0;0.0;0.0;False;0.0
0.0;0.0;0.0;False;0.0
0.0;0.0;0.0;False;0.0
0.0;0.0;0.0;False;0.0
0.0;0.0;0.0;False;0.0
0.0;0.0;0.0;False;0.0
0.0;0.0;0.0;False;0.0
1.0;0.0;0.0;False;0.0
0.0;0.0;0.0;False;0.0
1.0;0.0;0.0;False;0.0
0.0;0.0;0.0;False;0.0
0.0;0.0;0.0;False;0.0
0.0;0.0;0.0;False;0.0
1.0;2.0;0.0;False;0.0
1.0;2.0;0.0;False;0.0
1.0;2.0;0.0;False;0.0
1.0;0.0;0.0;False;0.0
1.0;0.0;0.0;False;0.0
0.0;0.0;0.0;False;0.0
0.0;0.0;0.0;False;0.0
0.0;0.0;0.0;False;0.0
0.0;0.0;0.0;False;0.0
0.0;0.0;0.0;False;0.0
0.0;0.0;0.0;False;0.0
0.0;0.0;0.0;False;0.0
0.0;0.0;0.0;False;0.0
1.0;0.0;0.0;False;0.0
1.0;0.0;0.0;False;0.0
1.0;2.0;0.0;False;1.0
1.0;2.0;0.0;False;0.0
0.0;0.0;0.0;False;0.0
0.0;0.0;0.0;False;0.0
1.0;0.0;0.0;False;0.0
1.0;2.0;0.0;False;2.0
1.0;2.0;0.0;False;0.0
1.0;2.0;0.0;False;0.0
1.0;0.0;0.0;False;0.0
1.0;2.0;0.0;False;2.0
0.0;0.0;0.0;False;0.0
1.0;2.0;0.0;False;0.0
1.0;2.0;0.0;False;0.0
1.0;2.0;0.0;False;0.0
1.0;2.0;0.0;False;0.0
1.0;2.0;0.0;False;0.0
1.0;2.0;0.0;False;0.0
1.0;2.0;0.0;False;0.0
1.0;2.0;0.0;False;0.0
1.0;2.0;0.0;False;0.0
0.0;0.0;0.0;False;0.0
0.0;0.0;0.0;False;0.0
0.0;0.0;0.0;False;0.0
0.0;0.0;0.0;False;0.0
0.0;0.0;0.0;False;0.0
0.0;0.0;0.0;False;0.0
0.0;0.0;0.0;False;0.0
0.0;0.0;0.0;False;0.0
0.0;0.0;0.0;False;0.0
0.0;0.0;0.0;False;0.0
0.0;0.0;0.0;False;0.0
0.0;0.0;0.0;False;0.0
0.0;0.0;0.0;False;0.0
0.0;0.0;0.0;False;0.0
0.0;0.0;0.0;False;0.0
0.0;0.0;0.0;False;0.0
1.0;3.0;0.0;False;0.0
0.0;3.0;0.0;False;0.0
0.0;3.0;0.0;False;0.0
1.0;3.0;0.0;False;0.0
1.0;3.0;0.0;False;0.0
0.0;3.0;0.0;False;0.0
0.0;3.0;0.0;False;0.0
1.0;3.0;0.0;False;0.0
1.0;2.0;0.0;False;0.0
1.0;4.0;2.0;False;1.0
0.0;0.0;0.0;False;0.0
1.0;2.0;0.0;False;0.0
1.0;4.0;0.0;False;0.0
0.0;0.0;0.0;False;0.0
1.0;2.0;0.0;False;0.0
1.0;4.0;0.0;False;0.0
0.0;0.0;0.0;False;0.0
1.0;2.0;0.0;False;0.0
1.0;4.0;0.0;False;0.0
0.0;0.0;0.0;False;0.0
0.0;0.0;0.0;False;0.0
0.0;0.0;0.0;False;0.0
1.0;2.0;0.0;False;2.0
1.0;2.0;0.0;False;0.0
1.0;2.0;0.0;False;1.0
0.0;0.0;0.0;False;0.0
0.0;0.0;0.0;False;0.0
0.0;0.0;0.0;False;0.0
0.0;0.0;0.0;False;0.0
1.0;3.0;1.0;False;0.0
1.0;2.0;0.0;False;0.0
1.0;2.0;0.0;False;0.0
1.0;2.0;0.0;False;0.0
1.0;2.0;0.0;False;0.0
1.0;2.0;0.0;False;0.0
1.0;2.0;0.0;False;0.0
1.0;2.0;0.0;False;0.0
0.0;0.0;0.0;False;0.0
1.0;2.0;0.0;False;0.0
1.0;2.0;0.0;False;0.0
1.0;2.0;0.0;False;0.0
1.0;2.0;0.0;False;0.0
1.0;2.0;0.0;False;0.0
1.0;2.0;0.0;False;0.0
1.0;2.0;0.0;False;0.0
1.0;2.0;0.0;False;0.0
0.0;0.0;0.0;False;0.0
4.0;0.0;0.0;False;0.0
0.0;0.0;0.0;False;0.0
0.0;0.0;0.0;False;0.0
4.0;0.0;0.0;False;1.0
0.0;0.0;0.0;False;0.0
0.0;0.0;0.0;False;0.0
0.0;0.0;0.0;False;0.0
0.0;0.0;0.0;False;0.0
0.0;0.0;0.0;False;0.0
0.0;0.0;0.0;False;0.0
0.0;0.0;0.0;False;0.0
0.0;0.0;0.0;False;0.0
0.0;0.0;0.0;False;0.0
0.0;0.0;0.0;False;0.0
0.0;0.0;0.0;False;0.0
0.0;0.0;0.0;False;0.0
0.0;0.0;0.0;False;0.0
0.0;0.0;0.0;False;0.0
0.0;0.0;0.0;False;0.0
0.0;0.0;0.0;False;0.0
0.0;0.0;0.0;False;0.0
1.0;2.0;0.0;False;0.0
1.0;2.0;0.0;False;0.0
1.0;2.0;0.0;False;0.0
0.0;0.0;0.0;False;0.0
1.0;2.0;0.0;False;1.0
0.0;0.0;0.0;False;0.0
1.0;2.0;0.0;False;0.0
1.0;0.0;0.0;False;0.0
1.0;2.0;0.0;False;1.0
0.0;0.0;0.0;False;0.0
0.0;0.0;0.0;False;0.0
1.0;2.0;0.0;False;0.0
1.0;2.0;0.0;False;0.0
0.0;0.0;0.0;False;0.0
0.0;0.0;0.0;False;0.0
1.0;2.0;0.0;False;0.0
1.0;2.0;0.0;False;0.0
1.0;2.0;0.0;False;0.0
1.0;2.0;0.0;False;0.0
1.0;2.0;0.0;False;0.0
1.0;2.0;0.0;False;0.0
1.0;2.0;0.0;False;0.0
1.0;2.0;0.0;False;0.0
1.0;2.0;0.0;False;0.0
1.0;2.0;0.0;False;0.0
1.0;2.0;0.0;False;0.0
1.0;2.0;0.0;False;0.0
1.0;2.0;0.0;False;0.0
1.0;2.0;0.0;False;0.0
1.0;2.0;0.0;False;0.0
1.0;3.0;0.0;False;0.0
1.0;3.0;0.0;False;0.0
1.0;3.0;0.0;False;0.0
1.0;3.0;0.0;False;0.0
0.0;3.0;0.0;False;0.0
1.0;3.0;0.0;False;0.0
1.0;3.0;0.0;False;0.0
1.0;3.0;0.0;False;0.0
1.0;2.0;0.0;False;0.0
1.0;2.0;0.0;False;0.0
1.0;2.0;0.0;False;0.0
1.0;2.0;0.0;False;0.0
1.0;2.0;0.0;False;0.0
1.0;2.0;0.0;False;0.0
1.0;2.0;0.0;False;0.0
0.0;0.0;0.0;False;0.0
1.0;2.0;0.0;False;0.0
1.0;2.0;0.0;False;0.0
1.0;0.0;0.0;False;0.0
0.0;0.0;0.0;False;0.0
0.0;0.0;0.0;False;0.0
1.0;0.0;0.0;False;0.0
1.0;4.0;2.0;False;1.0
0.0;0.0;0.0;False;0.0
1.0;2.0;0.0;False;0.0
1.0;2.0;0.0;False;0.0
1.0;0.0;0.0;False;0.0
0.0;0.0;0.0;False;0.0
0.0;0.0;0.0;False;0.0
0.0;0.0;0.0;False;0.0
0.0;0.0;0.0;False;0.0
0.0;0.0;0.0;False;0.0
0.0;0.0;0.0;False;0.0
2.0;0.0;1.0;False;0.0
0.0;0.0;2.0;False;0.0
0.0;0.0;0.0;False;0.0
0.0;0.0;0.0;False;0.0
0.0;0.0;0.0;False;0.0
0.0;0.0;0.0;False;0.0
1.0;0.0;2.0;False;2.0
2.0;0.0;0.0;False;0.0
2.0;0.0;0.0;False;0.0
0.0;0.0;0.0;False;0.0
2.0;0.0;0.0;False;0.0
0.0;0.0;0.0;False;0.0
0.0;0.0;0.0;False;0.0
0.0;0.0;0.0;False;0.0
1.0;2.0;0.0;False;0.0
1.0;2.0;0.0;False;0.0
0.0;0.0;0.0;False;0.0
0.0;0.0;0.0;False;0.0
1.0;0.0;0.0;False;0.0
0.0;0.0;0.0;False;0.0
0.0;0.0;0.0;False;0.0
0.0;0.0;0.0;False;0.0
0.0;0.0;0.0;False;0.0
0.0;0.0;0.0;False;0.0
0.0;0.0;0.0;False;0.0
0.0;0.0;0.0;False;0.0
0.0;0.0;0.0;False;0.0
0.0;0.0;0.0;False;0.0
1.0;2.0;0.0;False;0.0
1.0;2.0;0.0;False;0.0
1.0;0.0;0.0;False;0.0
1.0;0.0;0.0;False;0.0
0.0;0.0;0.0;False;0.0
0.0;0.0;0.0;False;0.0
0.0;0.0;0.0;False;0.0
1.0;0.0;0.0;False;0.0
1.0;2.0;0.0;False;0.0
1.0;4.0;2.0;False;1.0
0.0;0.0;0.0;False;0.0
1.0;2.0;0.0;False;0.0
1.0;2.0;0.0;False;0.0
0.0;0.0;0.0;False;0.0
1.0;2.0;0.0;False;0.0
1.0;2.0;0.0;False;0.0
1.0;0.0;0.0;False;0.0
1.0;0.0;0.0;False;0.0
0.0;0.0;0.0;False;0.0
1.0;2.0;0.0;False;0.0
1.0;2.0;0.0;False;0.0
0.0;0.0;0.0;False;0.0
1.0;2.0;0.0;False;0.0
1.0;2.0;0.0;False;0.0
0.0;0.0;0.0;False;0.0
1.0;2.0;0.0;False;0.0
1.0;2.0;0.0;False;0.0
0.0;0.0;0.0;False;0.0
4.0;0.0;1.0;False;0.0
0.0;0.0;0.0;False;0.0
4.0;0.0;0.0;False;0.0
1.0;0.0;0.0;False;0.0
4.0;0.0;2.0;False;0.0
1.0;0.0;0.0;False;0.0
4.0;0.0;0.0;True;0.0
4.0;0.0;4.0;False;0.0
0.0;0.0;0.0;False;0.0
0.0;0.0;0.0;False;0.0
2.0;0.0;0.0;False;0.0
0.0;0.0;0.0;False;0.0
1.0;0.0;0.0;False;0.0
1.0;0.0;0.0;False;0.0
2.0;0.0;0.0;False;0.0
0.0;0.0;0.0;False;0.0
0.0;0.0;0.0;False;0.0
1.0;0.0;0.0;False;0.0
1.0;0.0;1.0;False;0.0
0.0;0.0;0.0;False;0.0
1.0;0.0;1.0;False;0.0
0.0;0.0;0.0;False;0.0
0.0;0.0;0.0;False;0.0
1.0;0.0;1.0;False;0.0
2.0;0.0;0.0;False;0.0
4.0;0.0;1.0;False;1.0
1.0;0.0;1.0;False;0.0
0.0;0.0;0.0;False;0.0
4.0;0.0;3.0;False;0.0
2.0;0.0;0.0;False;1.0
0.0;0.0;0.0;False;0.0
1.0;0.0;1.0;False;0.0
0.0;0.0;0.0;False;0.0
0.0;0.0;0.0;False;0.0
10.0;0.0;0.0;True;0.0
0.0;0.0;0.0;False;0.0
9.0;2.0;0.0;False;0.0
1.0;0.0;0.0;False;0.0
1.0;0.0;0.0;False;0.0
1.0;0.0;0.0;False;0.0
0.0;0.0;0.0;False;0.0
0.0;0.0;0.0;False;0.0
0.0;0.0;0.0;False;0.0
4.0;2.0;0.0;False;0.0
1.0;0.0;0.0;False;0.0
0.0;0.0;0.0;False;0.0
0.0;0.0;0.0;False;0.0
0.0;0.0;0.0;False;0.0
0.0;0.0;0.0;False;0.0
0.0;0.0;0.0;False;0.0
0.0;0.0;0.0;False;0.0
0.0;0.0;0.0;False;0.0
0.0;0.0;0.0;False;0.0
1.0;2.0;0.0;False;0.0
1.0;2.0;0.0;False;0.0
0.0;0.0;0.0;False;0.0
0.0;0.0;0.0;False;0.0
0.0;0.0;0.0;False;0.0
0.0;0.0;0.0;False;0.0
0.0;0.0;0.0;False;0.0
0.0;0.0;0.0;False;0.0
0.0;0.0;0.0;False;0.0
0.0;0.0;0.0;False;0.0
0.0;0.0;0.0;False;0.0
0.0;0.0;0.0;False;0.0
0.0;0.0;0.0;False;0.0
0.0;0.0;0.0;False;0.0
0.0;0.0;0.0;False;0.0
0.0;0.0;0.0;False;0.0
0.0;0.0;0.0;False;0.0
0.0;0.0;0.0;False;0.0
0.0;0.0;0.0;False;0.0
0.0;0.0;0.0;False;0.0
0.0;0.0;0.0;False;0.0
0.0;0.0;0.0;False;0.0
0.0;0.0;0.0;False;0.0
0.0;0.0;0.0;False;0.0
0.0;3.0;0.0;False;0.0
0.0;0.0;0.0;False;0.0
0.0;3.0;0.0;False;0.0
0.0;3.0;0.0;False;0.0
0.0;0.0;0.0;False;0.0
0.0;0.0;0.0;False;0.0
0.0;0.0;0.0;False;0.0
0.0;0.0;0.0;False;0.0
0.0;0.0;0.0;False;0.0
0.0;0.0;0.0;False;0.0
0.0;0.0;0.0;False;0.0
0.0;0.0;0.0;False;0.0
1.0;0.0;0.0;False;0.0
0.0;0.0;0.0;False;0.0
4.0;2.0;0.0;False;0.0
4.0;2.0;0.0;False;0.0
0.0;0.0;0.0;False;0.0
0.0;0.0;0.0;False;0.0
1.0;0.0;0.0;False;0.0
1.0;2.0;0.0;False;0.0
0.0;0.0;0.0;False;0.0
4.0;2.0;0.0;False;0.0
4.0;2.0;0.0;False;0.0
0.0;0.0;0.0;False;0.0
0.0;0.0;0.0;False;0.0
1.0;0.0;0.0;False;0.0
1.0;2.0;0.0;False;0.0
1.0;0.0;0.0;False;0.0
0.0;0.0;0.0;False;0.0
1.0;2.0;0.0;False;1.0
0.0;0.0;0.0;False;0.0
1.0;2.0;0.0;False;1.0
1.0;2.0;0.0;False;1.0
1.0;2.0;0.0;False;1.0
1.0;2.0;0.0;False;1.0
0.0;0.0;0.0;False;0.0
0.0;0.0;0.0;False;0.0
0.0;0.0;0.0;False;0.0
1.0;2.0;0.0;False;0.0
1.0;2.0;0.0;False;0.0
1.0;0.0;0.0;False;0.0
0.0;0.0;0.0;True;0.0
0.0;0.0;0.0;True;0.0
0.0;0.0;0.0;True;0.0
0.0;0.0;0.0;False;0.0
0.0;0.0;0.0;False;0.0
1.0;2.0;0.0;False;0.0
1.0;0.0;0.0;False;0.0
1.0;0.0;0.0;False;0.0
9.0;0.0;0.0;False;0.0
9.0;0.0;0.0;False;0.0
0.0;0.0;0.0;False;0.0
0.0;0.0;0.0;False;0.0
0.0;0.0;0.0;True;0.0
0.0;0.0;0.0;True;0.0
0.0;0.0;0.0;False;0.0
1.0;0.0;0.0;False;0.0
0.0;0.0;0.0;False;0.0
1.0;0.0;0.0;False;0.0
1.0;0.0;0.0;False;0.0
1.0;0.0;0.0;False;0.0
0.0;0.0;0.0;True;0.0
0.0;0.0;0.0;False;0.0
0.0;0.0;0.0;True;0.0
0.0;0.0;0.0;False;0.0
0.0;0.0;0.0;False;0.0
0.0;0.0;0.0;False;0.0
1.0;0.0;0.0;False;0.0
1.0;2.0;0.0;False;0.0
1.0;0.0;0.0;False;0.0
1.0;2.0;0.0;False;0.0
1.0;0.0;0.0;False;0.0
1.0;2.0;0.0;False;0.0
1.0;2.0;0.0;False;0.0
0.0;0.0;0.0;False;0.0
0.0;0.0;0.0;False;0.0
1.0;0.0;0.0;False;0.0
1.0;0.0;0.0;False;0.0
1.0;2.0;0.0;False;0.0
0.0;0.0;0.0;False;0.0
1.0;0.0;0.0;False;0.0
0.0;0.0;0.0;False;0.0
1.0;2.0;0.0;False;0.0
1.0;2.0;0.0;False;0.0
1.0;2.0;0.0;False;0.0
1.0;0.0;0.0;False;0.0
0.0;0.0;0.0;False;0.0
1.0;0.0;0.0;False;0.0
1.0;2.0;0.0;False;0.0
1.0;3.0;1.0;False;9.0
1.0;3.0;1.0;False;9.0
1.0;3.0;1.0;False;9.0
0.0;0.0;0.0;False;0.0
1.0;2.0;0.0;False;0.0
1.0;2.0;0.0;False;0.0
1.0;0.0;0.0;False;0.0
0.0;0.0;0.0;False;0.0
0.0;0.0;0.0;False;0.0
0.0;0.0;0.0;False;0.0
1.0;2.0;0.0;False;0.0
1.0;0.0;0.0;False;0.0
1.0;0.0;0.0;False;0.0
1.0;2.0;0.0;False;0.0
0.0;0.0;0.0;False;0.0
0.0;0.0;0.0;False;0.0
4.0;0.0;0.0;False;0.0
1.0;0.0;1.0;False;0.0
1.0;2.0;0.0;False;0.0
0.0;0.0;0.0;False;0.0
0.0;0.0;0.0;False;0.0
1.0;0.0;1.0;False;0.0
9.0;2.0;0.0;False;0.0
9.0;0.0;2.0;False;0.0
10.0;3.0;1.0;False;0.0
0.0;0.0;0.0;False;0.0
0.0;0.0;0.0;False;0.0
0.0;0.0;0.0;False;0.0
1.0;2.0;0.0;False;0.0
1.0;2.0;0.0;False;0.0
0.0;3.0;0.0;False;0.0
0.0;0.0;0.0;False;0.0
1.0;0.0;0.0;False;0.0
1.0;2.0;0.0;False;0.0
1.0;2.0;0.0;False;0.0
1.0;2.0;0.0;False;0.0
1.0;2.0;0.0;False;0.0
0.0;0.0;0.0;False;0.0
1.0;2.0;0.0;False;0.0
1.0;2.0;0.0;False;0.0
1.0;2.0;0.0;False;0.0
1.0;2.0;0.0;False;0.0
1.0;2.0;0.0;False;0.0
1.0;2.0;0.0;False;0.0
0.0;0.0;0.0;False;0.0
1.0;2.0;0.0;False;1.0
1.0;2.0;0.0;False;0.0
0.0;0.0;0.0;False;0.0
0.0;0.0;0.0;False;0.0
1.0;4.0;2.0;False;0.0
0.0;0.0;0.0;False;0.0
0.0;0.0;0.0;True;0.0
1.0;2.0;0.0;False;0.0
1.0;2.0;0.0;False;0.0
0.0;0.0;0.0;False;0.0
2.0;0.0;0.0;False;1.0
1.0;0.0;0.0;False;0.0
0.0;0.0;0.0;False;0.0
1.0;0.0;1.0;False;0.0
0.0;0.0;0.0;False;0.0
0.0;0.0;0.0;False;0.0
1.0;0.0;1.0;False;0.0
2.0;0.0;3.0;False;0.0
0.0;0.0;0.0;False;0.0
0.0;0.0;0.0;False;0.0
0.0;0.0;0.0;False;0.0
0.0;0.0;0.0;False;0.0
0.0;0.0;0.0;False;0.0
0.0;0.0;0.0;False;0.0
0.0;0.0;0.0;False;0.0
0.0;6.0;0.0;False;0.0
0.0;0.0;0.0;False;0.0
0.0;0.0;0.0;False;0.0
0.0;0.0;0.0;False;0.0
0.0;0.0;0.0;False;0.0
1.0;0.0;0.0;False;0.0
0.0;0.0;0.0;False;0.0
0.0;0.0;0.0;False;0.0
4.0;0.0;1.0;False;0.0
1.0;2.0;0.0;False;0.0
1.0;2.0;0.0;False;0.0
1.0;0.0;1.0;False;0.0
1.0;0.0;0.0;False;0.0
0.0;0.0;0.0;False;0.0
0.0;0.0;0.0;False;0.0
0.0;0.0;0.0;False;0.0
0.0;0.0;0.0;False;0.0
0.0;0.0;0.0;False;0.0
0.0;0.0;0.0;False;0.0
1.0;2.0;0.0;False;0.0
1.0;2.0;0.0;False;0.0
1.0;2.0;0.0;False;0.0
1.0;2.0;0.0;False;0.0
1.0;2.0;0.0;False;0.0
0.0;0.0;0.0;False;0.0
1.0;2.0;0.0;False;0.0
0.0;0.0;0.0;False;0.0
1.0;2.0;0.0;False;0.0
1.0;2.0;0.0;False;0.0
1.0;2.0;0.0;False;0.0
1.0;2.0;0.0;False;0.0
2.0;3.0;1.0;False;0.0
1.0;2.0;0.0;False;0.0
1.0;2.0;0.0;False;0.0
1.0;2.0;0.0;False;0.0
0.0;0.0;0.0;False;0.0
2.0;0.0;1.0;False;1.0
2.0;0.0;2.0;False;0.0
0.0;0.0;0.0;False;0.0
0.0;0.0;0.0;False;0.0
2.0;0.0;0.0;False;0.0
0.0;0.0;0.0;False;0.0
1.0;0.0;0.0;False;0.0
1.0;0.0;0.0;False;0.0
1.0;0.0;0.0;False;0.0
1.0;0.0;0.0;False;0.0
1.0;0.0;0.0;False;0.0
1.0;0.0;1.0;False;2.0
1.0;0.0;0.0;False;0.0
1.0;0.0;1.0;False;0.0
0.0;0.0;0.0;False;0.0
1.0;0.0;0.0;False;0.0
1.0;0.0;0.0;False;0.0
1.0;0.0;0.0;False;0.0
1.0;0.0;1.0;False;0.0
1.0;0.0;0.0;False;0.0
1.0;0.0;0.0;False;0.0
1.0;0.0;0.0;False;0.0
1.0;0.0;0.0;False;0.0
0.0;0.0;0.0;False;0.0
0.0;0.0;0.0;False;0.0
4.0;0.0;1.0;False;0.0
1.0;2.0;0.0;False;0.0
0.0;0.0;0.0;False;0.0
1.0;0.0;0.0;False;0.0
0.0;0.0;0.0;False;0.0
1.0;2.0;0.0;False;0.0
1.0;2.0;0.0;False;0.0
1.0;2.0;0.0;False;0.0
1.0;2.0;0.0;False;0.0
1.0;4.0;2.0;False;1.0
1.0;2.0;0.0;False;0.0
1.0;2.0;0.0;False;0.0
1.0;2.0;0.0;False;0.0
1.0;2.0;0.0;False;0.0
1.0;2.0;0.0;False;0.0
1.0;2.0;0.0;False;0.0
1.0;2.0;0.0;False;0.0
1.0;2.0;0.0;False;0.0
1.0;2.0;0.0;False;0.0
1.0;2.0;0.0;False;0.0
1.0;2.0;0.0;False;0.0
0.0;0.0;0.0;False;0.0
1.0;2.0;0.0;False;0.0
1.0;2.0;0.0;False;0.0
0.0;0.0;0.0;False;0.0
1.0;2.0;0.0;False;0.0
1.0;2.0;0.0;False;0.0
1.0;0.0;0.0;False;0.0
0.0;0.0;0.0;False;0.0
0.0;0.0;0.0;False;0.0
1.0;0.0;1.0;False;0.0
0.0;0.0;0.0;False;0.0
0.0;0.0;0.0;False;0.0
0.0;0.0;0.0;False;0.0
1.0;0.0;1.0;False;0.0
1.0;0.0;1.0;False;0.0
1.0;0.0;2.0;False;0.0
1.0;0.0;1.0;False;0.0
0.0;0.0;0.0;False;0.0
0.0;0.0;0.0;False;0.0
0.0;0.0;0.0;False;0.0
0.0;0.0;0.0;False;0.0
0.0;4.0;0.0;False;0.0
0.0;0.0;0.0;False;0.0
0.0;0.0;0.0;False;0.0
0.0;0.0;0.0;False;0.0
0.0;0.0;0.0;False;0.0
0.0;0.0;0.0;False;0.0
1.0;0.0;1.0;False;0.0
1.0;0.0;1.0;False;0.0
1.0;0.0;2.0;False;0.0
1.0;0.0;1.0;False;0.0
0.0;0.0;0.0;False;0.0
0.0;0.0;0.0;False;0.0
0.0;0.0;0.0;False;0.0
0.0;0.0;0.0;False;0.0
0.0;4.0;0.0;False;0.0
0.0;0.0;0.0;False;0.0
0.0;0.0;0.0;False;0.0
0.0;0.0;0.0;False;0.0
0.0;0.0;0.0;False;0.0
0.0;0.0;0.0;False;0.0
1.0;0.0;1.0;False;0.0
1.0;0.0;1.0;False;0.0
1.0;0.0;2.0;False;0.0
1.0;0.0;1.0;False;0.0
0.0;0.0;0.0;False;0.0
0.0;0.0;0.0;False;0.0
0.0;0.0;0.0;False;0.0
0.0;0.0;0.0;False;0.0
0.0;4.0;0.0;False;0.0
0.0;0.0;0.0;False;0.0
0.0;0.0;0.0;False;0.0
0.0;0.0;0.0;False;0.0
0.0;0.0;0.0;False;0.0
0.0;0.0;0.0;False;0.0
1.0;0.0;1.0;False;0.0
1.0;0.0;1.0;False;0.0
1.0;0.0;2.0;False;0.0
1.0;0.0;1.0;False;0.0
0.0;0.0;0.0;False;0.0
0.0;0.0;0.0;False;0.0
0.0;0.0;0.0;False;0.0
0.0;0.0;0.0;False;0.0
0.0;4.0;0.0;False;0.0
0.0;0.0;0.0;False;0.0
0.0;0.0;0.0;False;0.0
1.0;2.0;0.0;False;0.0
0.0;0.0;0.0;False;0.0
0.0;0.0;0.0;False;0.0
1.0;0.0;0.0;False;0.0
1.0;0.0;0.0;False;0.0
1.0;0.0;0.0;False;0.0
1.0;0.0;0.0;False;0.0
0.0;0.0;0.0;False;0.0
0.0;0.0;0.0;False;0.0
0.0;0.0;0.0;False;0.0
0.0;0.0;0.0;False;0.0
0.0;3.0;0.0;False;0.0
0.0;0.0;0.0;False;0.0
0.0;3.0;0.0;False;0.0
0.0;3.0;0.0;False;0.0
0.0;0.0;0.0;False;0.0
0.0;0.0;0.0;False;0.0
0.0;3.0;0.0;False;0.0
0.0;0.0;0.0;False;0.0
0.0;3.0;0.0;False;0.0
0.0;3.0;0.0;False;0.0
0.0;0.0;0.0;False;0.0
0.0;0.0;0.0;False;0.0
1.0;0.0;0.0;False;0.0
1.0;0.0;0.0;False;0.0
1.0;0.0;0.0;False;0.0
1.0;0.0;0.0;False;0.0
0.0;0.0;0.0;False;0.0
0.0;0.0;0.0;False;0.0
0.0;0.0;0.0;False;0.0
0.0;0.0;0.0;False;0.0
0.0;3.0;0.0;False;0.0
0.0;0.0;0.0;False;0.0
0.0;3.0;0.0;False;0.0
0.0;3.0;0.0;False;0.0
0.0;0.0;0.0;False;0.0
0.0;0.0;0.0;False;0.0
1.0;0.0;0.0;False;0.0
1.0;0.0;0.0;False;0.0
1.0;0.0;0.0;False;0.0
1.0;0.0;0.0;False;0.0
0.0;0.0;0.0;False;0.0
0.0;0.0;0.0;False;0.0
0.0;0.0;0.0;False;0.0
0.0;0.0;0.0;False;0.0
0.0;3.0;0.0;False;0.0
0.0;0.0;0.0;False;0.0
0.0;3.0;0.0;False;0.0
0.0;3.0;0.0;False;0.0
0.0;0.0;0.0;False;0.0
0.0;0.0;0.0;False;0.0
1.0;0.0;0.0;False;0.0
1.0;0.0;0.0;False;0.0
1.0;0.0;0.0;False;0.0
1.0;0.0;0.0;False;0.0
0.0;0.0;0.0;False;0.0
0.0;0.0;0.0;False;0.0
0.0;0.0;0.0;False;0.0
1.0;4.0;2.0;False;0.0
1.0;3.0;1.0;False;0.0
0.0;0.0;0.0;True;0.0
0.0;0.0;0.0;True;0.0
0.0;0.0;0.0;True;0.0
0.0;0.0;0.0;True;0.0
0.0;0.0;0.0;True;0.0
10.0;0.0;0.0;True;1.0
0.0;0.0;0.0;True;0.0
10.0;0.0;1.0;False;1.0
10.0;0.0;1.0;False;0.0
10.0;0.0;2.0;False;1.0
10.0;0.0;1.0;False;0.0
10.0;0.0;0.0;False;0.0
1.0;0.0;1.0;False;0.0
1.0;2.0;0.0;False;0.0
1.0;0.0;1.0;False;0.0
0.0;0.0;0.0;False;0.0
0.0;0.0;0.0;True;0.0
1.0;2.0;0.0;False;0.0
0.0;0.0;0.0;False;0.0
1.0;2.0;0.0;False;0.0
0.0;0.0;0.0;False;0.0
1.0;2.0;0.0;False;0.0
0.0;0.0;0.0;False;0.0
0.0;0.0;0.0;False;0.0
0.0;0.0;0.0;True;0.0
0.0;0.0;0.0;True;0.0
0.0;0.0;0.0;False;0.0
0.0;0.0;0.0;False;0.0
0.0;0.0;0.0;True;0.0
0.0;0.0;0.0;True;0.0
0.0;0.0;0.0;True;0.0
0.0;0.0;0.0;True;0.0
0.0;0.0;0.0;True;0.0
0.0;0.0;0.0;True;0.0
0.0;0.0;0.0;True;0.0
0.0;0.0;0.0;True;0.0
1.0;2.0;0.0;False;0.0
1.0;2.0;0.0;False;0.0
10.0;2.0;0.0;False;0.0
0.0;0.0;0.0;False;0.0
9.0;2.0;0.0;False;0.0
9.0;2.0;0.0;False;0.0
0.0;0.0;0.0;False;0.0
0.0;0.0;0.0;False;0.0
9.0;0.0;1.0;False;0.0
10.0;0.0;1.0;False;0.0
0.0;0.0;0.0;False;0.0
0.0;0.0;0.0;False;0.0
0.0;0.0;0.0;False;0.0
0.0;3.0;0.0;False;0.0
2.0;0.0;0.0;False;0.0
2.0;4.0;1.0;False;0.0
0.0;0.0;0.0;False;0.0
1.0;3.0;0.0;False;1.0
0.0;3.0;0.0;False;0.0
1.0;3.0;0.0;False;0.0
0.0;0.0;0.0;False;0.0
0.0;0.0;0.0;False;0.0
0.0;0.0;0.0;False;0.0
0.0;0.0;0.0;False;0.0
0.0;0.0;0.0;False;0.0
0.0;0.0;0.0;False;0.0
0.0;0.0;0.0;False;0.0
0.0;0.0;0.0;False;0.0
2.0;0.0;1.0;False;0.0
2.0;3.0;1.0;False;0.0
1.0;3.0;1.0;False;0.0
0.0;0.0;0.0;False;0.0
0.0;0.0;0.0;False;0.0
2.0;0.0;2.0;False;0.0
0.0;0.0;0.0;False;0.0
0.0;0.0;0.0;False;0.0
1.0;0.0;1.0;False;0.0
0.0;0.0;0.0;False;0.0
0.0;0.0;0.0;False;0.0
2.0;0.0;1.0;False;0.0
1.0;0.0;0.0;False;0.0
0.0;0.0;0.0;False;0.0
2.0;0.0;0.0;False;0.0
0.0;0.0;0.0;False;0.0
1.0;0.0;0.0;False;0.0
2.0;0.0;0.0;False;0.0
0.0;0.0;0.0;False;0.0
0.0;0.0;0.0;False;0.0
0.0;0.0;0.0;False;0.0
0.0;4.0;0.0;False;0.0
0.0;0.0;0.0;False;0.0
0.0;5.0;0.0;False;0.0
1.0;3.0;0.0;False;0.0
0.0;0.0;0.0;False;0.0
1.0;4.0;1.0;False;0.0
0.0;0.0;0.0;False;0.0
2.0;3.0;0.0;False;0.0
1.0;3.0;0.0;False;0.0
0.0;0.0;0.0;False;0.0
0.0;0.0;0.0;False;0.0
0.0;0.0;0.0;False;0.0
0.0;0.0;0.0;False;0.0
0.0;0.0;0.0;False;0.0
0.0;0.0;0.0;False;0.0
0.0;0.0;0.0;False;0.0
26.0;0.0;1.0;False;1.0
26.0;0.0;1.0;False;0.0
1.0;0.0;0.0;False;0.0
0.0;0.0;0.0;False;0.0
0.0;0.0;0.0;False;0.0
0.0;0.0;0.0;False;0.0
0.0;0.0;0.0;False;0.0
0.0;0.0;0.0;False;0.0
2.0;2.0;0.0;False;0.0
10.0;0.0;0.0;False;0.0
2.0;2.0;0.0;False;0.0
10.0;0.0;0.0;False;0.0
2.0;0.0;0.0;False;0.0
0.0;0.0;0.0;False;0.0
2.0;0.0;0.0;False;0.0
2.0;0.0;0.0;False;1.0
10.0;0.0;0.0;False;0.0
0.0;0.0;0.0;False;0.0
0.0;0.0;0.0;False;0.0
0.0;0.0;0.0;False;0.0
0.0;0.0;0.0;False;0.0
0.0;0.0;0.0;False;0.0
0.0;0.0;0.0;False;0.0
0.0;0.0;0.0;False;0.0
2.0;3.0;1.0;False;0.0
0.0;0.0;0.0;False;0.0
0.0;0.0;0.0;False;0.0
10.0;0.0;0.0;False;0.0
10.0;2.0;0.0;False;0.0
2.0;0.0;1.0;False;1.0
0.0;0.0;0.0;True;0.0
2.0;2.0;0.0;False;0.0
0.0;0.0;0.0;False;0.0
0.0;0.0;0.0;False;0.0
0.0;0.0;0.0;True;0.0
1.0;4.0;2.0;False;0.0
9.0;3.0;1.0;False;0.0
9.0;3.0;1.0;False;0.0
0.0;0.0;0.0;False;0.0
41.0;2.0;0.0;False;0.0
1.0;2.0;0.0;False;0.0
0.0;0.0;0.0;False;0.0
0.0;0.0;0.0;False;0.0
0.0;0.0;0.0;False;0.0
10.0;3.0;1.0;False;0.0
0.0;0.0;0.0;False;0.0
0.0;0.0;0.0;False;0.0
0.0;0.0;0.0;True;0.0
0.0;0.0;0.0;False;0.0
0.0;0.0;0.0;False;0.0
0.0;0.0;0.0;False;0.0
0.0;0.0;0.0;False;0.0
0.0;0.0;0.0;False;0.0
10.0;0.0;0.0;False;0.0
10.0;2.0;0.0;False;0.0
0.0;0.0;0.0;False;0.0
2.0;0.0;3.0;False;0.0
10.0;2.0;0.0;False;0.0
9.0;0.0;0.0;False;0.0
0.0;0.0;0.0;False;0.0
0.0;0.0;0.0;False;0.0
0.0;0.0;0.0;False;0.0
33.0;2.0;0.0;False;0.0
0.0;0.0;0.0;False;0.0
0.0;0.0;0.0;False;0.0
0.0;0.0;0.0;False;0.0
0.0;0.0;0.0;False;0.0
0.0;0.0;0.0;False;0.0
0.0;0.0;0.0;False;0.0
0.0;0.0;0.0;False;0.0
0.0;0.0;0.0;False;0.0
1.0;3.0;0.0;False;0.0
0.0;0.0;0.0;False;0.0
1.0;3.0;0.0;False;0.0
2.0;3.0;0.0;False;0.0
1.0;3.0;0.0;False;0.0
0.0;0.0;0.0;False;0.0
0.0;0.0;0.0;False;0.0
0.0;0.0;0.0;False;0.0
10.0;0.0;2.0;False;1.0
0.0;0.0;0.0;False;0.0
10.0;0.0;2.0;False;1.0
33.0;3.0;1.0;False;0.0
0.0;0.0;0.0;False;0.0
33.0;2.0;0.0;False;0.0
0.0;0.0;0.0;False;0.0
1.0;0.0;0.0;False;0.0
0.0;0.0;0.0;False;0.0
1.0;2.0;0.0;False;0.0
0.0;0.0;0.0;False;0.0
1.0;2.0;0.0;False;0.0
0.0;0.0;0.0;False;0.0
0.0;0.0;0.0;False;0.0
0.0;0.0;0.0;False;0.0
33.0;0.0;1.0;False;0.0
0.0;0.0;0.0;False;0.0
1.0;2.0;0.0;False;0.0
1.0;2.0;0.0;False;0.0
1.0;3.0;1.0;False;0.0
1.0;0.0;0.0;False;1.0
1.0;3.0;1.0;False;1.0
1.0;2.0;0.0;False;0.0
1.0;2.0;0.0;False;0.0
1.0;2.0;0.0;False;0.0
1.0;2.0;0.0;False;0.0
1.0;4.0;2.0;False;0.0
1.0;2.0;0.0;False;0.0
1.0;3.0;1.0;False;0.0
1.0;3.0;1.0;False;0.0
1.0;2.0;0.0;False;0.0
1.0;2.0;0.0;False;0.0
1.0;2.0;0.0;False;0.0
1.0;2.0;0.0;False;1.0
1.0;2.0;0.0;False;1.0
1.0;3.0;1.0;False;1.0
1.0;2.0;0.0;False;1.0
0.0;0.0;0.0;False;0.0
1.0;3.0;1.0;False;0.0
1.0;2.0;0.0;False;1.0
2.0;2.0;0.0;False;0.0
1.0;2.0;0.0;False;0.0
1.0;2.0;0.0;False;0.0
0.0;0.0;0.0;False;0.0
1.0;2.0;0.0;False;0.0
1.0;2.0;0.0;False;0.0
1.0;4.0;2.0;False;0.0
1.0;2.0;0.0;False;1.0
1.0;2.0;0.0;False;1.0
1.0;2.0;0.0;False;1.0
1.0;2.0;0.0;False;1.0
1.0;3.0;1.0;False;0.0
1.0;2.0;0.0;False;0.0
1.0;2.0;0.0;False;0.0
1.0;2.0;0.0;False;0.0
1.0;2.0;0.0;False;0.0
1.0;2.0;0.0;False;0.0
0.0;0.0;0.0;False;0.0
1.0;2.0;0.0;False;0.0
0.0;0.0;0.0;False;0.0
0.0;0.0;0.0;False;0.0
0.0;0.0;0.0;False;0.0
0.0;0.0;0.0;False;0.0
1.0;2.0;0.0;False;1.0
1.0;2.0;0.0;False;1.0
1.0;2.0;0.0;False;1.0
1.0;2.0;0.0;False;1.0
0.0;0.0;0.0;False;0.0
0.0;0.0;0.0;False;0.0
0.0;0.0;0.0;False;0.0
0.0;0.0;0.0;False;0.0
0.0;0.0;0.0;False;0.0
1.0;3.0;1.0;False;0.0
1.0;2.0;0.0;False;0.0
1.0;2.0;0.0;False;0.0
1.0;2.0;0.0;False;0.0
1.0;2.0;0.0;False;0.0
1.0;2.0;0.0;False;0.0
1.0;2.0;0.0;False;0.0
1.0;2.0;0.0;False;0.0
1.0;2.0;0.0;False;0.0
1.0;3.0;1.0;False;0.0
0.0;0.0;0.0;True;0.0
0.0;0.0;0.0;False;0.0
1.0;2.0;0.0;False;0.0
1.0;0.0;0.0;False;1.0
1.0;4.0;2.0;False;1.0
1.0;2.0;0.0;False;0.0
1.0;2.0;0.0;False;0.0
0.0;0.0;0.0;False;0.0
1.0;2.0;0.0;False;0.0
0.0;0.0;0.0;False;0.0
0.0;0.0;0.0;False;0.0
0.0;0.0;0.0;False;0.0
1.0;3.0;1.0;False;0.0
1.0;2.0;0.0;False;0.0
1.0;2.0;0.0;False;0.0
0.0;0.0;0.0;False;0.0
1.0;2.0;0.0;False;0.0
1.0;2.0;0.0;False;0.0
0.0;0.0;0.0;False;0.0
1.0;2.0;0.0;False;0.0
1.0;2.0;0.0;False;0.0
1.0;2.0;0.0;False;0.0
1.0;2.0;0.0;False;0.0
1.0;2.0;0.0;False;0.0
1.0;2.0;0.0;False;0.0
1.0;2.0;0.0;False;0.0
0.0;0.0;0.0;True;0.0
2.0;3.0;1.0;False;2.0
2.0;0.0;2.0;False;0.0
1.0;2.0;0.0;False;0.0
1.0;2.0;0.0;False;0.0
1.0;0.0;0.0;False;1.0
1.0;2.0;0.0;False;0.0
1.0;2.0;0.0;False;0.0
1.0;2.0;0.0;False;0.0
1.0;2.0;0.0;False;0.0
1.0;2.0;0.0;False;0.0
1.0;2.0;0.0;False;0.0
1.0;2.0;0.0;False;0.0
1.0;2.0;0.0;False;0.0
1.0;2.0;0.0;False;0.0
1.0;2.0;0.0;False;0.0
1.0;2.0;0.0;False;0.0
1.0;2.0;0.0;False;0.0
1.0;2.0;0.0;False;0.0
0.0;0.0;0.0;False;0.0
0.0;0.0;0.0;False;0.0
0.0;0.0;0.0;False;0.0
2.0;0.0;1.0;False;0.0
10.0;0.0;0.0;False;0.0
2.0;2.0;0.0;True;0.0
2.0;0.0;0.0;False;0.0
0.0;0.0;0.0;False;0.0
0.0;0.0;0.0;False;0.0
0.0;0.0;0.0;False;0.0
1.0;0.0;0.0;False;0.0
1.0;2.0;0.0;False;0.0
1.0;2.0;0.0;False;0.0
1.0;2.0;0.0;False;0.0
1.0;2.0;0.0;False;0.0
1.0;2.0;0.0;False;0.0
0.0;0.0;0.0;False;0.0
0.0;0.0;0.0;False;0.0
10.0;0.0;2.0;False;0.0
0.0;0.0;0.0;False;0.0
0.0;0.0;0.0;False;0.0
0.0;0.0;0.0;False;0.0
0.0;0.0;0.0;False;0.0
0.0;0.0;0.0;False;0.0
0.0;0.0;0.0;False;0.0
0.0;0.0;0.0;False;0.0
0.0;0.0;0.0;False;0.0
0.0;0.0;0.0;False;0.0
0.0;0.0;0.0;False;0.0
0.0;0.0;0.0;False;0.0
0.0;0.0;0.0;False;0.0
0.0;0.0;0.0;False;0.0
0.0;0.0;0.0;False;0.0
0.0;0.0;0.0;False;0.0
0.0;0.0;0.0;False;0.0
0.0;0.0;0.0;False;0.0
0.0;0.0;0.0;False;0.0
0.0;0.0;0.0;False;0.0
0.0;0.0;0.0;False;0.0
0.0;0.0;0.0;False;0.0
0.0;0.0;0.0;False;0.0
0.0;0.0;0.0;False;0.0
0.0;0.0;0.0;False;0.0
0.0;0.0;0.0;False;0.0
0.0;0.0;0.0;False;0.0
10.0;0.0;2.0;False;0.0
10.0;0.0;0.0;False;0.0
10.0;0.0;0.0;False;0.0
0.0;0.0;0.0;False;0.0
10.0;0.0;0.0;False;0.0
10.0;0.0;3.0;False;0.0
8.0;0.0;0.0;False;0.0
0.0;0.0;0.0;False;0.0
8.0;0.0;7.0;False;1.0
8.0;0.0;3.0;False;1.0
8.0;0.0;0.0;False;0.0
0.0;0.0;0.0;False;0.0
0.0;0.0;0.0;False;0.0
0.0;0.0;0.0;False;0.0
0.0;0.0;0.0;False;0.0
0.0;0.0;0.0;False;0.0
0.0;0.0;0.0;True;0.0
0.0;0.0;0.0;False;0.0
0.0;0.0;0.0;False;0.0
0.0;0.0;0.0;False;0.0
0.0;0.0;0.0;False;0.0
0.0;0.0;0.0;False;0.0
1.0;2.0;0.0;False;0.0
1.0;2.0;0.0;False;0.0
1.0;2.0;0.0;False;0.0
0.0;0.0;0.0;False;0.0
0.0;0.0;0.0;False;0.0
0.0;0.0;0.0;False;0.0
0.0;0.0;0.0;False;0.0
1.0;2.0;0.0;False;0.0
1.0;2.0;0.0;False;0.0
0.0;0.0;0.0;True;0.0
0.0;0.0;0.0;False;0.0
0.0;0.0;0.0;False;0.0
1.0;2.0;0.0;False;0.0
1.0;2.0;0.0;False;0.0
0.0;0.0;0.0;False;0.0
0.0;0.0;0.0;False;0.0
0.0;0.0;0.0;False;0.0
0.0;0.0;0.0;False;0.0
0.0;0.0;0.0;False;0.0
0.0;0.0;0.0;False;0.0
0.0;0.0;0.0;False;0.0
0.0;0.0;0.0;False;0.0
0.0;0.0;0.0;False;0.0
0.0;0.0;0.0;False;0.0
0.0;0.0;0.0;False;0.0
0.0;0.0;0.0;True;0.0
0.0;0.0;0.0;False;0.0
0.0;0.0;0.0;False;0.0
0.0;0.0;0.0;False;0.0
0.0;0.0;0.0;False;0.0
1.0;2.0;0.0;False;0.0
1.0;2.0;0.0;False;0.0
1.0;2.0;0.0;False;0.0
2.0;0.0;3.0;False;0.0
9.0;2.0;0.0;False;0.0
0.0;0.0;0.0;False;0.0
10.0;2.0;0.0;False;0.0
10.0;2.0;0.0;False;0.0
0.0;0.0;0.0;False;0.0
0.0;0.0;0.0;False;0.0
1.0;2.0;0.0;False;0.0
1.0;2.0;0.0;False;0.0
0.0;0.0;0.0;False;0.0
1.0;0.0;0.0;False;0.0
1.0;2.0;0.0;False;0.0
1.0;0.0;0.0;False;0.0
1.0;2.0;0.0;False;0.0
1.0;0.0;0.0;False;0.0
1.0;2.0;0.0;False;0.0
0.0;0.0;0.0;False;0.0
1.0;2.0;0.0;False;0.0
1.0;0.0;0.0;False;0.0
1.0;2.0;0.0;False;0.0
0.0;0.0;0.0;False;0.0
0.0;0.0;0.0;False;0.0
1.0;5.0;0.0;False;0.0
1.0;0.0;3.0;False;0.0
1.0;2.0;0.0;False;0.0
0.0;0.0;0.0;False;0.0
1.0;2.0;0.0;False;0.0
1.0;0.0;0.0;False;0.0
0.0;0.0;0.0;False;0.0
1.0;2.0;0.0;False;0.0
1.0;0.0;0.0;False;0.0
0.0;0.0;0.0;False;0.0
1.0;2.0;0.0;False;0.0
1.0;0.0;0.0;False;0.0
1.0;2.0;0.0;False;0.0
1.0;2.0;0.0;False;0.0
1.0;2.0;0.0;False;0.0
1.0;2.0;0.0;False;0.0
0.0;0.0;0.0;False;0.0
1.0;2.0;0.0;False;0.0
1.0;0.0;0.0;False;0.0
1.0;2.0;0.0;False;0.0
1.0;0.0;0.0;False;0.0
1.0;2.0;0.0;False;0.0
1.0;0.0;0.0;False;0.0
0.0;0.0;0.0;False;0.0
1.0;2.0;0.0;False;0.0
1.0;0.0;0.0;False;0.0
0.0;0.0;0.0;False;0.0
1.0;2.0;0.0;False;0.0
1.0;0.0;0.0;False;0.0
0.0;0.0;0.0;False;0.0
1.0;2.0;0.0;False;0.0
1.0;2.0;0.0;False;0.0
1.0;2.0;0.0;False;0.0
1.0;2.0;0.0;False;0.0
1.0;2.0;0.0;False;0.0
1.0;2.0;0.0;False;0.0
1.0;0.0;0.0;False;0.0
1.0;2.0;0.0;False;0.0
1.0;0.0;0.0;False;0.0
0.0;2.0;0.0;False;0.0
0.0;0.0;0.0;False;0.0
1.0;2.0;0.0;False;0.0
1.0;0.0;0.0;False;0.0
1.0;2.0;0.0;False;0.0
1.0;0.0;0.0;False;0.0
1.0;2.0;0.0;False;0.0
1.0;0.0;0.0;False;0.0
0.0;0.0;0.0;False;0.0
0.0;0.0;0.0;False;0.0
0.0;0.0;0.0;False;0.0
0.0;0.0;0.0;False;0.0
1.0;2.0;0.0;False;0.0
0.0;0.0;0.0;False;0.0
1.0;0.0;0.0;False;0.0
1.0;2.0;0.0;False;0.0
0.0;0.0;0.0;False;0.0
0.0;0.0;0.0;False;0.0
0.0;0.0;0.0;False;0.0
0.0;0.0;0.0;False;0.0
0.0;0.0;0.0;False;0.0
0.0;0.0;0.0;False;0.0
4.0;2.0;0.0;False;10.0
0.0;0.0;0.0;False;0.0
0.0;0.0;0.0;False;0.0
0.0;2.0;0.0;False;0.0
1.0;0.0;2.0;False;0.0
1.0;2.0;0.0;False;0.0
0.0;0.0;0.0;False;0.0
1.0;0.0;0.0;False;0.0
0.0;0.0;0.0;False;0.0
0.0;0.0;0.0;False;0.0
12.0;0.0;1.0;False;0.0
10.0;0.0;4.0;False;0.0
0.0;0.0;0.0;False;0.0
0.0;0.0;0.0;False;0.0
0.0;0.0;0.0;False;0.0
0.0;0.0;0.0;False;0.0
0.0;3.0;0.0;False;0.0
0.0;3.0;0.0;False;0.0
0.0;3.0;0.0;False;0.0
0.0;0.0;0.0;False;0.0
0.0;0.0;0.0;False;0.0
0.0;0.0;0.0;False;0.0
0.0;0.0;0.0;False;0.0
1.0;0.0;0.0;False;0.0
1.0;0.0;0.0;False;1.0
1.0;0.0;0.0;False;0.0
0.0;0.0;0.0;False;0.0
0.0;0.0;0.0;False;0.0
1.0;2.0;0.0;False;0.0
1.0;2.0;0.0;False;0.0
1.0;0.0;0.0;False;0.0
1.0;2.0;0.0;False;0.0
0.0;0.0;0.0;False;0.0
1.0;2.0;0.0;False;0.0
1.0;2.0;0.0;False;0.0
0.0;0.0;0.0;False;0.0
1.0;0.0;0.0;False;0.0
1.0;2.0;0.0;False;0.0
1.0;2.0;0.0;False;0.0
1.0;0.0;0.0;False;0.0
1.0;2.0;0.0;False;0.0
0.0;0.0;0.0;True;0.0
0.0;0.0;0.0;False;0.0
1.0;2.0;0.0;False;0.0
1.0;2.0;0.0;False;0.0
1.0;2.0;0.0;False;0.0
1.0;2.0;0.0;False;0.0
4.0;2.0;0.0;False;0.0
1.0;0.0;0.0;False;0.0
0.0;0.0;0.0;False;0.0
1.0;0.0;0.0;False;0.0
0.0;0.0;0.0;False;0.0
1.0;0.0;0.0;False;0.0
0.0;0.0;0.0;False;0.0
1.0;2.0;0.0;False;0.0
1.0;0.0;0.0;False;0.0
0.0;0.0;0.0;False;0.0
1.0;2.0;0.0;False;0.0
1.0;2.0;0.0;False;0.0
0.0;0.0;0.0;False;0.0
1.0;0.0;1.0;False;0.0
9.0;2.0;0.0;False;0.0
1.0;2.0;0.0;False;0.0
0.0;0.0;0.0;False;0.0
0.0;0.0;0.0;False;0.0
2.0;3.0;1.0;False;0.0
0.0;0.0;0.0;False;0.0
0.0;0.0;0.0;False;0.0
0.0;0.0;0.0;False;0.0
1.0;0.0;0.0;False;0.0
0.0;0.0;0.0;False;0.0
1.0;2.0;0.0;False;0.0
0.0;0.0;0.0;False;0.0
1.0;0.0;0.0;False;0.0
0.0;0.0;0.0;False;0.0
2.0;0.0;0.0;False;1.0
0.0;0.0;0.0;False;0.0
1.0;2.0;0.0;False;0.0
9.0;0.0;2.0;False;0.0
0.0;0.0;0.0;False;0.0
0.0;0.0;0.0;False;0.0
0.0;0.0;0.0;False;0.0
1.0;2.0;0.0;False;0.0
0.0;0.0;0.0;False;0.0
0.0;0.0;0.0;False;0.0
1.0;0.0;0.0;False;0.0
2.0;0.0;1.0;False;0.0
1.0;2.0;0.0;False;0.0
1.0;0.0;0.0;False;0.0
1.0;2.0;0.0;False;0.0
1.0;0.0;1.0;False;0.0
1.0;0.0;0.0;False;0.0
1.0;2.0;0.0;False;0.0
1.0;2.0;0.0;False;0.0
1.0;0.0;1.0;False;0.0
1.0;0.0;0.0;False;0.0
1.0;2.0;0.0;False;0.0
0.0;0.0;0.0;False;0.0
1.0;2.0;0.0;False;0.0
1.0;2.0;0.0;False;0.0
1.0;2.0;0.0;False;0.0
0.0;0.0;0.0;False;0.0
0.0;0.0;0.0;False;0.0
0.0;0.0;0.0;False;0.0
2.0;0.0;1.0;False;0.0
0.0;0.0;0.0;False;0.0
1.0;0.0;0.0;False;1.0
0.0;0.0;0.0;False;0.0
0.0;0.0;0.0;False;0.0
0.0;0.0;0.0;False;0.0
0.0;0.0;0.0;False;0.0
1.0;0.0;0.0;False;0.0
0.0;0.0;0.0;False;0.0
1.0;0.0;0.0;False;0.0
0.0;0.0;0.0;False;0.0
1.0;2.0;0.0;False;0.0
1.0;2.0;0.0;False;0.0
1.0;3.0;1.0;False;0.0
1.0;0.0;0.0;False;0.0
1.0;0.0;0.0;False;0.0
0.0;0.0;0.0;False;0.0
0.0;0.0;0.0;False;0.0
0.0;0.0;0.0;False;0.0
0.0;0.0;0.0;False;0.0
0.0;0.0;0.0;False;0.0
0.0;0.0;0.0;False;0.0
1.0;0.0;0.0;False;0.0
12.0;0.0;1.0;False;0.0
0.0;0.0;0.0;False;0.0
0.0;0.0;0.0;False;0.0
1.0;3.0;1.0;False;0.0
0.0;0.0;0.0;False;0.0
0.0;0.0;0.0;False;0.0
1.0;0.0;0.0;False;0.0
0.0;0.0;0.0;False;0.0
1.0;0.0;0.0;False;0.0
1.0;0.0;0.0;False;0.0
0.0;0.0;0.0;False;0.0
0.0;0.0;0.0;False;0.0
0.0;0.0;0.0;False;0.0
0.0;0.0;0.0;False;0.0
0.0;0.0;0.0;False;0.0
0.0;0.0;0.0;False;0.0
1.0;0.0;0.0;False;0.0
1.0;0.0;0.0;False;0.0
0.0;0.0;0.0;False;0.0
0.0;0.0;0.0;False;0.0
0.0;0.0;0.0;False;0.0
0.0;0.0;0.0;False;0.0
0.0;0.0;0.0;False;0.0
0.0;0.0;0.0;False;0.0
2.0;0.0;0.0;False;0.0
0.0;0.0;0.0;False;0.0
1.0;0.0;1.0;False;1.0
1.0;3.0;1.0;False;0.0
0.0;0.0;0.0;False;0.0
1.0;0.0;1.0;False;1.0
0.0;0.0;0.0;False;0.0
1.0;3.0;1.0;False;1.0
1.0;2.0;0.0;False;1.0
0.0;0.0;0.0;False;0.0
0.0;0.0;0.0;False;0.0
1.0;2.0;0.0;False;0.0
1.0;0.0;1.0;False;3.0
0.0;0.0;0.0;False;0.0
0.0;0.0;0.0;False;0.0
0.0;0.0;0.0;False;0.0
0.0;0.0;0.0;False;0.0
0.0;0.0;0.0;False;0.0
0.0;0.0;0.0;False;0.0
0.0;0.0;0.0;False;0.0
0.0;0.0;0.0;True;0.0
0.0;0.0;0.0;False;0.0
0.0;0.0;0.0;True;0.0
0.0;0.0;0.0;True;0.0
0.0;0.0;0.0;True;0.0
0.0;0.0;0.0;False;0.0
0.0;0.0;0.0;False;0.0
1.0;0.0;0.0;False;0.0
1.0;0.0;0.0;False;0.0
1.0;0.0;0.0;True;0.0
0.0;0.0;0.0;False;0.0
0.0;0.0;0.0;False;0.0
0.0;0.0;0.0;False;0.0
0.0;0.0;0.0;False;0.0
0.0;0.0;0.0;False;0.0
0.0;0.0;0.0;False;0.0
0.0;0.0;0.0;False;0.0
0.0;0.0;0.0;False;0.0
0.0;0.0;0.0;False;0.0
0.0;0.0;0.0;False;0.0
10.0;0.0;0.0;False;1.0
1.0;0.0;0.0;False;0.0
1.0;0.0;0.0;False;0.0
10.0;0.0;0.0;False;1.0
0.0;0.0;0.0;False;0.0
1.0;0.0;0.0;False;0.0
1.0;0.0;0.0;False;1.0
2.0;0.0;0.0;False;1.0
0.0;0.0;0.0;False;0.0
0.0;0.0;0.0;False;0.0
0.0;0.0;0.0;False;0.0
1.0;0.0;0.0;False;0.0
1.0;0.0;2.0;False;0.0
1.0;0.0;0.0;False;0.0
1.0;3.0;1.0;False;0.0
1.0;0.0;0.0;False;0.0
0.0;0.0;0.0;False;0.0
0.0;0.0;0.0;False;0.0
1.0;0.0;0.0;False;0.0
1.0;0.0;0.0;False;0.0
1.0;0.0;0.0;False;0.0
0.0;0.0;0.0;False;0.0
0.0;0.0;0.0;False;0.0
0.0;0.0;0.0;False;0.0
0.0;0.0;0.0;False;0.0
1.0;0.0;0.0;False;0.0
1.0;0.0;0.0;False;0.0
1.0;0.0;0.0;False;0.0
0.0;0.0;0.0;False;0.0
0.0;0.0;0.0;False;0.0
0.0;0.0;0.0;False;0.0
0.0;0.0;0.0;True;0.0
2.0;0.0;1.0;False;0.0
0.0;0.0;0.0;False;0.0
0.0;0.0;0.0;False;0.0
0.0;0.0;0.0;False;0.0
0.0;0.0;0.0;False;0.0
0.0;0.0;0.0;False;0.0
0.0;0.0;0.0;False;0.0
0.0;0.0;0.0;False;0.0
0.0;0.0;0.0;False;0.0
0.0;0.0;0.0;False;0.0
1.0;0.0;0.0;False;0.0
8.0;0.0;0.0;False;0.0
1.0;0.0;0.0;False;0.0
0.0;0.0;0.0;False;0.0
0.0;0.0;0.0;False;0.0
0.0;0.0;0.0;False;0.0
1.0;0.0;0.0;False;0.0
0.0;0.0;0.0;False;0.0
1.0;0.0;0.0;False;0.0
1.0;3.0;1.0;False;0.0
1.0;3.0;1.0;False;0.0
0.0;0.0;0.0;False;0.0
0.0;0.0;0.0;False;0.0
0.0;0.0;0.0;False;0.0
1.0;0.0;2.0;False;0.0
1.0;0.0;0.0;False;0.0
2.0;0.0;0.0;False;0.0
2.0;0.0;0.0;False;0.0
0.0;0.0;0.0;False;0.0
1.0;0.0;0.0;False;0.0
1.0;0.0;0.0;False;0.0
0.0;0.0;0.0;False;0.0
0.0;0.0;0.0;False;0.0
1.0;0.0;3.0;False;0.0
0.0;0.0;0.0;False;0.0
0.0;0.0;0.0;False;0.0
0.0;0.0;0.0;False;0.0
1.0;4.0;2.0;False;0.0
0.0;0.0;0.0;False;0.0
1.0;4.0;2.0;False;0.0
0.0;0.0;0.0;False;0.0
0.0;0.0;0.0;False;0.0
0.0;0.0;0.0;False;0.0
1.0;2.0;0.0;False;0.0
0.0;0.0;0.0;False;0.0
0.0;0.0;0.0;False;0.0
0.0;0.0;0.0;False;0.0
0.0;0.0;0.0;False;0.0
10.0;0.0;1.0;False;0.0
0.0;0.0;0.0;False;0.0
0.0;0.0;0.0;False;0.0
2.0;0.0;1.0;False;0.0
0.0;0.0;0.0;False;0.0
0.0;0.0;0.0;False;0.0
1.0;0.0;0.0;False;0.0
1.0;0.0;0.0;False;0.0
1.0;0.0;2.0;False;1.0
0.0;0.0;0.0;False;0.0
1.0;0.0;2.0;False;0.0
0.0;0.0;0.0;False;0.0
0.0;0.0;0.0;False;0.0
1.0;0.0;0.0;False;0.0
1.0;2.0;0.0;False;0.0
0.0;0.0;0.0;False;0.0
1.0;3.0;1.0;False;0.0
0.0;0.0;0.0;False;0.0
0.0;0.0;0.0;False;0.0
1.0;0.0;2.0;False;0.0
0.0;0.0;0.0;False;0.0
1.0;0.0;0.0;False;0.0
0.0;0.0;0.0;False;0.0
1.0;0.0;0.0;False;0.0
0.0;0.0;0.0;False;0.0
0.0;0.0;0.0;False;0.0
1.0;0.0;2.0;False;0.0
2.0;0.0;3.0;False;0.0
1.0;0.0;1.0;False;0.0
0.0;0.0;0.0;False;0.0
0.0;0.0;0.0;False;0.0
0.0;0.0;0.0;False;0.0
0.0;0.0;0.0;False;0.0
0.0;0.0;0.0;False;0.0
1.0;0.0;0.0;False;0.0
1.0;0.0;0.0;False;0.0
1.0;0.0;0.0;False;0.0
1.0;2.0;0.0;False;0.0
1.0;3.0;1.0;False;0.0
1.0;2.0;0.0;False;0.0
1.0;0.0;0.0;False;0.0
1.0;0.0;0.0;False;0.0
1.0;2.0;0.0;False;0.0
1.0;2.0;0.0;False;0.0
1.0;0.0;0.0;False;0.0
1.0;2.0;0.0;False;0.0
1.0;2.0;0.0;False;0.0
0.0;0.0;0.0;False;0.0
1.0;0.0;0.0;False;0.0
0.0;0.0;0.0;False;0.0
1.0;2.0;0.0;False;0.0
0.0;0.0;0.0;False;0.0
1.0;2.0;0.0;False;0.0
1.0;2.0;0.0;False;0.0
1.0;0.0;0.0;False;0.0
1.0;0.0;0.0;False;0.0
0.0;0.0;0.0;False;0.0
0.0;0.0;0.0;False;0.0
0.0;0.0;0.0;False;0.0
0.0;0.0;0.0;False;0.0
0.0;0.0;0.0;False;0.0
0.0;0.0;0.0;False;0.0
0.0;0.0;0.0;False;0.0
0.0;0.0;0.0;False;0.0
0.0;0.0;0.0;False;0.0
0.0;0.0;0.0;False;0.0
0.0;0.0;0.0;False;0.0
0.0;0.0;0.0;False;0.0
0.0;0.0;0.0;False;0.0
0.0;0.0;0.0;False;0.0
0.0;0.0;0.0;False;0.0
0.0;0.0;0.0;False;0.0
0.0;0.0;0.0;False;0.0
0.0;0.0;0.0;False;0.0
0.0;0.0;0.0;False;0.0
1.0;2.0;0.0;False;0.0
1.0;2.0;0.0;False;0.0
1.0;2.0;0.0;False;0.0
1.0;0.0;0.0;False;0.0
1.0;0.0;0.0;False;0.0
9.0;0.0;0.0;False;0.0
0.0;0.0;0.0;False;0.0
0.0;0.0;0.0;False;0.0
0.0;0.0;0.0;False;0.0
0.0;0.0;0.0;False;0.0
0.0;0.0;0.0;False;0.0
0.0;0.0;0.0;False;0.0
0.0;0.0;0.0;False;0.0
0.0;0.0;0.0;False;0.0
0.0;0.0;0.0;True;0.0
1.0;0.0;0.0;False;0.0
1.0;0.0;0.0;False;0.0
0.0;0.0;0.0;False;0.0
2.0;2.0;0.0;False;0.0
2.0;0.0;4.0;False;0.0
0.0;0.0;0.0;False;0.0
1.0;2.0;0.0;False;0.0
1.0;0.0;0.0;False;0.0
1.0;0.0;0.0;False;0.0
1.0;0.0;0.0;False;0.0
1.0;5.0;3.0;False;3.0
1.0;2.0;0.0;False;0.0
0.0;0.0;0.0;False;0.0
10.0;4.0;2.0;False;0.0
9.0;0.0;0.0;False;0.0
1.0;4.0;0.0;False;0.0
1.0;5.0;1.0;False;0.0
1.0;4.0;0.0;False;0.0
0.0;4.0;0.0;False;0.0
0.0;0.0;0.0;False;0.0
0.0;0.0;0.0;False;0.0
0.0;4.0;0.0;False;0.0
0.0;0.0;0.0;False;0.0
1.0;0.0;0.0;False;0.0
0.0;0.0;0.0;False;0.0
0.0;0.0;0.0;False;0.0
1.0;0.0;1.0;False;0.0
0.0;0.0;0.0;False;0.0
0.0;0.0;0.0;False;0.0
1.0;0.0;0.0;False;0.0
10.0;0.0;0.0;False;0.0
10.0;0.0;0.0;False;0.0
10.0;0.0;0.0;False;0.0
9.0;0.0;2.0;False;1.0
9.0;0.0;0.0;False;0.0
8.0;0.0;0.0;False;0.0
8.0;0.0;0.0;False;0.0
8.0;0.0;0.0;False;0.0
8.0;0.0;0.0;False;0.0
8.0;0.0;0.0;False;0.0
8.0;0.0;0.0;False;0.0
0.0;5.0;0.0;False;0.0
0.0;5.0;0.0;False;0.0
0.0;4.0;0.0;False;0.0
1.0;6.0;2.0;False;0.0
1.0;4.0;0.0;False;0.0
0.0;0.0;0.0;False;0.0
0.0;4.0;0.0;False;0.0
1.0;0.0;0.0;False;0.0
0.0;0.0;0.0;False;0.0
1.0;4.0;1.0;False;0.0
0.0;0.0;0.0;False;0.0
0.0;0.0;0.0;False;0.0
0.0;0.0;0.0;False;0.0
9.0;0.0;1.0;False;1.0
8.0;0.0;1.0;False;0.0
8.0;0.0;1.0;False;0.0
0.0;0.0;0.0;False;0.0
0.0;0.0;0.0;False;0.0
0.0;0.0;0.0;False;0.0
0.0;0.0;0.0;False;0.0
0.0;0.0;0.0;False;0.0
0.0;0.0;0.0;False;0.0
0.0;0.0;0.0;False;0.0
0.0;0.0;0.0;False;0.0
10.0;0.0;3.0;False;0.0
0.0;0.0;0.0;False;0.0
0.0;0.0;0.0;False;0.0
0.0;0.0;0.0;False;0.0
0.0;0.0;0.0;False;0.0
1.0;3.0;0.0;False;0.0
0.0;3.0;0.0;False;0.0
1.0;3.0;0.0;False;0.0
1.0;3.0;0.0;False;0.0
1.0;3.0;0.0;False;0.0
1.0;3.0;0.0;False;0.0
0.0;3.0;0.0;False;0.0
1.0;3.0;1.0;False;0.0
1.0;2.0;0.0;False;0.0
1.0;2.0;0.0;False;0.0
1.0;2.0;0.0;False;0.0
1.0;2.0;0.0;False;0.0
1.0;2.0;0.0;False;0.0
1.0;2.0;0.0;False;0.0
1.0;0.0;0.0;False;0.0
1.0;2.0;0.0;False;0.0
1.0;3.0;1.0;False;0.0
0.0;0.0;0.0;False;0.0
1.0;0.0;0.0;False;0.0
0.0;0.0;0.0;False;0.0
0.0;0.0;0.0;False;0.0
0.0;0.0;0.0;False;0.0
0.0;0.0;0.0;False;0.0
1.0;0.0;0.0;False;0.0
1.0;0.0;0.0;False;0.0
1.0;3.0;1.0;False;1.0
1.0;3.0;1.0;False;0.0
0.0;0.0;0.0;False;0.0
1.0;0.0;0.0;False;0.0
4.0;2.0;0.0;False;3.0
0.0;0.0;0.0;False;0.0
4.0;2.0;0.0;False;34.0
0.0;0.0;0.0;False;0.0
0.0;0.0;0.0;False;0.0
0.0;0.0;0.0;False;0.0
1.0;0.0;0.0;False;0.0
0.0;0.0;0.0;False;0.0
1.0;0.0;0.0;False;0.0
0.0;0.0;0.0;False;0.0
1.0;2.0;0.0;False;0.0
1.0;4.0;2.0;False;0.0
34.0;4.0;2.0;False;0.0
0.0;0.0;0.0;False;0.0
1.0;2.0;0.0;False;0.0
1.0;2.0;0.0;False;0.0
34.0;4.0;2.0;False;0.0
0.0;0.0;0.0;False;0.0
0.0;0.0;0.0;False;0.0
2.0;0.0;3.0;False;0.0
0.0;4.0;1.0;False;0.0
2.0;3.0;1.0;False;0.0
0.0;0.0;0.0;False;0.0
2.0;0.0;3.0;False;0.0
33.0;4.0;2.0;False;0.0
2.0;2.0;0.0;False;0.0
0.0;0.0;0.0;False;0.0
0.0;0.0;0.0;False;0.0
24.0;0.0;1.0;False;0.0
24.0;0.0;2.0;False;0.0
0.0;0.0;0.0;False;0.0
0.0;0.0;0.0;False;0.0
0.0;0.0;0.0;False;0.0
0.0;5.0;0.0;False;0.0
0.0;3.0;0.0;False;0.0
0.0;5.0;0.0;False;0.0
0.0;0.0;0.0;False;0.0
0.0;6.0;0.0;False;0.0
0.0;3.0;0.0;False;0.0
1.0;5.0;2.0;False;3.0
1.0;3.0;0.0;False;1.0
0.0;0.0;0.0;False;0.0
0.0;0.0;0.0;False;0.0
0.0;3.0;0.0;False;0.0
0.0;0.0;0.0;False;0.0
0.0;0.0;0.0;False;0.0
1.0;4.0;0.0;False;0.0
1.0;3.0;0.0;False;1.0
4.0;3.0;0.0;False;0.0
4.0;3.0;0.0;False;0.0
4.0;3.0;0.0;False;0.0
0.0;0.0;0.0;False;0.0
4.0;3.0;0.0;False;0.0
1.0;3.0;0.0;False;0.0
0.0;0.0;0.0;False;0.0
0.0;0.0;0.0;False;0.0
0.0;0.0;0.0;False;0.0
0.0;0.0;0.0;False;0.0
0.0;0.0;0.0;False;0.0
0.0;0.0;0.0;False;0.0
0.0;0.0;0.0;False;0.0
0.0;0.0;0.0;False;0.0
0.0;0.0;0.0;False;0.0
0.0;0.0;0.0;False;0.0
0.0;0.0;0.0;False;0.0
0.0;0.0;0.0;False;0.0
0.0;0.0;0.0;False;0.0
0.0;0.0;0.0;False;0.0
0.0;0.0;0.0;False;0.0
0.0;0.0;0.0;False;0.0
0.0;0.0;0.0;False;0.0
0.0;0.0;0.0;False;0.0
0.0;0.0;0.0;False;0.0
1.0;0.0;0.0;False;0.0
0.0;0.0;0.0;False;0.0
0.0;0.0;0.0;False;0.0
0.0;0.0;0.0;False;0.0
4.0;0.0;2.0;False;1.0
0.0;0.0;0.0;False;0.0
0.0;0.0;2.0;False;3.0
2.0;0.0;1.0;False;0.0
0.0;2.0;0.0;False;0.0
0.0;0.0;0.0;False;0.0
0.0;0.0;0.0;False;0.0
0.0;0.0;0.0;False;0.0
0.0;0.0;0.0;False;0.0
4.0;0.0;0.0;False;0.0
0.0;0.0;0.0;False;0.0
0.0;0.0;0.0;False;0.0
0.0;0.0;0.0;False;0.0
0.0;0.0;0.0;False;0.0
2.0;0.0;1.0;False;0.0
4.0;0.0;2.0;False;1.0
0.0;0.0;0.0;False;0.0
1.0;0.0;0.0;False;1.0
0.0;0.0;0.0;False;0.0
0.0;0.0;0.0;False;0.0
0.0;0.0;0.0;False;0.0
2.0;0.0;1.0;False;0.0
0.0;0.0;0.0;False;0.0
0.0;0.0;0.0;False;0.0
0.0;0.0;0.0;False;0.0
2.0;3.0;1.0;False;22.0
0.0;0.0;0.0;False;0.0
4.0;0.0;2.0;False;0.0
1.0;0.0;2.0;False;0.0
0.0;0.0;0.0;False;0.0
0.0;0.0;0.0;False;0.0
0.0;0.0;0.0;False;0.0
1.0;0.0;4.0;True;5.0
0.0;0.0;0.0;False;0.0
1.0;8.0;6.0;False;3.0
0.0;0.0;0.0;False;0.0
1.0;2.0;0.0;False;1.0
0.0;0.0;0.0;False;0.0
0.0;0.0;0.0;False;0.0
0.0;0.0;0.0;False;0.0
0.0;0.0;0.0;False;0.0
0.0;0.0;0.0;False;0.0
0.0;0.0;1.0;False;0.0
0.0;0.0;0.0;False;0.0
0.0;0.0;0.0;False;0.0
0.0;0.0;0.0;False;0.0
1.0;3.0;0.0;False;0.0
0.0;0.0;0.0;False;0.0
0.0;0.0;0.0;False;0.0
0.0;0.0;0.0;False;0.0
0.0;0.0;0.0;False;0.0
2.0;0.0;1.0;False;1.0
0.0;0.0;0.0;False;0.0
0.0;0.0;0.0;False;0.0
0.0;3.0;0.0;False;0.0
0.0;0.0;0.0;False;0.0
0.0;0.0;0.0;False;0.0
0.0;0.0;0.0;False;0.0
0.0;0.0;0.0;False;0.0
0.0;3.0;0.0;False;0.0
0.0;2.0;0.0;False;0.0
1.0;6.0;3.0;False;1.0
0.0;3.0;0.0;False;0.0
1.0;3.0;0.0;False;0.0
0.0;4.0;0.0;False;0.0
1.0;3.0;0.0;False;1.0
0.0;7.0;0.0;True;0.0
0.0;0.0;0.0;False;0.0
0.0;0.0;0.0;False;0.0
0.0;0.0;0.0;False;0.0
0.0;0.0;0.0;False;0.0
1.0;5.0;2.0;False;0.0
1.0;3.0;0.0;False;1.0
0.0;0.0;0.0;False;0.0
0.0;4.0;0.0;False;0.0
0.0;2.0;0.0;False;0.0
0.0;4.0;0.0;False;0.0
0.0;0.0;0.0;False;0.0
0.0;0.0;0.0;False;0.0
4.0;0.0;2.0;False;0.0
0.0;0.0;0.0;False;0.0
0.0;2.0;0.0;False;0.0
1.0;2.0;0.0;False;1.0
0.0;0.0;0.0;False;0.0
1.0;2.0;0.0;False;0.0
0.0;2.0;0.0;False;0.0
0.0;0.0;0.0;False;0.0
0.0;5.0;0.0;False;0.0
0.0;2.0;0.0;False;0.0
0.0;5.0;0.0;False;0.0
0.0;2.0;0.0;False;0.0
0.0;5.0;0.0;False;0.0
0.0;2.0;0.0;False;0.0
0.0;0.0;0.0;False;0.0
0.0;0.0;0.0;False;0.0
0.0;0.0;0.0;False;0.0
0.0;3.0;1.0;False;0.0
0.0;0.0;0.0;False;0.0
0.0;0.0;0.0;False;0.0
0.0;2.0;0.0;False;0.0
0.0;2.0;0.0;False;0.0
0.0;0.0;0.0;False;0.0
0.0;2.0;0.0;False;0.0
1.0;2.0;0.0;False;1.0
0.0;0.0;0.0;False;0.0
0.0;2.0;0.0;False;0.0
0.0;4.0;0.0;False;0.0
1.0;7.0;4.0;False;2.0
1.0;3.0;0.0;False;1.0
0.0;3.0;0.0;False;0.0
1.0;3.0;0.0;False;1.0
0.0;0.0;0.0;False;0.0
1.0;0.0;2.0;False;0.0
1.0;2.0;0.0;False;0.0
1.0;2.0;1.0;False;0.0
1.0;2.0;0.0;False;0.0
1.0;2.0;0.0;False;0.0
1.0;0.0;0.0;True;0.0
0.0;0.0;0.0;True;0.0
0.0;0.0;0.0;True;0.0
0.0;0.0;0.0;True;0.0
0.0;0.0;0.0;True;0.0
0.0;0.0;0.0;False;0.0
0.0;0.0;0.0;True;0.0
0.0;0.0;0.0;False;0.0
0.0;0.0;0.0;True;0.0
0.0;0.0;0.0;False;0.0
0.0;0.0;0.0;False;0.0
1.0;0.0;0.0;False;0.0
0.0;0.0;0.0;False;0.0
0.0;0.0;0.0;False;0.0
0.0;0.0;0.0;False;0.0
0.0;0.0;0.0;False;0.0
0.0;0.0;0.0;False;0.0
0.0;0.0;0.0;False;0.0
0.0;0.0;0.0;False;0.0
1.0;0.0;0.0;False;0.0
0.0;0.0;0.0;False;0.0
0.0;0.0;0.0;True;0.0
0.0;0.0;0.0;False;0.0
0.0;0.0;0.0;False;0.0
0.0;0.0;0.0;False;0.0
1.0;0.0;0.0;False;0.0
1.0;0.0;0.0;False;0.0
0.0;0.0;0.0;False;0.0
0.0;0.0;0.0;False;0.0
0.0;0.0;0.0;False;0.0
0.0;0.0;0.0;False;0.0
2.0;0.0;2.0;False;0.0
0.0;0.0;0.0;False;0.0
0.0;0.0;0.0;False;0.0
1.0;0.0;1.0;False;0.0
1.0;0.0;0.0;False;0.0
0.0;0.0;0.0;False;0.0
0.0;0.0;0.0;False;0.0
0.0;0.0;0.0;False;0.0
0.0;0.0;0.0;False;0.0
0.0;0.0;0.0;True;0.0
1.0;0.0;0.0;False;0.0
0.0;0.0;0.0;False;0.0
1.0;0.0;0.0;False;0.0
2.0;0.0;0.0;False;0.0
1.0;2.0;0.0;False;0.0
1.0;2.0;0.0;False;0.0
0.0;0.0;0.0;True;0.0
1.0;4.0;2.0;False;3.0
1.0;2.0;0.0;False;1.0
0.0;0.0;0.0;False;0.0
0.0;0.0;0.0;False;0.0
0.0;0.0;0.0;False;0.0
1.0;2.0;0.0;False;0.0
1.0;2.0;0.0;False;0.0
1.0;2.0;0.0;False;0.0
1.0;2.0;0.0;False;0.0
1.0;2.0;0.0;False;0.0
1.0;2.0;0.0;False;0.0
0.0;0.0;0.0;False;0.0
1.0;2.0;0.0;False;0.0
2.0;0.0;0.0;False;0.0
1.0;2.0;0.0;False;2.0
1.0;2.0;0.0;False;0.0
1.0;2.0;0.0;False;1.0
1.0;2.0;0.0;False;0.0
1.0;2.0;0.0;False;0.0
1.0;2.0;0.0;False;0.0
1.0;2.0;0.0;False;0.0
1.0;2.0;0.0;False;2.0
1.0;2.0;0.0;False;1.0
1.0;2.0;0.0;False;1.0
1.0;2.0;0.0;False;0.0
1.0;2.0;0.0;False;0.0
1.0;2.0;0.0;False;0.0
1.0;2.0;0.0;False;0.0
1.0;2.0;0.0;False;1.0
0.0;0.0;0.0;False;0.0
0.0;0.0;0.0;False;0.0
9.0;2.0;0.0;False;3.0
10.0;2.0;0.0;False;0.0
0.0;0.0;0.0;False;0.0
1.0;2.0;0.0;False;0.0
1.0;2.0;0.0;False;0.0
1.0;2.0;0.0;False;0.0
2.0;0.0;0.0;False;0.0
1.0;2.0;0.0;False;0.0
1.0;2.0;0.0;False;0.0
0.0;0.0;0.0;True;0.0
0.0;0.0;0.0;True;0.0
0.0;0.0;0.0;False;0.0
1.0;2.0;0.0;False;0.0
1.0;2.0;0.0;False;0.0
0.0;0.0;0.0;False;0.0
1.0;2.0;0.0;False;1.0
1.0;2.0;0.0;False;0.0
1.0;2.0;0.0;False;0.0
1.0;2.0;0.0;False;2.0
1.0;2.0;0.0;False;0.0
1.0;2.0;0.0;False;0.0
0.0;0.0;0.0;False;0.0
1.0;2.0;0.0;False;16.0
1.0;2.0;0.0;False;0.0
1.0;2.0;0.0;False;0.0
1.0;2.0;0.0;False;0.0
0.0;0.0;0.0;False;0.0
0.0;0.0;0.0;False;0.0
1.0;4.0;2.0;False;1.0
1.0;4.0;2.0;False;2.0
1.0;4.0;2.0;False;0.0
1.0;4.0;2.0;False;0.0
1.0;2.0;0.0;False;0.0
0.0;0.0;0.0;False;0.0
0.0;3.0;0.0;False;0.0
0.0;3.0;0.0;False;0.0
0.0;0.0;0.0;False;0.0
1.0;0.0;0.0;False;0.0
1.0;0.0;0.0;False;0.0
1.0;2.0;0.0;False;0.0
1.0;2.0;0.0;False;0.0
0.0;0.0;0.0;False;0.0
1.0;2.0;0.0;False;0.0
0.0;0.0;0.0;False;0.0
1.0;2.0;0.0;False;0.0
1.0;2.0;0.0;False;1.0
1.0;2.0;0.0;False;1.0
0.0;0.0;0.0;False;0.0
1.0;2.0;0.0;False;0.0
0.0;0.0;0.0;False;0.0
0.0;5.0;0.0;False;0.0
0.0;0.0;0.0;False;0.0
9.0;2.0;0.0;False;0.0
1.0;2.0;0.0;False;0.0
1.0;0.0;2.0;False;0.0
9.0;2.0;0.0;False;0.0
9.0;3.0;1.0;False;8.0
9.0;3.0;1.0;False;0.0
1.0;2.0;0.0;False;3.0
0.0;0.0;0.0;False;0.0
10.0;3.0;1.0;False;1.0
9.0;2.0;0.0;False;1.0
9.0;3.0;1.0;False;0.0
1.0;2.0;0.0;False;0.0
1.0;2.0;0.0;False;0.0
1.0;0.0;0.0;False;0.0
1.0;0.0;0.0;False;0.0
0.0;0.0;0.0;False;0.0
1.0;0.0;0.0;False;0.0
0.0;0.0;0.0;False;0.0
0.0;0.0;0.0;False;0.0
1.0;0.0;1.0;False;0.0
1.0;0.0;0.0;False;0.0
1.0;0.0;0.0;False;0.0
0.0;0.0;0.0;False;0.0
1.0;0.0;0.0;False;0.0
1.0;0.0;0.0;False;0.0
0.0;0.0;0.0;False;0.0
1.0;0.0;0.0;False;0.0
1.0;0.0;0.0;False;0.0
1.0;0.0;0.0;False;0.0
0.0;0.0;0.0;False;0.0
1.0;0.0;0.0;False;0.0
1.0;0.0;2.0;False;0.0
0.0;0.0;0.0;False;0.0
0.0;0.0;0.0;False;0.0
0.0;0.0;0.0;False;0.0
1.0;2.0;0.0;False;0.0
1.0;2.0;0.0;False;0.0
1.0;2.0;0.0;False;0.0
1.0;2.0;0.0;False;0.0
1.0;2.0;0.0;False;0.0
1.0;3.0;1.0;False;0.0
1.0;2.0;0.0;False;0.0
1.0;0.0;0.0;False;0.0
1.0;0.0;0.0;False;0.0
1.0;0.0;0.0;False;0.0
0.0;0.0;0.0;False;0.0
0.0;0.0;0.0;False;0.0
1.0;0.0;0.0;False;0.0
0.0;0.0;0.0;False;0.0
1.0;2.0;0.0;False;0.0
1.0;2.0;0.0;False;0.0
1.0;2.0;0.0;False;0.0
1.0;2.0;0.0;False;1.0
1.0;3.0;1.0;False;1.0
1.0;3.0;1.0;False;1.0
0.0;0.0;0.0;False;0.0
1.0;3.0;1.0;False;1.0
1.0;3.0;1.0;False;1.0
1.0;3.0;1.0;False;1.0
0.0;0.0;0.0;False;0.0
2.0;2.0;0.0;False;1.0
0.0;0.0;0.0;False;0.0
0.0;0.0;0.0;False;0.0
2.0;0.0;1.0;False;0.0
1.0;3.0;1.0;False;0.0
1.0;3.0;1.0;False;0.0
1.0;3.0;1.0;False;0.0
1.0;4.0;2.0;False;1.0
1.0;3.0;1.0;False;0.0
0.0;0.0;0.0;False;0.0
0.0;0.0;0.0;False;0.0
0.0;0.0;0.0;False;0.0
9.0;2.0;0.0;False;0.0
9.0;2.0;0.0;False;0.0
1.0;2.0;0.0;False;0.0
1.0;2.0;0.0;False;0.0
1.0;2.0;0.0;False;0.0
1.0;2.0;0.0;False;0.0
1.0;2.0;0.0;False;0.0
1.0;2.0;0.0;False;0.0
1.0;2.0;0.0;False;0.0
1.0;2.0;0.0;False;0.0
1.0;2.0;0.0;False;0.0
1.0;2.0;0.0;False;0.0
1.0;2.0;0.0;False;0.0
1.0;2.0;0.0;False;0.0
1.0;2.0;0.0;False;0.0
1.0;2.0;0.0;False;0.0
1.0;2.0;0.0;False;0.0
1.0;2.0;0.0;False;0.0
1.0;2.0;0.0;False;0.0
0.0;0.0;0.0;False;0.0
1.0;6.0;4.0;False;1.0
1.0;2.0;0.0;False;0.0
1.0;2.0;0.0;False;0.0
1.0;2.0;0.0;False;0.0
1.0;2.0;0.0;False;0.0
1.0;2.0;0.0;False;0.0
0.0;0.0;0.0;False;0.0
0.0;0.0;0.0;False;0.0
1.0;0.0;0.0;False;0.0
1.0;0.0;0.0;False;0.0
0.0;0.0;0.0;False;0.0
1.0;2.0;0.0;False;0.0
1.0;0.0;0.0;False;0.0
1.0;2.0;0.0;False;0.0
1.0;2.0;0.0;False;0.0
0.0;0.0;0.0;False;0.0
0.0;0.0;0.0;False;0.0
1.0;0.0;0.0;False;0.0
0.0;3.0;0.0;False;0.0
0.0;0.0;0.0;False;0.0
0.0;0.0;0.0;False;0.0
0.0;0.0;0.0;False;0.0
0.0;0.0;0.0;False;0.0
0.0;0.0;0.0;False;0.0
0.0;0.0;0.0;False;0.0
0.0;0.0;0.0;False;0.0
0.0;0.0;0.0;False;0.0
0.0;0.0;0.0;False;0.0
0.0;0.0;0.0;False;0.0
1.0;0.0;0.0;False;0.0
1.0;0.0;0.0;False;0.0
1.0;0.0;0.0;False;0.0
0.0;0.0;0.0;False;0.0
1.0;2.0;0.0;False;0.0
1.0;0.0;2.0;False;0.0
0.0;0.0;0.0;False;0.0
0.0;0.0;0.0;False;0.0
0.0;4.0;0.0;False;0.0
0.0;4.0;0.0;False;0.0
0.0;4.0;0.0;False;0.0
1.0;2.0;0.0;False;0.0
1.0;2.0;0.0;False;0.0
0.0;0.0;0.0;False;0.0
0.0;0.0;0.0;False;0.0
1.0;2.0;0.0;False;0.0
1.0;2.0;0.0;False;0.0
1.0;2.0;0.0;False;0.0
10.0;3.0;1.0;False;3.0
10.0;0.0;0.0;False;1.0
10.0;0.0;0.0;False;1.0
9.0;2.0;0.0;False;3.0
9.0;4.0;2.0;False;0.0
0.0;0.0;0.0;False;0.0
0.0;0.0;0.0;False;0.0
0.0;0.0;0.0;False;0.0
2.0;0.0;0.0;False;2.0
9.0;3.0;1.0;False;0.0
1.0;2.0;0.0;False;2.0
1.0;5.0;3.0;False;3.0
1.0;2.0;0.0;False;0.0
1.0;2.0;0.0;False;0.0
0.0;0.0;0.0;False;0.0
2.0;0.0;1.0;False;0.0
1.0;2.0;0.0;False;0.0
1.0;2.0;0.0;False;0.0
1.0;2.0;0.0;False;0.0
1.0;2.0;0.0;False;0.0
1.0;2.0;0.0;False;0.0
0.0;0.0;0.0;False;0.0
0.0;0.0;0.0;False;0.0
0.0;0.0;0.0;False;0.0
0.0;0.0;0.0;False;0.0
0.0;0.0;0.0;False;0.0
1.0;2.0;0.0;False;0.0
1.0;2.0;0.0;False;0.0
1.0;2.0;0.0;False;0.0
1.0;2.0;0.0;False;0.0
1.0;2.0;0.0;False;0.0
0.0;0.0;0.0;False;0.0
0.0;0.0;0.0;False;0.0
0.0;0.0;0.0;False;0.0
0.0;0.0;0.0;False;0.0
0.0;0.0;0.0;False;0.0
0.0;0.0;0.0;False;0.0
0.0;0.0;0.0;False;0.0
0.0;0.0;0.0;False;0.0
0.0;0.0;0.0;False;0.0
0.0;0.0;0.0;False;0.0
0.0;0.0;0.0;False;0.0
0.0;0.0;0.0;False;0.0
0.0;0.0;0.0;False;0.0
0.0;0.0;0.0;False;0.0
0.0;0.0;0.0;False;0.0
0.0;0.0;0.0;False;0.0
0.0;0.0;0.0;False;0.0
0.0;0.0;0.0;False;0.0
0.0;0.0;0.0;False;0.0
1.0;2.0;0.0;False;0.0
1.0;2.0;0.0;False;0.0
1.0;2.0;0.0;False;2.0
1.0;2.0;0.0;False;2.0
1.0;2.0;0.0;False;2.0
1.0;2.0;0.0;False;2.0
1.0;2.0;0.0;False;2.0
1.0;2.0;0.0;False;2.0
1.0;3.0;0.0;False;0.0
0.0;0.0;0.0;False;0.0
10.0;2.0;0.0;False;0.0
10.0;2.0;0.0;False;0.0
2.0;2.0;0.0;False;0.0
0.0;0.0;0.0;False;0.0
1.0;0.0;0.0;False;0.0
1.0;2.0;0.0;False;0.0
1.0;2.0;0.0;False;0.0
1.0;3.0;1.0;False;0.0
1.0;3.0;1.0;False;0.0
1.0;2.0;0.0;False;1.0
1.0;3.0;1.0;False;0.0
1.0;3.0;1.0;False;0.0
1.0;2.0;0.0;False;1.0
1.0;2.0;0.0;False;0.0
1.0;2.0;0.0;False;4.0
1.0;2.0;0.0;False;1.0
1.0;2.0;0.0;False;2.0
1.0;2.0;0.0;False;0.0
1.0;2.0;0.0;False;0.0
1.0;2.0;0.0;False;0.0
1.0;3.0;1.0;False;2.0
1.0;3.0;1.0;False;2.0
1.0;3.0;1.0;False;1.0
1.0;3.0;1.0;False;3.0
1.0;3.0;1.0;False;3.0
1.0;3.0;1.0;False;3.0
1.0;3.0;1.0;False;3.0
1.0;2.0;0.0;False;2.0
1.0;2.0;0.0;False;1.0
1.0;2.0;0.0;False;0.0
0.0;0.0;0.0;False;0.0
1.0;4.0;2.0;False;0.0
0.0;0.0;0.0;False;0.0
10.0;3.0;1.0;False;0.0
9.0;2.0;0.0;False;0.0
9.0;2.0;0.0;False;0.0
1.0;2.0;0.0;False;0.0
0.0;0.0;0.0;False;0.0
10.0;2.0;0.0;False;1.0
10.0;0.0;0.0;False;0.0
0.0;0.0;0.0;False;0.0
0.0;0.0;0.0;False;0.0
10.0;3.0;1.0;False;0.0
1.0;2.0;0.0;False;0.0
0.0;0.0;0.0;False;0.0
1.0;2.0;0.0;False;1.0
0.0;0.0;0.0;False;0.0
0.0;0.0;0.0;False;0.0
0.0;0.0;0.0;True;0.0
0.0;0.0;0.0;False;0.0
0.0;0.0;0.0;False;0.0
1.0;0.0;0.0;False;0.0
1.0;0.0;0.0;False;0.0
1.0;0.0;1.0;False;0.0
0.0;0.0;0.0;False;0.0
10.0;3.0;1.0;False;0.0
10.0;3.0;1.0;False;0.0
9.0;2.0;0.0;False;0.0
9.0;2.0;0.0;False;0.0
1.0;2.0;0.0;False;0.0
0.0;0.0;0.0;False;0.0
1.0;0.0;0.0;False;0.0
0.0;0.0;0.0;False;0.0
0.0;0.0;0.0;False;0.0
1.0;0.0;0.0;False;0.0
0.0;0.0;0.0;False;0.0
0.0;0.0;0.0;False;0.0
0.0;0.0;0.0;False;0.0
10.0;3.0;1.0;False;0.0
10.0;3.0;1.0;False;0.0
9.0;2.0;0.0;False;0.0
9.0;2.0;0.0;False;0.0
0.0;0.0;0.0;False;0.0
0.0;0.0;0.0;True;0.0
1.0;2.0;0.0;False;0.0
1.0;2.0;0.0;True;0.0
0.0;0.0;0.0;False;0.0
1.0;0.0;0.0;True;0.0
1.0;0.0;0.0;True;0.0
0.0;0.0;0.0;False;0.0
0.0;0.0;0.0;True;0.0
0.0;0.0;0.0;False;0.0
9.0;3.0;1.0;False;0.0
0.0;0.0;0.0;False;0.0
0.0;0.0;0.0;False;0.0
0.0;0.0;0.0;False;0.0
0.0;0.0;0.0;False;0.0
0.0;0.0;0.0;True;0.0
0.0;0.0;0.0;False;0.0
0.0;0.0;0.0;False;0.0
0.0;0.0;0.0;False;0.0
0.0;0.0;0.0;False;0.0
1.0;0.0;0.0;False;0.0
1.0;0.0;0.0;False;0.0
1.0;0.0;0.0;False;0.0
1.0;0.0;1.0;False;0.0
1.0;0.0;0.0;False;1.0
0.0;0.0;0.0;False;0.0
0.0;0.0;0.0;False;0.0
0.0;0.0;0.0;False;0.0
10.0;2.0;0.0;False;1.0
10.0;0.0;0.0;False;0.0
0.0;0.0;0.0;False;0.0
0.0;0.0;0.0;False;0.0
10.0;3.0;1.0;False;0.0
1.0;2.0;0.0;False;0.0
10.0;3.0;1.0;False;0.0
0.0;0.0;0.0;False;0.0
1.0;2.0;0.0;False;0.0
1.0;2.0;0.0;False;1.0
1.0;2.0;0.0;False;1.0
0.0;0.0;0.0;False;0.0
0.0;0.0;0.0;False;0.0
0.0;0.0;0.0;False;0.0
10.0;2.0;0.0;False;1.0
10.0;0.0;0.0;False;0.0
0.0;0.0;0.0;False;0.0
1.0;0.0;0.0;False;0.0
0.0;0.0;0.0;False;0.0
0.0;0.0;0.0;False;0.0
10.0;3.0;1.0;False;0.0
1.0;2.0;0.0;False;0.0
10.0;3.0;1.0;False;0.0
0.0;0.0;0.0;False;0.0
0.0;0.0;0.0;False;0.0
0.0;0.0;0.0;False;0.0
0.0;0.0;0.0;False;0.0
0.0;0.0;0.0;False;0.0
0.0;0.0;0.0;False;0.0
0.0;3.0;0.0;False;0.0
0.0;3.0;0.0;False;0.0
0.0;0.0;0.0;False;0.0
0.0;0.0;0.0;False;0.0
1.0;3.0;0.0;False;0.0
0.0;3.0;0.0;False;0.0
0.0;0.0;0.0;False;0.0
0.0;0.0;0.0;False;0.0
0.0;0.0;0.0;False;0.0
1.0;3.0;0.0;False;0.0
1.0;3.0;0.0;False;0.0
0.0;3.0;0.0;False;0.0
0.0;3.0;0.0;False;0.0
1.0;3.0;0.0;False;0.0
0.0;0.0;0.0;False;0.0
1.0;0.0;0.0;False;0.0
1.0;0.0;0.0;False;0.0
0.0;0.0;0.0;False;0.0
1.0;0.0;0.0;False;0.0
1.0;3.0;0.0;False;0.0
0.0;0.0;0.0;False;0.0
0.0;0.0;0.0;False;0.0
0.0;0.0;0.0;False;0.0
0.0;0.0;0.0;False;0.0
0.0;0.0;0.0;False;0.0
0.0;0.0;0.0;False;0.0
0.0;0.0;0.0;False;0.0
2.0;0.0;2.0;False;11.0
0.0;0.0;0.0;False;0.0
0.0;0.0;0.0;False;0.0
1.0;0.0;2.0;False;1.0
1.0;0.0;3.0;False;1.0
0.0;0.0;0.0;False;0.0
0.0;0.0;0.0;False;0.0
2.0;0.0;2.0;False;0.0
0.0;0.0;0.0;False;0.0
1.0;0.0;0.0;False;0.0
1.0;0.0;0.0;False;0.0
1.0;0.0;0.0;False;0.0
0.0;0.0;0.0;False;0.0
1.0;3.0;1.0;False;0.0
0.0;0.0;0.0;False;0.0
1.0;3.0;1.0;False;0.0
0.0;0.0;0.0;False;0.0
1.0;0.0;0.0;False;0.0
1.0;3.0;1.0;False;0.0
0.0;0.0;0.0;False;0.0
0.0;0.0;0.0;False;0.0
10.0;0.0;3.0;False;0.0
1.0;0.0;0.0;False;0.0
0.0;0.0;0.0;False;0.0
0.0;0.0;0.0;False;0.0
1.0;0.0;0.0;False;0.0
1.0;0.0;0.0;False;0.0
0.0;0.0;0.0;False;0.0
0.0;0.0;0.0;False;0.0
0.0;0.0;0.0;False;0.0
0.0;0.0;0.0;False;0.0
0.0;0.0;0.0;False;0.0
0.0;0.0;0.0;False;0.0
0.0;0.0;0.0;False;0.0
0.0;0.0;0.0;False;0.0
0.0;0.0;0.0;False;0.0
0.0;0.0;0.0;False;0.0
0.0;0.0;0.0;False;0.0
0.0;0.0;0.0;False;0.0
0.0;0.0;0.0;False;0.0
0.0;0.0;0.0;False;0.0
0.0;0.0;0.0;False;0.0
0.0;0.0;0.0;False;0.0
0.0;0.0;0.0;False;0.0
0.0;0.0;0.0;False;0.0
0.0;3.0;0.0;False;0.0
0.0;3.0;0.0;False;0.0
0.0;0.0;0.0;False;0.0
0.0;0.0;0.0;False;0.0
0.0;0.0;0.0;False;0.0
1.0;0.0;0.0;False;0.0
2.0;2.0;0.0;False;0.0
1.0;3.0;0.0;False;0.0
1.0;0.0;0.0;False;0.0
1.0;0.0;0.0;False;0.0
1.0;2.0;0.0;False;0.0
1.0;0.0;0.0;False;0.0
10.0;0.0;1.0;False;0.0
0.0;0.0;0.0;False;0.0
10.0;0.0;0.0;False;0.0
0.0;0.0;0.0;False;0.0
10.0;0.0;1.0;False;0.0
0.0;0.0;0.0;False;0.0
10.0;0.0;1.0;False;0.0
0.0;0.0;0.0;False;0.0
9.0;0.0;1.0;False;0.0
0.0;0.0;0.0;False;0.0
0.0;0.0;0.0;False;0.0
1.0;2.0;0.0;False;0.0
1.0;2.0;0.0;False;0.0
1.0;0.0;0.0;False;0.0
1.0;0.0;0.0;False;0.0
1.0;2.0;0.0;False;0.0
1.0;3.0;1.0;False;0.0
1.0;2.0;0.0;False;0.0
1.0;2.0;0.0;False;0.0
1.0;0.0;0.0;False;0.0
1.0;0.0;0.0;False;0.0
0.0;0.0;0.0;False;0.0
1.0;0.0;0.0;False;0.0
1.0;2.0;0.0;False;0.0
1.0;3.0;1.0;False;0.0
1.0;2.0;0.0;False;0.0
1.0;3.0;1.0;False;0.0
1.0;2.0;0.0;False;0.0
1.0;0.0;0.0;False;0.0
0.0;0.0;0.0;False;0.0
1.0;0.0;0.0;False;0.0
0.0;0.0;0.0;False;0.0
1.0;0.0;0.0;False;0.0
1.0;3.0;1.0;False;0.0
1.0;2.0;0.0;False;0.0
1.0;2.0;0.0;False;0.0
1.0;3.0;1.0;False;0.0
1.0;3.0;1.0;False;0.0
1.0;2.0;0.0;False;0.0
1.0;2.0;0.0;False;0.0
1.0;2.0;0.0;False;0.0
0.0;0.0;0.0;False;0.0
1.0;0.0;0.0;False;0.0
1.0;0.0;0.0;False;0.0
1.0;0.0;0.0;False;0.0
0.0;0.0;0.0;False;0.0
0.0;0.0;0.0;False;0.0
1.0;0.0;0.0;False;0.0
1.0;0.0;0.0;False;0.0
1.0;2.0;0.0;False;0.0
4.0;2.0;0.0;False;0.0
4.0;2.0;0.0;False;0.0
1.0;2.0;0.0;False;0.0
1.0;2.0;0.0;False;0.0
2.0;0.0;0.0;False;0.0
0.0;0.0;0.0;False;0.0
1.0;2.0;0.0;False;0.0
0.0;0.0;0.0;False;0.0
1.0;2.0;0.0;False;0.0
1.0;2.0;0.0;False;0.0
1.0;2.0;0.0;False;0.0
1.0;2.0;0.0;False;0.0
1.0;2.0;0.0;False;0.0
1.0;2.0;0.0;False;0.0
1.0;2.0;0.0;False;0.0
1.0;2.0;0.0;False;0.0
1.0;0.0;0.0;False;0.0
1.0;0.0;0.0;False;0.0
1.0;0.0;0.0;False;0.0
1.0;0.0;0.0;False;0.0
1.0;0.0;0.0;False;0.0
1.0;0.0;0.0;False;0.0
1.0;0.0;0.0;False;0.0
1.0;2.0;0.0;False;0.0
1.0;2.0;0.0;False;0.0
1.0;0.0;0.0;False;0.0
1.0;0.0;0.0;False;0.0
1.0;2.0;0.0;False;0.0
1.0;2.0;0.0;False;0.0
1.0;0.0;0.0;False;0.0
1.0;0.0;0.0;False;0.0
1.0;2.0;0.0;False;0.0
1.0;2.0;0.0;False;0.0
1.0;2.0;0.0;False;0.0
1.0;2.0;0.0;False;0.0
1.0;0.0;0.0;False;0.0
1.0;0.0;0.0;False;0.0
0.0;0.0;0.0;False;0.0
0.0;0.0;0.0;False;0.0
1.0;2.0;0.0;False;0.0
1.0;2.0;0.0;False;0.0
1.0;2.0;0.0;False;0.0
1.0;2.0;0.0;False;0.0
1.0;2.0;0.0;False;0.0
1.0;2.0;0.0;False;0.0
1.0;2.0;0.0;False;0.0
1.0;0.0;0.0;False;0.0
1.0;0.0;0.0;False;0.0
0.0;0.0;0.0;False;0.0
1.0;0.0;0.0;False;0.0
0.0;0.0;0.0;False;0.0
0.0;0.0;0.0;False;0.0
1.0;0.0;0.0;False;0.0
1.0;3.0;1.0;False;0.0
1.0;2.0;0.0;False;0.0
0.0;0.0;0.0;False;0.0
1.0;0.0;0.0;False;0.0
1.0;2.0;0.0;False;0.0
1.0;2.0;0.0;False;0.0
1.0;2.0;0.0;False;0.0
0.0;0.0;0.0;False;0.0
2.0;0.0;1.0;False;0.0
1.0;4.0;2.0;False;0.0
0.0;0.0;0.0;False;0.0
1.0;2.0;0.0;False;0.0
1.0;2.0;0.0;False;0.0
0.0;2.0;0.0;False;0.0
0.0;0.0;0.0;False;0.0
1.0;2.0;0.0;False;0.0
4.0;2.0;0.0;False;0.0
4.0;2.0;0.0;False;0.0
1.0;2.0;0.0;False;0.0
1.0;2.0;0.0;False;0.0
1.0;2.0;0.0;False;0.0
4.0;0.0;1.0;False;0.0
1.0;2.0;0.0;False;0.0
1.0;2.0;0.0;False;0.0
1.0;0.0;0.0;False;0.0
9.0;0.0;1.0;False;0.0
0.0;0.0;0.0;False;0.0
4.0;0.0;1.0;False;0.0
1.0;2.0;0.0;False;0.0
1.0;0.0;0.0;False;0.0
1.0;0.0;0.0;False;0.0
0.0;0.0;0.0;False;0.0
1.0;2.0;0.0;False;0.0
1.0;2.0;0.0;False;0.0
0.0;0.0;0.0;False;0.0
0.0;0.0;0.0;False;0.0
2.0;3.0;1.0;False;1.0
2.0;7.0;5.0;False;2.0
0.0;0.0;0.0;False;0.0
1.0;3.0;1.0;False;0.0
2.0;0.0;0.0;False;0.0
1.0;2.0;0.0;False;0.0
4.0;2.0;0.0;False;0.0
4.0;2.0;0.0;False;0.0
1.0;2.0;0.0;False;0.0
0.0;0.0;0.0;False;0.0
0.0;0.0;0.0;False;0.0
0.0;0.0;0.0;False;0.0
0.0;3.0;0.0;False;0.0
0.0;0.0;0.0;False;0.0
0.0;0.0;0.0;False;0.0
0.0;0.0;0.0;False;0.0
0.0;0.0;0.0;False;0.0
0.0;0.0;0.0;False;0.0
0.0;0.0;0.0;False;0.0
0.0;0.0;0.0;False;0.0
0.0;0.0;0.0;False;0.0
0.0;0.0;0.0;False;0.0
0.0;0.0;0.0;False;0.0
1.0;0.0;0.0;False;0.0
0.0;0.0;0.0;False;0.0
0.0;0.0;0.0;False;0.0
0.0;0.0;0.0;False;0.0
1.0;0.0;0.0;False;0.0
0.0;0.0;0.0;False;0.0
0.0;0.0;0.0;False;0.0
0.0;0.0;0.0;False;0.0
0.0;0.0;0.0;False;0.0
0.0;0.0;0.0;False;0.0
0.0;0.0;0.0;False;0.0
0.0;0.0;0.0;False;0.0
0.0;0.0;0.0;False;0.0
0.0;0.0;0.0;False;0.0
0.0;0.0;0.0;False;0.0
0.0;0.0;0.0;False;0.0
9.0;2.0;0.0;False;0.0
1.0;2.0;0.0;False;0.0
1.0;2.0;0.0;False;0.0
1.0;2.0;0.0;False;0.0
1.0;2.0;0.0;False;1.0
1.0;2.0;0.0;False;1.0
1.0;2.0;0.0;False;2.0
1.0;2.0;0.0;False;0.0
1.0;2.0;0.0;False;1.0
1.0;2.0;0.0;False;1.0
1.0;2.0;0.0;False;9.0
1.0;2.0;0.0;False;0.0
1.0;2.0;0.0;False;0.0
1.0;2.0;0.0;False;1.0
0.0;0.0;0.0;False;0.0
0.0;0.0;0.0;False;0.0
0.0;0.0;0.0;False;0.0
1.0;3.0;1.0;False;0.0
1.0;3.0;1.0;False;0.0
0.0;0.0;0.0;False;0.0
1.0;0.0;0.0;False;0.0
1.0;2.0;0.0;False;0.0
4.0;2.0;0.0;False;0.0
4.0;2.0;0.0;False;0.0
1.0;2.0;0.0;False;0.0
1.0;2.0;0.0;False;0.0
0.0;0.0;0.0;False;0.0
1.0;2.0;0.0;False;0.0
1.0;2.0;0.0;False;0.0
2.0;0.0;1.0;False;0.0
0.0;0.0;0.0;False;0.0
2.0;3.0;1.0;False;1.0
0.0;0.0;0.0;False;0.0
1.0;2.0;0.0;False;0.0
4.0;2.0;0.0;False;0.0
4.0;2.0;0.0;False;0.0
1.0;2.0;0.0;False;0.0
0.0;0.0;0.0;False;0.0
0.0;0.0;0.0;False;0.0
0.0;0.0;0.0;False;0.0
0.0;0.0;0.0;False;0.0
0.0;0.0;0.0;False;0.0
0.0;0.0;0.0;False;0.0
0.0;0.0;0.0;False;0.0
0.0;0.0;0.0;False;0.0
0.0;0.0;0.0;False;0.0
0.0;0.0;0.0;False;0.0
0.0;0.0;0.0;False;0.0
0.0;0.0;0.0;False;0.0
0.0;0.0;0.0;False;0.0
0.0;0.0;0.0;False;0.0
0.0;0.0;0.0;False;0.0
0.0;0.0;0.0;False;0.0
0.0;0.0;0.0;False;0.0
0.0;0.0;0.0;False;0.0
0.0;0.0;0.0;False;0.0
9.0;2.0;0.0;False;0.0
1.0;2.0;0.0;False;0.0
1.0;2.0;0.0;False;0.0
1.0;2.0;0.0;False;0.0
1.0;2.0;0.0;False;1.0
1.0;2.0;0.0;False;1.0
1.0;2.0;0.0;False;0.0
1.0;2.0;0.0;False;0.0
1.0;2.0;0.0;False;1.0
1.0;2.0;0.0;False;1.0
1.0;2.0;0.0;False;0.0
1.0;2.0;0.0;False;0.0
1.0;2.0;0.0;False;0.0
1.0;2.0;0.0;False;0.0
1.0;0.0;0.0;False;0.0
0.0;0.0;0.0;False;0.0
0.0;0.0;0.0;False;0.0
0.0;0.0;0.0;False;0.0
0.0;0.0;0.0;False;0.0
1.0;0.0;0.0;False;0.0
2.0;0.0;2.0;False;1.0
0.0;0.0;0.0;False;0.0
0.0;4.0;0.0;False;0.0
0.0;3.0;0.0;False;0.0
0.0;0.0;0.0;False;0.0
0.0;0.0;0.0;False;0.0
2.0;0.0;4.0;False;0.0
0.0;0.0;0.0;False;0.0
0.0;0.0;0.0;False;0.0
0.0;0.0;0.0;False;0.0
2.0;0.0;4.0;False;0.0
0.0;0.0;0.0;False;0.0
0.0;0.0;0.0;False;0.0
0.0;0.0;0.0;False;0.0
9.0;0.0;2.0;False;0.0
0.0;0.0;0.0;False;0.0
0.0;0.0;0.0;False;0.0
0.0;2.0;0.0;False;0.0
10.0;0.0;2.0;False;0.0
0.0;2.0;0.0;False;0.0
9.0;0.0;2.0;False;0.0
0.0;0.0;0.0;False;0.0
1.0;2.0;0.0;False;0.0
1.0;2.0;0.0;False;0.0
1.0;2.0;0.0;False;0.0
1.0;2.0;0.0;False;0.0
1.0;2.0;0.0;False;0.0
1.0;2.0;0.0;False;0.0
1.0;2.0;0.0;False;0.0
1.0;2.0;0.0;False;0.0
1.0;2.0;0.0;False;0.0
1.0;2.0;0.0;False;0.0
1.0;2.0;0.0;False;0.0
1.0;0.0;0.0;False;0.0
1.0;0.0;0.0;False;0.0
1.0;0.0;0.0;False;0.0
1.0;0.0;0.0;False;0.0
1.0;0.0;0.0;False;0.0
1.0;0.0;0.0;False;0.0
1.0;0.0;0.0;False;0.0
1.0;0.0;0.0;False;0.0
1.0;0.0;0.0;False;0.0
1.0;0.0;0.0;False;0.0
0.0;0.0;0.0;False;0.0
0.0;0.0;0.0;False;0.0
0.0;0.0;0.0;False;0.0
0.0;0.0;0.0;False;0.0
0.0;0.0;0.0;False;0.0
0.0;0.0;0.0;False;0.0
0.0;3.0;0.0;False;0.0
0.0;0.0;0.0;False;0.0
0.0;0.0;0.0;False;0.0
0.0;0.0;0.0;False;0.0
0.0;0.0;0.0;False;0.0
0.0;0.0;0.0;False;0.0
0.0;0.0;0.0;False;0.0
1.0;3.0;0.0;False;0.0
1.0;0.0;0.0;False;0.0
0.0;0.0;0.0;False;0.0
1.0;3.0;0.0;False;0.0
0.0;0.0;0.0;False;0.0
1.0;0.0;1.0;False;0.0
0.0;0.0;0.0;False;0.0
0.0;0.0;0.0;False;0.0
0.0;0.0;0.0;False;0.0
0.0;0.0;0.0;False;0.0
0.0;0.0;0.0;False;0.0
0.0;0.0;0.0;False;0.0
0.0;0.0;0.0;False;0.0
0.0;0.0;0.0;False;0.0
0.0;0.0;0.0;False;0.0
0.0;0.0;0.0;False;0.0
0.0;0.0;0.0;False;0.0
1.0;0.0;0.0;False;0.0
0.0;0.0;0.0;False;0.0
0.0;0.0;0.0;False;0.0
1.0;0.0;0.0;False;0.0
2.0;0.0;1.0;False;0.0
2.0;0.0;1.0;False;0.0
0.0;0.0;0.0;False;0.0
0.0;0.0;0.0;False;0.0
0.0;0.0;0.0;False;0.0
0.0;0.0;0.0;False;0.0
0.0;0.0;0.0;False;0.0
1.0;0.0;0.0;False;0.0
0.0;0.0;0.0;False;0.0
1.0;0.0;0.0;False;0.0
0.0;0.0;0.0;False;0.0
2.0;0.0;0.0;False;0.0
0.0;0.0;0.0;False;0.0
0.0;0.0;0.0;False;0.0
0.0;0.0;0.0;False;0.0
0.0;0.0;0.0;False;0.0
1.0;0.0;0.0;False;0.0
0.0;0.0;0.0;False;0.0
0.0;0.0;0.0;False;0.0
0.0;0.0;0.0;False;0.0
0.0;0.0;0.0;False;0.0
0.0;0.0;0.0;False;0.0
0.0;0.0;0.0;False;0.0
1.0;0.0;0.0;False;0.0
0.0;0.0;0.0;False;0.0
0.0;0.0;0.0;False;0.0
0.0;0.0;0.0;False;0.0
0.0;0.0;0.0;False;0.0
1.0;4.0;1.0;False;0.0
0.0;0.0;0.0;False;0.0
0.0;0.0;0.0;False;0.0
1.0;3.0;0.0;False;0.0
0.0;0.0;0.0;False;0.0
0.0;3.0;0.0;False;0.0
1.0;3.0;0.0;False;0.0
0.0;3.0;0.0;False;0.0
1.0;3.0;0.0;False;0.0
0.0;3.0;0.0;False;0.0
0.0;0.0;0.0;False;0.0
0.0;0.0;0.0;False;0.0
2.0;0.0;1.0;False;0.0
0.0;0.0;0.0;False;0.0
1.0;0.0;1.0;False;0.0
0.0;0.0;0.0;False;0.0
10.0;0.0;2.0;False;0.0
1.0;2.0;0.0;False;0.0
1.0;2.0;0.0;False;0.0
0.0;0.0;0.0;False;0.0
0.0;0.0;0.0;False;0.0
1.0;2.0;0.0;False;0.0
1.0;2.0;0.0;False;0.0
1.0;2.0;0.0;False;0.0
0.0;0.0;0.0;False;0.0
1.0;4.0;2.0;False;0.0
0.0;0.0;0.0;False;0.0
0.0;0.0;0.0;False;0.0
0.0;0.0;0.0;False;0.0
0.0;0.0;0.0;False;0.0
0.0;0.0;0.0;False;0.0
0.0;0.0;0.0;False;0.0
0.0;0.0;0.0;False;0.0
1.0;0.0;0.0;False;0.0
0.0;0.0;0.0;False;0.0
0.0;0.0;0.0;False;0.0
1.0;3.0;1.0;False;2.0
1.0;3.0;1.0;False;1.0
1.0;3.0;1.0;False;1.0
1.0;4.0;2.0;False;0.0
0.0;0.0;0.0;False;0.0
0.0;0.0;0.0;False;0.0
0.0;0.0;0.0;False;0.0
0.0;0.0;0.0;False;0.0
0.0;0.0;0.0;False;0.0
1.0;3.0;1.0;False;0.0
1.0;3.0;1.0;False;0.0
0.0;0.0;0.0;False;0.0
1.0;3.0;1.0;False;0.0
0.0;0.0;0.0;False;0.0
0.0;0.0;0.0;False;0.0
0.0;0.0;0.0;False;0.0
0.0;0.0;0.0;False;0.0
2.0;2.0;0.0;False;0.0
0.0;0.0;0.0;False;0.0
2.0;0.0;0.0;False;0.0
0.0;0.0;0.0;False;0.0
0.0;0.0;0.0;False;0.0
0.0;0.0;0.0;False;0.0
0.0;0.0;0.0;False;0.0
0.0;0.0;0.0;False;0.0
0.0;0.0;0.0;False;0.0
0.0;0.0;0.0;False;0.0
1.0;3.0;1.0;False;0.0
1.0;0.0;0.0;False;0.0
0.0;0.0;0.0;False;0.0
1.0;3.0;1.0;False;0.0
1.0;0.0;0.0;False;0.0
0.0;0.0;0.0;False;0.0
1.0;3.0;1.0;False;0.0
1.0;0.0;0.0;False;0.0
0.0;0.0;0.0;True;0.0
2.0;0.0;0.0;False;0.0
2.0;2.0;0.0;False;0.0
2.0;2.0;0.0;False;1.0
1.0;0.0;0.0;False;0.0
0.0;0.0;0.0;True;0.0
0.0;0.0;0.0;True;0.0
1.0;0.0;0.0;True;0.0
1.0;2.0;0.0;False;0.0
0.0;0.0;0.0;False;0.0
0.0;0.0;0.0;False;0.0
0.0;0.0;0.0;False;0.0
1.0;3.0;0.0;False;0.0
1.0;3.0;0.0;False;0.0
1.0;3.0;0.0;False;0.0
1.0;3.0;0.0;False;0.0
1.0;3.0;0.0;False;0.0
1.0;0.0;0.0;False;0.0
0.0;3.0;0.0;False;0.0
0.0;0.0;0.0;False;0.0
0.0;0.0;0.0;False;0.0
1.0;0.0;0.0;False;0.0
1.0;0.0;0.0;False;0.0
0.0;0.0;0.0;False;0.0
0.0;0.0;0.0;False;0.0
8.0;0.0;1.0;False;2.0
0.0;0.0;0.0;False;0.0
2.0;0.0;2.0;False;11.0
0.0;0.0;0.0;False;0.0
0.0;0.0;0.0;False;0.0
1.0;0.0;0.0;False;0.0
0.0;0.0;0.0;False;0.0
0.0;0.0;0.0;False;0.0
0.0;0.0;0.0;False;0.0
0.0;0.0;0.0;False;0.0
1.0;0.0;0.0;False;0.0
0.0;0.0;0.0;False;0.0
2.0;2.0;0.0;False;0.0
0.0;0.0;0.0;False;0.0
0.0;0.0;0.0;False;0.0
1.0;0.0;0.0;False;0.0
1.0;0.0;1.0;False;0.0
0.0;0.0;0.0;False;0.0
1.0;0.0;0.0;False;0.0
0.0;0.0;0.0;False;0.0
0.0;0.0;0.0;False;0.0
0.0;0.0;0.0;False;0.0
0.0;3.0;0.0;False;0.0
0.0;3.0;0.0;False;0.0
0.0;0.0;0.0;False;0.0
0.0;0.0;0.0;False;0.0
9.0;0.0;0.0;False;0.0
0.0;0.0;0.0;False;0.0
0.0;0.0;0.0;False;0.0
0.0;0.0;0.0;False;0.0
0.0;0.0;0.0;False;0.0
1.0;2.0;0.0;False;0.0
4.0;2.0;0.0;False;0.0
4.0;2.0;0.0;False;0.0
1.0;2.0;0.0;False;0.0
0.0;0.0;0.0;False;0.0
1.0;2.0;0.0;False;0.0
1.0;2.0;0.0;False;0.0
0.0;0.0;0.0;False;0.0
1.0;0.0;0.0;False;0.0
1.0;0.0;0.0;False;0.0
1.0;0.0;2.0;False;0.0
0.0;0.0;0.0;False;0.0
1.0;3.0;1.0;False;0.0
0.0;0.0;0.0;False;0.0
1.0;0.0;0.0;False;0.0
1.0;0.0;0.0;False;0.0
0.0;0.0;0.0;False;0.0
0.0;3.0;0.0;False;0.0
0.0;3.0;0.0;False;0.0
0.0;0.0;0.0;False;0.0
0.0;0.0;0.0;False;0.0
1.0;2.0;0.0;False;0.0
4.0;2.0;0.0;False;0.0
4.0;2.0;0.0;False;0.0
1.0;2.0;0.0;False;0.0
1.0;2.0;0.0;False;0.0
1.0;2.0;0.0;False;0.0
1.0;2.0;0.0;False;0.0
1.0;2.0;0.0;False;0.0
0.0;0.0;0.0;False;0.0
0.0;0.0;0.0;False;0.0
0.0;0.0;0.0;False;0.0
1.0;2.0;0.0;False;0.0
1.0;3.0;0.0;False;0.0
1.0;0.0;0.0;False;0.0
0.0;0.0;0.0;False;0.0
1.0;0.0;0.0;False;0.0
0.0;0.0;0.0;False;0.0
1.0;0.0;0.0;False;0.0
0.0;0.0;0.0;False;0.0
1.0;2.0;0.0;False;0.0
0.0;0.0;0.0;False;0.0
1.0;2.0;0.0;False;0.0
1.0;0.0;0.0;False;0.0
0.0;0.0;0.0;True;0.0
0.0;0.0;0.0;True;0.0
1.0;0.0;0.0;True;0.0
0.0;0.0;0.0;False;0.0
0.0;0.0;0.0;False;0.0
1.0;2.0;0.0;False;0.0
1.0;2.0;0.0;False;0.0
1.0;2.0;0.0;False;0.0
1.0;0.0;0.0;False;0.0
1.0;0.0;0.0;False;0.0
1.0;2.0;0.0;False;0.0
1.0;2.0;0.0;False;0.0
0.0;0.0;0.0;False;0.0
4.0;0.0;1.0;False;0.0
4.0;0.0;1.0;False;0.0
1.0;3.0;1.0;False;0.0
0.0;0.0;0.0;False;0.0
0.0;0.0;0.0;False;0.0
0.0;0.0;0.0;False;0.0
0.0;0.0;0.0;False;0.0
1.0;0.0;0.0;False;0.0
4.0;0.0;0.0;False;0.0
4.0;2.0;0.0;False;0.0
1.0;2.0;0.0;False;0.0
0.0;0.0;0.0;False;0.0
0.0;0.0;0.0;False;0.0
4.0;0.0;0.0;False;1.0
0.0;0.0;0.0;False;0.0
1.0;2.0;0.0;False;0.0
1.0;3.0;1.0;False;0.0
1.0;3.0;1.0;False;0.0
1.0;2.0;0.0;False;0.0
1.0;2.0;0.0;False;0.0
1.0;2.0;0.0;False;0.0
1.0;2.0;0.0;False;0.0
1.0;3.0;1.0;False;0.0
1.0;3.0;1.0;False;0.0
1.0;2.0;0.0;False;0.0
4.0;2.0;0.0;False;0.0
1.0;4.0;2.0;False;0.0
1.0;2.0;0.0;False;0.0
0.0;0.0;0.0;False;0.0
0.0;0.0;0.0;False;0.0
0.0;0.0;0.0;False;0.0
0.0;0.0;0.0;False;0.0
0.0;0.0;0.0;False;0.0
0.0;0.0;0.0;False;0.0
0.0;0.0;0.0;False;0.0
0.0;0.0;0.0;False;0.0
1.0;2.0;0.0;False;0.0
0.0;0.0;0.0;True;0.0
0.0;0.0;0.0;False;0.0
1.0;0.0;0.0;False;0.0
1.0;0.0;0.0;False;0.0
0.0;0.0;0.0;False;0.0
0.0;0.0;0.0;False;0.0
2.0;0.0;0.0;False;0.0
0.0;0.0;0.0;False;0.0
0.0;0.0;0.0;False;0.0
0.0;0.0;0.0;False;0.0
0.0;0.0;0.0;False;0.0
0.0;0.0;0.0;False;0.0
0.0;0.0;0.0;False;0.0
0.0;0.0;0.0;False;0.0
0.0;0.0;0.0;False;0.0
0.0;0.0;0.0;False;0.0
0.0;0.0;0.0;False;0.0
1.0;0.0;0.0;False;0.0
1.0;0.0;0.0;False;0.0
1.0;2.0;0.0;False;0.0
1.0;2.0;0.0;False;0.0
1.0;0.0;0.0;False;0.0
0.0;0.0;0.0;False;0.0
0.0;0.0;0.0;False;0.0
1.0;0.0;0.0;False;0.0
1.0;2.0;0.0;False;0.0
1.0;0.0;0.0;False;0.0
1.0;0.0;0.0;False;0.0
0.0;0.0;0.0;False;0.0
0.0;0.0;0.0;False;0.0
2.0;0.0;0.0;False;0.0
0.0;0.0;0.0;False;0.0
0.0;0.0;0.0;False;0.0
0.0;0.0;0.0;False;0.0
1.0;2.0;0.0;False;0.0
0.0;0.0;0.0;True;0.0
1.0;2.0;0.0;False;0.0
9.0;0.0;0.0;False;0.0
0.0;0.0;0.0;False;0.0
0.0;0.0;0.0;False;0.0
0.0;0.0;0.0;True;0.0
0.0;0.0;0.0;False;0.0
0.0;0.0;0.0;False;0.0
1.0;3.0;0.0;False;0.0
1.0;0.0;0.0;False;0.0
0.0;0.0;0.0;False;0.0
1.0;3.0;0.0;False;0.0
0.0;0.0;0.0;False;0.0
0.0;3.0;0.0;False;0.0
0.0;0.0;0.0;False;0.0
2.0;3.0;0.0;False;0.0
1.0;0.0;0.0;False;0.0
1.0;3.0;0.0;False;0.0
1.0;3.0;0.0;False;0.0
0.0;0.0;0.0;False;0.0
0.0;0.0;0.0;False;0.0
0.0;0.0;0.0;False;0.0
0.0;3.0;0.0;False;0.0
0.0;0.0;0.0;False;0.0
0.0;0.0;0.0;True;0.0
0.0;0.0;0.0;False;0.0
0.0;0.0;0.0;False;0.0
0.0;0.0;0.0;False;0.0
0.0;0.0;0.0;False;0.0
0.0;0.0;0.0;False;0.0
0.0;0.0;0.0;False;0.0
0.0;0.0;0.0;False;0.0
0.0;0.0;0.0;False;0.0
0.0;3.0;0.0;False;0.0
0.0;0.0;0.0;False;0.0
0.0;3.0;0.0;False;0.0
0.0;0.0;0.0;False;0.0
0.0;0.0;0.0;False;0.0
1.0;3.0;0.0;False;0.0
1.0;0.0;0.0;False;0.0
1.0;3.0;0.0;False;0.0
1.0;0.0;0.0;False;0.0
0.0;3.0;0.0;False;0.0
1.0;0.0;0.0;False;0.0
1.0;3.0;0.0;False;0.0
1.0;0.0;0.0;False;0.0
1.0;3.0;0.0;False;0.0
1.0;0.0;0.0;False;0.0
0.0;0.0;0.0;False;0.0
0.0;0.0;0.0;False;0.0
0.0;0.0;0.0;False;0.0
0.0;0.0;0.0;False;0.0
1.0;3.0;1.0;False;0.0
1.0;0.0;2.0;False;0.0
0.0;0.0;0.0;False;0.0
0.0;0.0;0.0;False;0.0
0.0;0.0;0.0;False;0.0
1.0;2.0;0.0;False;0.0
0.0;0.0;0.0;False;0.0
0.0;0.0;0.0;False;0.0
0.0;0.0;0.0;False;0.0
0.0;0.0;0.0;False;0.0
0.0;0.0;0.0;False;0.0
0.0;0.0;0.0;False;0.0
0.0;0.0;0.0;False;0.0
1.0;4.0;2.0;False;0.0
1.0;2.0;0.0;False;0.0
0.0;0.0;0.0;True;0.0
0.0;0.0;0.0;True;0.0
0.0;0.0;0.0;True;0.0
0.0;0.0;0.0;True;0.0
0.0;0.0;0.0;False;0.0
1.0;2.0;0.0;False;0.0
0.0;0.0;0.0;False;0.0
2.0;3.0;1.0;False;0.0
0.0;0.0;0.0;True;0.0
4.0;0.0;1.0;True;1.0
4.0;0.0;2.0;False;1.0
0.0;0.0;0.0;False;0.0
1.0;0.0;1.0;True;0.0
0.0;0.0;0.0;False;0.0
0.0;0.0;0.0;True;0.0
1.0;2.0;0.0;False;0.0
0.0;0.0;0.0;True;0.0
0.0;0.0;0.0;True;0.0
0.0;0.0;0.0;True;0.0
0.0;0.0;0.0;True;0.0
0.0;0.0;0.0;False;0.0
0.0;0.0;0.0;True;0.0
0.0;0.0;0.0;False;0.0
0.0;0.0;0.0;False;0.0
0.0;0.0;0.0;False;0.0
0.0;0.0;0.0;False;0.0
0.0;0.0;0.0;False;0.0
0.0;0.0;0.0;False;0.0
0.0;0.0;0.0;False;0.0
1.0;3.0;1.0;False;0.0
0.0;0.0;0.0;False;0.0
0.0;0.0;0.0;True;0.0
0.0;0.0;0.0;False;0.0
0.0;0.0;0.0;False;0.0
0.0;3.0;0.0;False;0.0
1.0;3.0;0.0;False;0.0
1.0;3.0;0.0;False;1.0
0.0;0.0;0.0;False;0.0
1.0;3.0;0.0;False;1.0
1.0;5.0;2.0;False;1.0
0.0;3.0;0.0;False;0.0
0.0;0.0;0.0;False;0.0
1025.0;0.0;0.0;False;0.0
1025.0;0.0;0.0;False;0.0
0.0;0.0;0.0;False;0.0
0.0;0.0;0.0;False;0.0
2.0;3.0;1.0;False;4.0
2.0;0.0;2.0;False;0.0
0.0;0.0;0.0;False;0.0
1.0;0.0;0.0;False;0.0
0.0;0.0;0.0;False;0.0
0.0;0.0;0.0;False;0.0
0.0;0.0;0.0;False;0.0
0.0;0.0;0.0;True;0.0
1.0;2.0;0.0;False;0.0
1.0;2.0;0.0;False;0.0
1.0;2.0;0.0;False;0.0
8.0;0.0;0.0;False;0.0
0.0;0.0;0.0;False;0.0
0.0;0.0;0.0;False;0.0
0.0;0.0;0.0;False;0.0
4.0;0.0;0.0;False;0.0
0.0;0.0;0.0;False;0.0
0.0;0.0;0.0;False;0.0
0.0;5.0;0.0;False;0.0
0.0;0.0;0.0;False;0.0
0.0;0.0;0.0;False;0.0
1.0;2.0;0.0;False;0.0
9.0;0.0;0.0;False;0.0
1.0;2.0;0.0;False;0.0
1.0;2.0;0.0;False;0.0
1.0;2.0;0.0;False;0.0
1.0;0.0;0.0;False;0.0
0.0;0.0;0.0;False;0.0
0.0;0.0;0.0;False;0.0
0.0;5.0;0.0;False;0.0
0.0;0.0;0.0;False;0.0
0.0;0.0;0.0;False;0.0
0.0;0.0;0.0;False;0.0
1.0;0.0;0.0;False;0.0
4.0;0.0;0.0;False;0.0
0.0;0.0;0.0;False;0.0
0.0;0.0;0.0;False;0.0
0.0;5.0;0.0;False;0.0
0.0;0.0;0.0;False;0.0
0.0;0.0;0.0;False;0.0
0.0;0.0;0.0;False;0.0
0.0;0.0;0.0;False;0.0
4.0;0.0;0.0;False;0.0
0.0;0.0;0.0;False;0.0
1.0;2.0;0.0;False;0.0
1.0;2.0;0.0;False;0.0
0.0;0.0;0.0;False;0.0
0.0;0.0;0.0;False;0.0
0.0;0.0;0.0;False;0.0
0.0;0.0;0.0;False;0.0
1.0;0.0;2.0;False;0.0
4.0;0.0;0.0;False;0.0
1.0;0.0;0.0;False;0.0
0.0;0.0;0.0;False;0.0
0.0;0.0;0.0;False;0.0
0.0;0.0;0.0;False;0.0
0.0;0.0;0.0;False;0.0
0.0;7.0;0.0;False;0.0
0.0;0.0;0.0;False;0.0
0.0;0.0;0.0;False;0.0
0.0;0.0;0.0;False;0.0
0.0;0.0;0.0;False;0.0
1.0;0.0;0.0;False;0.0
1.0;0.0;0.0;False;0.0
0.0;0.0;0.0;False;0.0
0.0;0.0;0.0;False;0.0
0.0;5.0;0.0;False;0.0
0.0;0.0;0.0;False;0.0
0.0;0.0;0.0;False;0.0
0.0;0.0;0.0;False;0.0
1.0;2.0;0.0;False;0.0
1.0;2.0;0.0;False;0.0
1.0;0.0;0.0;False;0.0
1.0;2.0;0.0;False;0.0
0.0;0.0;0.0;False;0.0
1.0;2.0;0.0;False;0.0
1.0;2.0;0.0;False;0.0
1.0;2.0;0.0;False;0.0
1.0;2.0;0.0;False;0.0
1.0;2.0;0.0;False;0.0
1.0;2.0;0.0;False;0.0
1.0;0.0;0.0;False;0.0
1.0;2.0;0.0;False;0.0
1.0;0.0;0.0;False;0.0
1.0;2.0;0.0;False;0.0
1.0;2.0;0.0;False;0.0
1.0;0.0;0.0;False;0.0
1.0;2.0;0.0;False;0.0
1.0;2.0;0.0;False;0.0
0.0;0.0;0.0;False;0.0
0.0;0.0;0.0;False;0.0
0.0;5.0;0.0;False;0.0
0.0;0.0;0.0;False;0.0
0.0;0.0;0.0;False;0.0
0.0;0.0;0.0;False;0.0
1.0;0.0;0.0;False;0.0
4.0;0.0;0.0;False;0.0
0.0;0.0;0.0;False;0.0
0.0;0.0;0.0;False;0.0
0.0;5.0;0.0;False;0.0
0.0;0.0;0.0;False;0.0
0.0;0.0;0.0;False;0.0
0.0;0.0;0.0;False;0.0
0.0;0.0;0.0;False;0.0
1.0;0.0;0.0;False;0.0
0.0;0.0;0.0;False;0.0
0.0;0.0;0.0;False;0.0
0.0;5.0;0.0;False;0.0
0.0;0.0;0.0;False;0.0
0.0;0.0;0.0;False;0.0
0.0;0.0;0.0;False;0.0
1.0;0.0;0.0;False;0.0
1.0;0.0;0.0;False;0.0
0.0;0.0;0.0;False;0.0
0.0;0.0;0.0;False;0.0
0.0;6.0;0.0;False;0.0
0.0;0.0;0.0;False;0.0
0.0;0.0;0.0;False;0.0
0.0;0.0;0.0;False;0.0
1.0;0.0;1.0;False;0.0
1.0;0.0;0.0;False;0.0
0.0;0.0;0.0;False;0.0
0.0;0.0;0.0;False;0.0
0.0;0.0;0.0;False;0.0
0.0;7.0;0.0;False;0.0
0.0;0.0;0.0;False;0.0
0.0;0.0;0.0;False;0.0
0.0;0.0;0.0;False;0.0
0.0;0.0;0.0;False;0.0
0.0;0.0;0.0;False;0.0
1.0;0.0;2.0;False;0.0
4.0;0.0;0.0;False;0.0
1.0;0.0;0.0;False;0.0
0.0;0.0;0.0;False;0.0
0.0;0.0;0.0;False;0.0
1.0;2.0;0.0;False;0.0
1.0;2.0;0.0;False;0.0
1.0;3.0;1.0;False;0.0
0.0;0.0;0.0;False;0.0
0.0;0.0;0.0;False;0.0
0.0;0.0;0.0;False;0.0
4.0;0.0;0.0;False;0.0
1.0;0.0;0.0;False;0.0
0.0;0.0;0.0;False;0.0
1.0;0.0;0.0;False;0.0
0.0;0.0;0.0;False;0.0
0.0;0.0;0.0;False;0.0
0.0;6.0;0.0;False;0.0
0.0;0.0;0.0;False;0.0
0.0;0.0;0.0;False;0.0
0.0;0.0;0.0;False;0.0
0.0;0.0;0.0;False;0.0
0.0;0.0;0.0;False;0.0
1.0;2.0;0.0;False;0.0
1.0;2.0;0.0;False;0.0
1.0;2.0;0.0;False;0.0
1.0;2.0;0.0;False;0.0
0.0;0.0;0.0;False;0.0
0.0;0.0;0.0;False;0.0
0.0;0.0;0.0;False;0.0
4.0;0.0;0.0;False;0.0
1.0;0.0;0.0;False;0.0
0.0;0.0;0.0;False;0.0
1.0;0.0;0.0;False;0.0
1.0;0.0;0.0;False;0.0
1.0;0.0;0.0;False;0.0
0.0;0.0;0.0;False;0.0
0.0;0.0;0.0;False;0.0
0.0;0.0;0.0;False;0.0
0.0;7.0;0.0;False;0.0
0.0;0.0;0.0;False;0.0
0.0;0.0;0.0;False;0.0
0.0;0.0;0.0;False;0.0
0.0;0.0;0.0;False;0.0
0.0;0.0;0.0;False;0.0
0.0;0.0;0.0;False;0.0
0.0;0.0;0.0;False;0.0
0.0;0.0;0.0;False;0.0
0.0;0.0;0.0;False;0.0
1.0;2.0;0.0;False;0.0
1.0;2.0;0.0;False;0.0
1.0;2.0;0.0;False;0.0
1.0;0.0;0.0;False;0.0
0.0;0.0;0.0;False;0.0
0.0;0.0;0.0;False;0.0
0.0;7.0;0.0;False;0.0
0.0;0.0;0.0;False;0.0
0.0;0.0;0.0;False;0.0
0.0;0.0;0.0;False;0.0
0.0;0.0;0.0;False;0.0
0.0;0.0;0.0;False;0.0
1.0;0.0;2.0;False;0.0
4.0;0.0;0.0;False;0.0
0.0;0.0;0.0;False;0.0
0.0;0.0;0.0;False;0.0
0.0;0.0;0.0;False;0.0
0.0;0.0;0.0;False;0.0
0.0;0.0;0.0;False;0.0
1.0;0.0;1.0;False;0.0
0.0;0.0;0.0;False;0.0
1.0;0.0;0.0;False;0.0
0.0;0.0;0.0;False;0.0
1.0;0.0;0.0;False;0.0
0.0;0.0;0.0;False;0.0
0.0;0.0;0.0;False;0.0
0.0;0.0;0.0;False;0.0
0.0;0.0;0.0;False;0.0
0.0;0.0;0.0;False;0.0
1.0;0.0;0.0;False;0.0
1.0;0.0;0.0;False;0.0
0.0;0.0;0.0;False;0.0
0.0;0.0;0.0;False;0.0
1.0;0.0;0.0;False;0.0
0.0;0.0;0.0;False;0.0
4.0;6.0;0.0;False;0.0
0.0;0.0;0.0;False;0.0
0.0;0.0;0.0;False;0.0
0.0;0.0;0.0;False;0.0
1.0;0.0;0.0;False;0.0
1.0;0.0;0.0;False;0.0
1.0;0.0;0.0;False;0.0
0.0;0.0;0.0;False;0.0
0.0;0.0;0.0;False;0.0
0.0;0.0;0.0;False;0.0
0.0;0.0;0.0;False;0.0
0.0;0.0;0.0;False;0.0
0.0;5.0;0.0;False;0.0
0.0;0.0;0.0;False;0.0
0.0;0.0;0.0;False;0.0
0.0;0.0;0.0;False;0.0
1.0;0.0;0.0;False;0.0
0.0;0.0;0.0;False;0.0
0.0;0.0;0.0;False;0.0
0.0;5.0;0.0;False;0.0
0.0;0.0;0.0;False;0.0
0.0;0.0;0.0;False;0.0
0.0;0.0;0.0;False;0.0
1.0;2.0;0.0;False;0.0
1.0;2.0;0.0;False;0.0
1.0;2.0;0.0;False;0.0
1.0;0.0;0.0;False;0.0
0.0;0.0;0.0;False;0.0
0.0;0.0;0.0;False;0.0
0.0;5.0;0.0;False;0.0
0.0;0.0;0.0;False;0.0
0.0;0.0;0.0;False;0.0
0.0;0.0;0.0;False;0.0
1.0;0.0;0.0;False;0.0
1.0;0.0;0.0;False;0.0
0.0;0.0;0.0;False;0.0
0.0;0.0;0.0;False;0.0
0.0;0.0;1.0;False;0.0
4.0;0.0;0.0;False;0.0
1.0;0.0;0.0;False;0.0
0.0;0.0;0.0;False;0.0
0.0;0.0;0.0;False;0.0
0.0;0.0;0.0;False;0.0
0.0;5.0;0.0;False;0.0
0.0;0.0;0.0;False;0.0
0.0;0.0;0.0;False;0.0
0.0;0.0;0.0;False;0.0
9.0;0.0;0.0;False;0.0
9.0;0.0;0.0;False;0.0
9.0;0.0;0.0;False;0.0
9.0;0.0;0.0;False;0.0
9.0;0.0;0.0;False;0.0
9.0;0.0;0.0;False;0.0
9.0;0.0;0.0;False;0.0
0.0;0.0;0.0;False;0.0
0.0;0.0;0.0;False;0.0
0.0;0.0;0.0;False;0.0
4.0;0.0;0.0;False;0.0
1.0;0.0;0.0;False;0.0
0.0;0.0;0.0;False;0.0
0.0;0.0;0.0;False;0.0
0.0;5.0;0.0;False;0.0
0.0;0.0;0.0;False;0.0
0.0;0.0;0.0;False;0.0
0.0;0.0;0.0;False;0.0
0.0;0.0;0.0;False;0.0
0.0;0.0;0.0;False;0.0
1.0;0.0;0.0;False;0.0
1.0;0.0;0.0;False;0.0
1.0;0.0;0.0;False;0.0
0.0;0.0;0.0;False;0.0
0.0;0.0;0.0;False;0.0
0.0;5.0;0.0;False;0.0
0.0;0.0;0.0;False;0.0
0.0;0.0;0.0;False;0.0
0.0;0.0;0.0;False;0.0
0.0;0.0;0.0;False;0.0
0.0;0.0;0.0;False;0.0
1.0;0.0;0.0;False;0.0
0.0;0.0;0.0;False;0.0
1.0;0.0;1.0;False;0.0
0.0;0.0;0.0;False;0.0
1.0;0.0;0.0;False;0.0
1.0;0.0;0.0;False;0.0
1.0;0.0;0.0;False;0.0
0.0;0.0;0.0;False;0.0
1.0;0.0;0.0;False;0.0
1.0;0.0;0.0;False;0.0
0.0;0.0;0.0;False;0.0
0.0;0.0;0.0;False;0.0
1.0;0.0;0.0;False;0.0
0.0;0.0;0.0;False;0.0
4.0;6.0;0.0;False;0.0
0.0;0.0;0.0;False;0.0
0.0;0.0;0.0;False;0.0
0.0;0.0;0.0;False;0.0
1.0;0.0;0.0;False;0.0
0.0;0.0;0.0;False;0.0
0.0;0.0;0.0;False;0.0
0.0;0.0;0.0;False;0.0
0.0;0.0;0.0;False;0.0
0.0;0.0;0.0;False;0.0
0.0;0.0;0.0;False;0.0
4.0;0.0;0.0;False;0.0
1.0;0.0;0.0;False;0.0
1.0;0.0;0.0;False;0.0
0.0;0.0;0.0;False;0.0
0.0;0.0;0.0;False;0.0
0.0;5.0;0.0;False;0.0
0.0;0.0;0.0;False;0.0
0.0;0.0;0.0;False;0.0
0.0;0.0;0.0;False;0.0
0.0;0.0;0.0;False;0.0
0.0;0.0;0.0;False;0.0
0.0;5.0;0.0;False;0.0
0.0;0.0;0.0;False;0.0
0.0;3.0;0.0;False;0.0
0.0;0.0;0.0;False;0.0
0.0;0.0;0.0;False;0.0
0.0;0.0;0.0;False;0.0
0.0;0.0;0.0;False;0.0
0.0;0.0;0.0;False;0.0
1.0;0.0;0.0;False;0.0
1.0;0.0;0.0;False;0.0
1.0;0.0;0.0;False;0.0
1.0;0.0;0.0;False;0.0
0.0;0.0;0.0;False;0.0
0.0;0.0;0.0;False;0.0
0.0;5.0;0.0;False;0.0
0.0;0.0;0.0;False;0.0
0.0;0.0;0.0;False;0.0
0.0;3.0;0.0;False;0.0
0.0;0.0;0.0;False;0.0
0.0;0.0;0.0;False;0.0
1.0;0.0;0.0;False;0.0
1.0;0.0;0.0;False;0.0
0.0;0.0;0.0;False;0.0
1.0;0.0;0.0;False;0.0
0.0;0.0;0.0;False;0.0
0.0;0.0;0.0;False;0.0
1.0;0.0;0.0;False;0.0
1.0;0.0;0.0;False;0.0
4.0;0.0;0.0;False;0.0
1.0;0.0;0.0;False;0.0
4.0;0.0;0.0;False;0.0
1.0;0.0;0.0;False;0.0
1.0;0.0;0.0;False;0.0
0.0;0.0;0.0;False;0.0
0.0;0.0;0.0;False;0.0
0.0;0.0;0.0;False;0.0
0.0;5.0;0.0;False;0.0
0.0;0.0;0.0;False;0.0
0.0;0.0;0.0;False;0.0
0.0;0.0;0.0;False;0.0
0.0;0.0;0.0;False;0.0
0.0;3.0;0.0;False;0.0
0.0;0.0;0.0;False;0.0
0.0;0.0;0.0;False;0.0
1.0;0.0;0.0;False;0.0
1.0;0.0;0.0;False;0.0
1.0;0.0;0.0;False;0.0
4.0;0.0;0.0;False;0.0
1.0;0.0;0.0;False;0.0
1.0;0.0;0.0;False;0.0
1.0;0.0;0.0;False;0.0
1.0;0.0;0.0;False;0.0
0.0;0.0;0.0;False;0.0
0.0;0.0;0.0;False;0.0
0.0;0.0;0.0;False;0.0
0.0;0.0;0.0;False;0.0
0.0;5.0;0.0;False;0.0
0.0;0.0;0.0;False;0.0
0.0;0.0;0.0;False;0.0
0.0;0.0;0.0;False;0.0
0.0;0.0;0.0;False;0.0
0.0;3.0;0.0;False;0.0
9.0;0.0;0.0;False;0.0
9.0;0.0;0.0;False;0.0
9.0;0.0;0.0;False;0.0
9.0;0.0;0.0;False;0.0
9.0;0.0;0.0;False;0.0
9.0;0.0;0.0;False;0.0
0.0;0.0;0.0;False;0.0
0.0;0.0;0.0;False;0.0
1.0;0.0;0.0;False;0.0
1.0;0.0;0.0;False;0.0
4.0;0.0;0.0;False;0.0
1.0;0.0;0.0;False;0.0
4.0;0.0;0.0;False;0.0
1.0;0.0;0.0;False;0.0
1.0;0.0;0.0;False;0.0
0.0;0.0;0.0;False;0.0
0.0;0.0;0.0;False;0.0
0.0;0.0;0.0;False;0.0
0.0;5.0;0.0;False;0.0
0.0;0.0;0.0;False;0.0
0.0;0.0;0.0;False;0.0
0.0;0.0;0.0;False;0.0
0.0;0.0;0.0;False;0.0
0.0;3.0;0.0;False;0.0
0.0;0.0;0.0;False;0.0
0.0;0.0;0.0;False;0.0
4.0;0.0;0.0;False;0.0
4.0;0.0;0.0;False;0.0
0.0;0.0;0.0;False;0.0
0.0;0.0;0.0;False;0.0
0.0;5.0;0.0;False;0.0
0.0;0.0;0.0;False;0.0
0.0;0.0;0.0;False;0.0
0.0;0.0;0.0;False;0.0
0.0;5.0;0.0;False;0.0
0.0;0.0;0.0;False;0.0
0.0;0.0;0.0;False;0.0
0.0;0.0;0.0;False;0.0
0.0;0.0;0.0;False;0.0
0.0;0.0;0.0;False;0.0
0.0;0.0;0.0;False;0.0
0.0;3.0;0.0;False;0.0
0.0;0.0;0.0;False;0.0
0.0;0.0;0.0;False;0.0
1.0;0.0;0.0;False;0.0
4.0;0.0;0.0;False;0.0
1.0;0.0;0.0;False;0.0
1.0;0.0;0.0;False;0.0
4.0;0.0;0.0;False;0.0
1.0;0.0;0.0;False;0.0
1.0;0.0;0.0;False;0.0
1.0;0.0;0.0;False;0.0
0.0;0.0;0.0;False;0.0
0.0;0.0;0.0;False;0.0
0.0;5.0;0.0;False;0.0
0.0;0.0;0.0;False;0.0
0.0;0.0;0.0;False;0.0
0.0;0.0;0.0;False;0.0
0.0;0.0;0.0;False;0.0
4.0;0.0;0.0;False;0.0
4.0;0.0;0.0;False;0.0
1.0;0.0;0.0;False;0.0
0.0;0.0;0.0;False;0.0
0.0;0.0;0.0;False;0.0
1.0;0.0;0.0;False;0.0
0.0;0.0;0.0;False;0.0
0.0;0.0;0.0;False;0.0
0.0;0.0;0.0;False;0.0
0.0;5.0;0.0;False;0.0
0.0;0.0;0.0;False;0.0
9.0;0.0;0.0;False;0.0
0.0;0.0;0.0;False;0.0
4.0;4.0;3.0;False;0.0
0.0;3.0;0.0;False;0.0
2.0;0.0;1.0;False;0.0
0.0;0.0;0.0;False;0.0
0.0;0.0;0.0;False;0.0
0.0;0.0;0.0;False;0.0
4.0;2.0;1.0;False;0.0
0.0;2.0;0.0;False;0.0
4.0;0.0;4.0;False;0.0
0.0;0.0;0.0;False;0.0
0.0;0.0;0.0;False;0.0
0.0;0.0;0.0;False;0.0
0.0;0.0;0.0;False;0.0
9.0;0.0;0.0;False;0.0
9.0;0.0;0.0;False;0.0
9.0;0.0;0.0;False;0.0
0.0;0.0;0.0;False;0.0
0.0;0.0;0.0;False;0.0
0.0;0.0;0.0;False;0.0
1.0;2.0;0.0;False;0.0
0.0;0.0;0.0;False;0.0
4.0;2.0;1.0;False;0.0
0.0;2.0;0.0;False;0.0
0.0;0.0;0.0;False;0.0
0.0;0.0;0.0;False;0.0
0.0;5.0;0.0;False;0.0
0.0;0.0;0.0;False;0.0
0.0;0.0;0.0;False;0.0
0.0;0.0;0.0;False;0.0
0.0;0.0;0.0;False;0.0
1.0;0.0;0.0;False;0.0
4.0;0.0;0.0;False;0.0
1.0;0.0;0.0;False;0.0
0.0;0.0;0.0;False;0.0
0.0;0.0;0.0;False;0.0
0.0;0.0;0.0;False;0.0
0.0;6.0;0.0;False;0.0
0.0;0.0;0.0;False;0.0
0.0;0.0;0.0;False;0.0
0.0;0.0;0.0;False;0.0
0.0;3.0;0.0;False;0.0
0.0;0.0;0.0;False;0.0
0.0;0.0;0.0;False;0.0
1.0;0.0;0.0;False;0.0
1.0;0.0;1.0;False;0.0
4.0;0.0;0.0;False;0.0
1.0;0.0;0.0;False;0.0
1.0;0.0;0.0;False;0.0
0.0;0.0;0.0;False;0.0
9.0;0.0;0.0;False;0.0
9.0;0.0;0.0;False;0.0
0.0;0.0;0.0;False;0.0
0.0;0.0;0.0;False;0.0
0.0;0.0;0.0;False;0.0
1.0;0.0;0.0;False;0.0
4.0;0.0;0.0;False;0.0
0.0;0.0;0.0;False;0.0
0.0;0.0;0.0;False;0.0
0.0;0.0;0.0;False;0.0
0.0;0.0;0.0;False;0.0
0.0;5.0;0.0;False;0.0
0.0;0.0;0.0;False;0.0
0.0;3.0;0.0;False;0.0
0.0;0.0;0.0;False;0.0
0.0;0.0;0.0;False;0.0
0.0;0.0;0.0;False;0.0
0.0;0.0;0.0;False;0.0
4.0;0.0;0.0;False;0.0
0.0;0.0;0.0;False;0.0
0.0;0.0;0.0;False;0.0
0.0;0.0;0.0;False;0.0
0.0;5.0;0.0;False;0.0
0.0;0.0;0.0;False;0.0
0.0;0.0;0.0;False;0.0
0.0;0.0;0.0;False;0.0
1.0;0.0;0.0;False;0.0
4.0;0.0;0.0;False;0.0
1.0;0.0;0.0;False;0.0
0.0;0.0;0.0;False;0.0
0.0;0.0;0.0;False;0.0
0.0;5.0;0.0;False;0.0
0.0;0.0;0.0;False;0.0
0.0;3.0;0.0;False;0.0
0.0;0.0;0.0;False;0.0
0.0;0.0;0.0;False;0.0
0.0;6.0;0.0;False;0.0
0.0;0.0;0.0;False;0.0
0.0;0.0;0.0;False;0.0
0.0;0.0;0.0;False;0.0
0.0;0.0;0.0;False;0.0
0.0;0.0;0.0;False;0.0
0.0;0.0;0.0;False;0.0
4.0;0.0;0.0;False;0.0
1.0;0.0;0.0;False;0.0
1.0;0.0;0.0;False;0.0
9.0;0.0;0.0;False;0.0
9.0;0.0;0.0;False;0.0
9.0;0.0;0.0;False;0.0
9.0;0.0;0.0;False;0.0
0.0;0.0;0.0;True;0.0
0.0;0.0;0.0;True;0.0
0.0;0.0;0.0;True;0.0
0.0;0.0;0.0;False;0.0
0.0;0.0;0.0;False;0.0
0.0;0.0;0.0;False;0.0
0.0;0.0;0.0;True;0.0
0.0;0.0;0.0;True;0.0
0.0;0.0;0.0;False;0.0
1.0;0.0;0.0;False;0.0
0.0;0.0;0.0;False;0.0
0.0;0.0;0.0;False;0.0
0.0;0.0;0.0;False;0.0
0.0;0.0;0.0;False;0.0
0.0;0.0;0.0;False;0.0
0.0;0.0;0.0;False;0.0
0.0;0.0;0.0;False;0.0
0.0;0.0;0.0;False;0.0
0.0;0.0;0.0;False;0.0
0.0;0.0;0.0;False;0.0
1.0;2.0;0.0;False;0.0
0.0;0.0;0.0;False;0.0
0.0;0.0;0.0;False;0.0
0.0;0.0;0.0;False;0.0
0.0;0.0;0.0;False;0.0
0.0;0.0;0.0;False;0.0
0.0;0.0;0.0;False;0.0
0.0;0.0;0.0;True;0.0
0.0;0.0;0.0;False;0.0
0.0;0.0;0.0;False;0.0
4.0;0.0;1.0;False;8.0
1.0;0.0;1.0;False;0.0
33.0;2.0;0.0;False;0.0
1.0;2.0;0.0;False;0.0
33.0;0.0;0.0;False;0.0
0.0;0.0;0.0;False;0.0
0.0;0.0;0.0;False;0.0
0.0;0.0;0.0;False;0.0
1.0;2.0;0.0;False;0.0
1.0;4.0;2.0;False;0.0
1.0;2.0;0.0;False;0.0
1.0;2.0;0.0;False;0.0
1.0;2.0;0.0;False;0.0
1.0;2.0;0.0;False;0.0
1.0;0.0;3.0;False;0.0
0.0;0.0;0.0;False;0.0
1.0;0.0;0.0;False;0.0
0.0;6.0;0.0;False;0.0
0.0;0.0;0.0;False;0.0
0.0;0.0;0.0;False;0.0
0.0;0.0;0.0;False;0.0
4.0;0.0;2.0;False;0.0
0.0;0.0;0.0;False;0.0
0.0;0.0;0.0;False;0.0
0.0;0.0;0.0;False;0.0
0.0;0.0;0.0;False;0.0
0.0;0.0;0.0;True;0.0
0.0;0.0;0.0;False;0.0
0.0;0.0;0.0;False;0.0
0.0;0.0;0.0;False;0.0
0.0;0.0;0.0;False;0.0
2.0;0.0;4.0;False;0.0
1.0;2.0;0.0;False;0.0
4.0;3.0;1.0;False;1.0
4.0;2.0;0.0;False;0.0
1.0;2.0;0.0;False;0.0
4.0;0.0;0.0;False;0.0
4.0;0.0;1.0;False;0.0
0.0;0.0;0.0;False;0.0
1.0;0.0;0.0;False;0.0
0.0;0.0;0.0;False;0.0
0.0;0.0;0.0;False;0.0
1.0;0.0;0.0;False;0.0
0.0;0.0;0.0;False;0.0
0.0;0.0;0.0;False;0.0
0.0;0.0;0.0;False;0.0
10.0;0.0;1.0;False;0.0
0.0;0.0;0.0;False;0.0
0.0;0.0;0.0;False;0.0
0.0;0.0;0.0;False;0.0
10.0;0.0;0.0;False;0.0
0.0;0.0;0.0;False;0.0
0.0;0.0;0.0;False;0.0
0.0;0.0;0.0;False;0.0
0.0;0.0;0.0;False;0.0
0.0;0.0;0.0;False;0.0
0.0;3.0;0.0;False;0.0
1.0;3.0;0.0;False;0.0
1.0;3.0;0.0;False;0.0
0.0;0.0;0.0;False;0.0
10.0;2.0;0.0;True;0.0
0.0;0.0;0.0;False;0.0
0.0;0.0;0.0;False;0.0
0.0;0.0;0.0;False;0.0
1.0;3.0;1.0;False;0.0
1.0;0.0;2.0;False;0.0
0.0;0.0;0.0;False;0.0
2.0;0.0;1.0;False;0.0
0.0;0.0;0.0;False;0.0
1.0;0.0;1.0;False;0.0
0.0;0.0;0.0;False;0.0
0.0;0.0;0.0;False;0.0
0.0;0.0;0.0;False;0.0
0.0;0.0;0.0;True;0.0
0.0;0.0;0.0;False;0.0
0.0;0.0;0.0;False;0.0
0.0;0.0;0.0;False;0.0
0.0;0.0;0.0;False;0.0
0.0;0.0;0.0;False;0.0
1.0;0.0;2.0;False;0.0
1.0;0.0;0.0;False;0.0
0.0;0.0;0.0;False;0.0
0.0;0.0;0.0;False;0.0
1.0;0.0;0.0;False;0.0
0.0;0.0;0.0;False;0.0
0.0;0.0;0.0;False;0.0
0.0;0.0;0.0;False;0.0
0.0;0.0;0.0;False;0.0
0.0;0.0;0.0;False;0.0
0.0;0.0;0.0;False;0.0
0.0;0.0;0.0;False;0.0
0.0;0.0;0.0;False;0.0
0.0;0.0;0.0;False;0.0
0.0;0.0;0.0;False;0.0
0.0;0.0;0.0;False;0.0
4.0;0.0;0.0;False;0.0
0.0;3.0;0.0;False;0.0
1.0;3.0;0.0;False;0.0
1.0;3.0;0.0;False;0.0
0.0;3.0;0.0;False;0.0
0.0;3.0;0.0;False;0.0
1.0;3.0;0.0;False;0.0
1.0;3.0;0.0;False;0.0
1.0;5.0;2.0;False;2.0
1.0;3.0;0.0;False;0.0
1.0;0.0;0.0;False;0.0
1.0;3.0;0.0;False;0.0
1.0;3.0;0.0;False;0.0
0.0;0.0;0.0;False;0.0
0.0;0.0;0.0;False;0.0
0.0;0.0;0.0;False;0.0
1.0;0.0;0.0;False;0.0
0.0;0.0;0.0;False;0.0
0.0;0.0;0.0;False;0.0
0.0;0.0;0.0;False;0.0
0.0;0.0;0.0;False;0.0
1.0;2.0;0.0;False;0.0
1.0;2.0;0.0;False;0.0
1.0;2.0;0.0;False;0.0
1.0;2.0;0.0;False;0.0
1.0;0.0;4.0;False;0.0
0.0;0.0;0.0;False;0.0
0.0;0.0;0.0;False;0.0
0.0;0.0;0.0;False;0.0
0.0;0.0;0.0;False;0.0
0.0;0.0;0.0;False;0.0
1.0;0.0;0.0;False;0.0
0.0;0.0;0.0;False;0.0
0.0;0.0;0.0;False;0.0
1.0;2.0;0.0;False;0.0
1.0;4.0;2.0;False;0.0
1.0;2.0;0.0;False;0.0
1.0;2.0;0.0;False;0.0
1.0;2.0;1.0;False;1.0
1.0;2.0;0.0;False;0.0
1.0;0.0;3.0;False;0.0
0.0;0.0;0.0;False;0.0
1.0;0.0;0.0;False;0.0
0.0;6.0;0.0;False;0.0
0.0;0.0;0.0;False;0.0
1.0;2.0;0.0;False;0.0
1.0;2.0;0.0;False;0.0
1.0;2.0;0.0;False;0.0
0.0;0.0;0.0;False;0.0
0.0;0.0;0.0;False;0.0
0.0;0.0;0.0;False;0.0
0.0;0.0;0.0;False;0.0
4.0;2.0;0.0;False;0.0
1.0;0.0;0.0;False;0.0
0.0;0.0;0.0;False;0.0
1.0;2.0;0.0;False;0.0
0.0;0.0;0.0;False;0.0
1.0;3.0;0.0;False;0.0
1.0;0.0;0.0;False;0.0
0.0;0.0;0.0;False;0.0
4.0;0.0;0.0;False;0.0
0.0;0.0;0.0;False;0.0
1.0;0.0;0.0;False;0.0
0.0;0.0;0.0;False;0.0
0.0;0.0;0.0;False;0.0
1.0;2.0;0.0;False;0.0
0.0;0.0;0.0;False;0.0
1.0;2.0;0.0;False;0.0
0.0;0.0;0.0;False;0.0
1.0;2.0;0.0;False;0.0
9.0;0.0;1.0;False;1.0
9.0;4.0;2.0;False;0.0
0.0;0.0;0.0;False;0.0
9.0;4.0;2.0;False;0.0
9.0;2.0;0.0;False;0.0
9.0;0.0;1.0;False;0.0
9.0;0.0;1.0;False;0.0
9.0;0.0;1.0;False;0.0
9.0;0.0;0.0;False;0.0
0.0;0.0;0.0;False;0.0
1.0;2.0;0.0;False;0.0
1.0;2.0;0.0;False;0.0
0.0;0.0;0.0;False;0.0
1.0;0.0;0.0;False;0.0
0.0;0.0;0.0;False;0.0
0.0;0.0;0.0;False;0.0
0.0;0.0;0.0;False;0.0
0.0;0.0;0.0;False;0.0
1.0;0.0;2.0;False;0.0
1.0;0.0;1.0;False;0.0
0.0;0.0;0.0;False;0.0
0.0;0.0;0.0;False;0.0
0.0;0.0;0.0;False;0.0
0.0;0.0;0.0;False;0.0
1.0;0.0;1.0;False;0.0
1.0;0.0;1.0;False;0.0
0.0;0.0;0.0;False;0.0
0.0;0.0;0.0;False;0.0
0.0;0.0;0.0;False;0.0
0.0;0.0;0.0;False;0.0
0.0;0.0;0.0;False;0.0
1.0;2.0;0.0;False;0.0
0.0;0.0;0.0;False;0.0
0.0;0.0;0.0;False;0.0
0.0;0.0;0.0;False;0.0
0.0;0.0;0.0;False;0.0
10.0;0.0;3.0;False;0.0
0.0;0.0;0.0;False;0.0
0.0;0.0;0.0;False;0.0
0.0;0.0;0.0;False;0.0
0.0;0.0;0.0;False;0.0
0.0;0.0;0.0;False;0.0
0.0;0.0;0.0;False;0.0
1.0;0.0;0.0;False;0.0
0.0;0.0;0.0;False;0.0
0.0;0.0;0.0;False;0.0
0.0;0.0;0.0;False;0.0
0.0;0.0;0.0;False;0.0
0.0;0.0;0.0;False;0.0
1.0;2.0;0.0;False;1.0
1.0;2.0;1.0;False;1.0
1.0;0.0;0.0;False;0.0
1.0;2.0;0.0;False;1.0
0.0;0.0;0.0;False;0.0
1.0;2.0;0.0;False;1.0
0.0;0.0;0.0;False;0.0
0.0;0.0;0.0;False;0.0
0.0;0.0;0.0;False;0.0
0.0;0.0;0.0;False;0.0
4.0;0.0;1.0;False;0.0
0.0;0.0;0.0;False;0.0
1.0;2.0;0.0;False;0.0
0.0;0.0;0.0;False;0.0
2.0;2.0;0.0;False;0.0
0.0;0.0;0.0;False;0.0
4.0;4.0;2.0;False;0.0
0.0;0.0;0.0;False;0.0
0.0;0.0;0.0;False;0.0
0.0;0.0;0.0;False;0.0
0.0;0.0;0.0;False;0.0
0.0;0.0;0.0;False;0.0
1.0;0.0;0.0;False;0.0
0.0;0.0;0.0;False;0.0
0.0;0.0;0.0;False;0.0
1.0;0.0;2.0;False;0.0
0.0;0.0;0.0;False;0.0
10.0;2.0;0.0;False;0.0
10.0;2.0;0.0;False;0.0
10.0;2.0;0.0;False;0.0
10.0;2.0;0.0;False;0.0
10.0;2.0;0.0;False;0.0
10.0;2.0;0.0;False;0.0
10.0;2.0;0.0;False;0.0
10.0;2.0;0.0;False;0.0
0.0;0.0;0.0;False;0.0
10.0;2.0;0.0;False;0.0
10.0;2.0;0.0;False;0.0
10.0;2.0;0.0;False;0.0
10.0;2.0;0.0;False;0.0
0.0;0.0;0.0;False;0.0
0.0;0.0;0.0;False;0.0
0.0;0.0;0.0;False;0.0
0.0;0.0;0.0;False;0.0
0.0;0.0;0.0;False;0.0
0.0;0.0;0.0;False;0.0
0.0;0.0;0.0;False;0.0
0.0;0.0;0.0;False;0.0
0.0;0.0;0.0;False;0.0
1.0;3.0;1.0;False;0.0
0.0;0.0;0.0;False;0.0
0.0;0.0;0.0;False;0.0
0.0;0.0;0.0;False;0.0
1.0;3.0;1.0;False;0.0
0.0;0.0;0.0;False;0.0
1.0;2.0;1.0;False;0.0
1.0;2.0;0.0;False;0.0
0.0;0.0;0.0;False;0.0
1.0;2.0;0.0;False;0.0
1.0;2.0;0.0;False;0.0
1.0;3.0;1.0;False;0.0
1.0;2.0;0.0;False;0.0
9.0;0.0;0.0;False;0.0
0.0;0.0;0.0;False;0.0
1.0;2.0;0.0;False;0.0
0.0;0.0;0.0;False;0.0
1.0;2.0;0.0;False;0.0
1.0;0.0;0.0;False;0.0
0.0;0.0;0.0;False;0.0
1.0;2.0;0.0;False;0.0
1.0;2.0;0.0;False;0.0
1.0;0.0;0.0;False;0.0
1.0;0.0;0.0;False;0.0
1.0;0.0;0.0;False;0.0
1.0;2.0;0.0;False;0.0
1.0;2.0;0.0;False;0.0
1.0;3.0;1.0;False;0.0
1.0;2.0;0.0;False;0.0
1.0;2.0;0.0;False;0.0
1.0;0.0;0.0;False;0.0
1.0;0.0;0.0;False;0.0
0.0;0.0;0.0;False;0.0
1.0;0.0;0.0;False;0.0
1.0;0.0;0.0;False;0.0
1.0;0.0;0.0;False;0.0
1.0;0.0;0.0;False;0.0
1.0;0.0;1.0;False;0.0
1.0;2.0;0.0;False;0.0
1.0;2.0;0.0;False;0.0
1.0;2.0;0.0;False;0.0
1.0;3.0;1.0;False;0.0
1.0;2.0;0.0;False;0.0
1.0;3.0;1.0;False;0.0
1.0;3.0;1.0;False;0.0
1.0;2.0;0.0;False;0.0
1.0;3.0;1.0;False;3.0
1.0;0.0;0.0;False;0.0
0.0;0.0;0.0;False;0.0
0.0;0.0;0.0;False;0.0
1.0;0.0;0.0;False;0.0
0.0;0.0;0.0;False;0.0
1.0;0.0;0.0;False;0.0
0.0;0.0;0.0;False;0.0
1.0;0.0;2.0;False;0.0
1.0;0.0;1.0;False;0.0
1.0;0.0;0.0;False;0.0
10.0;0.0;1.0;False;1.0
1.0;0.0;0.0;False;0.0
1.0;2.0;0.0;False;0.0
1.0;2.0;0.0;False;0.0
1.0;2.0;0.0;False;0.0
0.0;0.0;0.0;False;0.0
1.0;2.0;0.0;False;0.0
0.0;0.0;0.0;False;0.0
1.0;2.0;0.0;False;0.0
1.0;2.0;0.0;False;0.0
1.0;2.0;0.0;False;0.0
1.0;2.0;0.0;False;0.0
1.0;0.0;0.0;False;0.0
1.0;0.0;0.0;False;0.0
1.0;0.0;0.0;False;0.0
1.0;0.0;0.0;False;0.0
1.0;0.0;0.0;False;0.0
0.0;0.0;0.0;False;0.0
1.0;2.0;0.0;False;0.0
1.0;2.0;0.0;False;0.0
0.0;0.0;0.0;False;0.0
0.0;0.0;0.0;False;0.0
1.0;0.0;1.0;False;0.0
1.0;0.0;1.0;False;0.0
1.0;2.0;0.0;False;0.0
1.0;2.0;0.0;False;0.0
1.0;2.0;0.0;False;0.0
1.0;2.0;0.0;False;0.0
2.0;0.0;1.0;False;0.0
1.0;0.0;0.0;False;0.0
1.0;0.0;0.0;False;0.0
1.0;0.0;0.0;False;0.0
1.0;0.0;1.0;False;0.0
1.0;2.0;0.0;False;0.0
10.0;0.0;1.0;False;2.0
10.0;0.0;2.0;False;0.0
9.0;0.0;3.0;False;0.0
10.0;0.0;3.0;False;0.0
10.0;0.0;1.0;False;0.0
0.0;0.0;0.0;False;0.0
0.0;0.0;0.0;False;0.0
1.0;2.0;0.0;False;0.0
1.0;2.0;0.0;False;0.0
0.0;0.0;0.0;False;0.0
0.0;0.0;0.0;False;0.0
1.0;2.0;0.0;False;0.0
1.0;2.0;0.0;False;0.0
1.0;2.0;0.0;False;0.0
1.0;2.0;0.0;False;0.0
0.0;0.0;0.0;False;0.0
0.0;0.0;0.0;False;0.0
0.0;0.0;0.0;False;0.0
0.0;0.0;0.0;False;0.0
1.0;2.0;0.0;False;0.0
0.0;0.0;0.0;False;0.0
0.0;0.0;0.0;False;0.0
1.0;2.0;0.0;False;0.0
1.0;2.0;0.0;False;0.0
1.0;2.0;0.0;False;0.0
1.0;2.0;0.0;False;0.0
1.0;2.0;0.0;False;0.0
1.0;2.0;0.0;False;0.0
1.0;2.0;0.0;False;0.0
1.0;2.0;0.0;False;0.0
0.0;0.0;0.0;False;0.0
0.0;0.0;0.0;False;0.0
1.0;2.0;0.0;False;0.0
1.0;2.0;0.0;False;0.0
1.0;2.0;0.0;False;0.0
1.0;2.0;0.0;False;0.0
1.0;2.0;0.0;False;0.0
0.0;0.0;0.0;False;0.0
0.0;0.0;0.0;False;0.0
0.0;0.0;0.0;False;0.0
1.0;2.0;0.0;False;0.0
0.0;0.0;0.0;False;0.0
0.0;0.0;0.0;False;0.0
0.0;0.0;0.0;True;0.0
1.0;2.0;0.0;False;0.0
1.0;2.0;0.0;False;0.0
1.0;2.0;0.0;False;0.0
1.0;2.0;0.0;False;0.0
0.0;0.0;0.0;True;0.0
1.0;2.0;0.0;False;0.0
1.0;0.0;0.0;True;0.0
0.0;0.0;0.0;False;0.0
0.0;0.0;0.0;False;0.0
0.0;0.0;0.0;False;0.0
1.0;0.0;0.0;False;0.0
1.0;2.0;0.0;False;0.0
1.0;2.0;0.0;False;0.0
1.0;2.0;0.0;False;0.0
1.0;2.0;0.0;False;0.0
1.0;2.0;0.0;False;0.0
1.0;2.0;0.0;False;0.0
1.0;2.0;0.0;False;0.0
1.0;2.0;0.0;False;0.0
1.0;2.0;0.0;False;0.0
1.0;2.0;0.0;False;0.0
1.0;2.0;0.0;False;0.0
1.0;2.0;0.0;False;0.0
1.0;3.0;0.0;False;0.0
0.0;0.0;0.0;False;0.0
10.0;2.0;0.0;False;0.0
0.0;0.0;0.0;False;0.0
2.0;0.0;0.0;False;0.0
0.0;0.0;0.0;False;0.0
2.0;0.0;0.0;False;0.0
10.0;2.0;0.0;False;0.0
10.0;0.0;0.0;False;3.0
1.0;2.0;0.0;False;0.0
1.0;2.0;0.0;False;0.0
1.0;2.0;0.0;False;0.0
1.0;2.0;0.0;False;0.0
1.0;2.0;0.0;False;1.0
1.0;2.0;0.0;False;0.0
1.0;2.0;0.0;False;0.0
1.0;2.0;0.0;False;1.0
0.0;0.0;0.0;False;0.0
0.0;0.0;0.0;False;0.0
1.0;2.0;0.0;False;0.0
1.0;2.0;0.0;False;0.0
0.0;0.0;0.0;False;0.0
0.0;0.0;0.0;False;0.0
1.0;2.0;0.0;False;0.0
1.0;2.0;0.0;False;0.0
1.0;2.0;0.0;False;0.0
1.0;2.0;0.0;False;0.0
0.0;0.0;0.0;False;0.0
1.0;2.0;0.0;False;0.0
0.0;0.0;0.0;False;0.0
0.0;0.0;0.0;False;0.0
1.0;2.0;0.0;False;0.0
1.0;2.0;0.0;False;0.0
0.0;0.0;0.0;False;0.0
1.0;2.0;0.0;False;0.0
1.0;2.0;0.0;False;0.0
1.0;2.0;0.0;False;0.0
1.0;2.0;0.0;False;0.0
1.0;2.0;0.0;False;0.0
1.0;2.0;0.0;False;0.0
1.0;2.0;0.0;False;0.0
1.0;2.0;0.0;False;0.0
0.0;0.0;0.0;False;0.0
0.0;0.0;0.0;False;0.0
1.0;2.0;0.0;False;0.0
1.0;2.0;0.0;False;0.0
1.0;2.0;0.0;False;0.0
1.0;2.0;0.0;False;0.0
0.0;0.0;0.0;False;0.0
1.0;2.0;0.0;False;0.0
0.0;0.0;0.0;False;0.0
0.0;0.0;0.0;False;0.0
1.0;2.0;0.0;False;0.0
1.0;2.0;0.0;False;0.0
1.0;2.0;0.0;False;0.0
1.0;2.0;0.0;False;0.0
0.0;0.0;0.0;False;0.0
1.0;2.0;0.0;False;0.0
1.0;2.0;0.0;False;0.0
0.0;0.0;0.0;False;0.0
0.0;0.0;0.0;False;0.0
0.0;0.0;0.0;False;0.0
0.0;0.0;0.0;False;0.0
0.0;0.0;0.0;False;0.0
0.0;0.0;0.0;False;0.0
0.0;0.0;0.0;False;0.0
0.0;0.0;0.0;False;0.0
0.0;0.0;0.0;False;0.0
1.0;2.0;0.0;False;0.0
1.0;0.0;0.0;False;0.0
0.0;0.0;0.0;False;0.0
1.0;3.0;1.0;False;0.0
1.0;3.0;1.0;False;0.0
1.0;3.0;1.0;False;0.0
1.0;3.0;1.0;False;0.0
1.0;3.0;1.0;False;0.0
1.0;2.0;0.0;False;0.0
0.0;0.0;0.0;False;0.0
0.0;0.0;0.0;False;0.0
1.0;2.0;0.0;False;0.0
9.0;2.0;0.0;False;0.0
1.0;2.0;0.0;False;2.0
1.0;2.0;0.0;False;2.0
1.0;2.0;0.0;False;2.0
1.0;2.0;0.0;False;2.0
1.0;2.0;0.0;False;2.0
1.0;2.0;0.0;False;2.0
1.0;2.0;0.0;False;2.0
1.0;2.0;0.0;False;0.0
1.0;2.0;0.0;False;2.0
1.0;2.0;0.0;False;2.0
0.0;0.0;0.0;False;0.0
1.0;2.0;0.0;False;0.0
1.0;2.0;0.0;False;0.0
0.0;0.0;0.0;False;0.0
10.0;0.0;0.0;False;0.0
0.0;0.0;0.0;False;0.0
0.0;0.0;0.0;False;0.0
0.0;0.0;0.0;False;0.0
10.0;0.0;0.0;False;0.0
1.0;2.0;0.0;False;0.0
1.0;2.0;0.0;False;0.0
1.0;2.0;0.0;False;0.0
1.0;3.0;1.0;False;0.0
1.0;2.0;0.0;False;0.0
1.0;2.0;0.0;False;0.0
1.0;2.0;0.0;False;2.0
1.0;2.0;0.0;False;0.0
1.0;2.0;0.0;False;0.0
1.0;2.0;0.0;False;0.0
0.0;0.0;0.0;False;0.0
1.0;2.0;0.0;False;0.0
1.0;2.0;0.0;False;0.0
1.0;2.0;0.0;False;0.0
1.0;0.0;0.0;False;0.0
1.0;3.0;1.0;False;1.0
1.0;2.0;0.0;False;0.0
1.0;2.0;0.0;False;0.0
1.0;2.0;0.0;False;0.0
1.0;2.0;0.0;False;0.0
1.0;2.0;0.0;False;0.0
1.0;2.0;0.0;False;0.0
1.0;2.0;0.0;False;0.0
1.0;2.0;0.0;False;0.0
1.0;2.0;0.0;False;0.0
1.0;2.0;0.0;False;0.0
1.0;2.0;0.0;False;0.0
1.0;3.0;1.0;False;1.0
1.0;2.0;0.0;False;0.0
0.0;0.0;0.0;False;0.0
1.0;2.0;0.0;False;0.0
0.0;0.0;0.0;False;0.0
1.0;2.0;0.0;False;1.0
1.0;2.0;0.0;False;0.0
1.0;2.0;0.0;False;0.0
1.0;2.0;0.0;False;0.0
1.0;2.0;0.0;False;0.0
1.0;2.0;0.0;False;0.0
1.0;2.0;0.0;False;0.0
0.0;0.0;0.0;False;0.0
0.0;0.0;0.0;False;0.0
1.0;2.0;0.0;False;0.0
1.0;2.0;0.0;False;0.0
1.0;2.0;0.0;False;0.0
1.0;2.0;0.0;False;0.0
1.0;2.0;0.0;False;1.0
0.0;0.0;0.0;False;0.0
1.0;3.0;1.0;False;0.0
1.0;2.0;0.0;False;1.0
1.0;2.0;0.0;False;0.0
1.0;2.0;0.0;False;0.0
1.0;2.0;0.0;False;0.0
1.0;2.0;0.0;False;0.0
1.0;2.0;0.0;False;0.0
1.0;2.0;0.0;False;0.0
1.0;2.0;0.0;False;0.0
1.0;2.0;0.0;False;0.0
1.0;2.0;0.0;False;0.0
0.0;0.0;0.0;False;0.0
0.0;0.0;0.0;False;0.0
0.0;0.0;0.0;False;0.0
1.0;2.0;0.0;False;1.0
1.0;2.0;0.0;False;1.0
1.0;2.0;0.0;False;1.0
1.0;2.0;0.0;False;1.0
0.0;0.0;0.0;False;0.0
0.0;0.0;0.0;False;0.0
0.0;0.0;0.0;False;0.0
0.0;0.0;0.0;False;0.0
0.0;0.0;0.0;False;0.0
1.0;2.0;0.0;False;0.0
1.0;2.0;0.0;False;0.0
1.0;2.0;0.0;False;0.0
1.0;2.0;0.0;False;0.0
1.0;2.0;0.0;False;0.0
1.0;2.0;0.0;False;0.0
1.0;2.0;0.0;False;0.0
1.0;2.0;0.0;False;0.0
1.0;2.0;0.0;False;0.0
1.0;3.0;1.0;False;0.0
0.0;0.0;0.0;False;0.0
0.0;0.0;0.0;False;0.0
1.0;2.0;0.0;False;0.0
1.0;0.0;0.0;False;0.0
1.0;2.0;0.0;False;0.0
1.0;2.0;0.0;False;0.0
1.0;2.0;0.0;False;0.0
0.0;0.0;0.0;False;0.0
1.0;2.0;0.0;False;0.0
0.0;0.0;0.0;False;0.0
0.0;0.0;0.0;False;0.0
0.0;0.0;0.0;False;0.0
1.0;2.0;0.0;False;0.0
1.0;2.0;0.0;False;0.0
1.0;2.0;0.0;False;0.0
0.0;0.0;0.0;False;0.0
1.0;2.0;0.0;False;0.0
1.0;2.0;0.0;False;0.0
1.0;2.0;0.0;False;0.0
1.0;2.0;0.0;False;0.0
1.0;2.0;0.0;False;0.0
1.0;2.0;0.0;False;0.0
1.0;2.0;0.0;False;0.0
1.0;2.0;0.0;False;0.0
1.0;2.0;0.0;False;0.0
0.0;0.0;0.0;True;0.0
1.0;2.0;0.0;False;0.0
1.0;2.0;0.0;False;0.0
1.0;0.0;0.0;False;0.0
1.0;2.0;0.0;False;0.0
1.0;2.0;0.0;False;0.0
1.0;2.0;0.0;False;0.0
1.0;2.0;0.0;False;0.0
1.0;2.0;0.0;False;0.0
1.0;2.0;0.0;False;0.0
1.0;2.0;0.0;False;0.0
1.0;2.0;0.0;False;0.0
1.0;2.0;0.0;False;0.0
1.0;2.0;0.0;False;0.0
1.0;2.0;0.0;False;0.0
1.0;2.0;0.0;False;0.0
1.0;2.0;0.0;False;0.0
1.0;0.0;0.0;False;0.0
0.0;0.0;0.0;False;0.0
1.0;0.0;0.0;False;0.0
1.0;0.0;0.0;False;0.0
1.0;0.0;0.0;False;0.0
1.0;0.0;0.0;False;0.0
1.0;0.0;0.0;False;0.0
1.0;0.0;0.0;False;0.0
1.0;0.0;0.0;False;0.0
1.0;0.0;0.0;False;0.0
1.0;0.0;0.0;False;0.0
0.0;0.0;0.0;False;0.0
1.0;0.0;0.0;False;0.0
1.0;0.0;0.0;False;0.0
1.0;0.0;0.0;False;0.0
1.0;0.0;0.0;False;0.0
1.0;0.0;0.0;False;0.0
0.0;0.0;0.0;False;0.0
1.0;0.0;0.0;False;0.0
1.0;0.0;0.0;False;0.0
0.0;0.0;0.0;False;0.0
1.0;4.0;2.0;False;1.0
1.0;0.0;2.0;False;1.0
1.0;3.0;1.0;True;0.0
1.0;2.0;0.0;False;1.0
1.0;2.0;0.0;False;0.0
1.0;2.0;0.0;False;1.0
0.0;0.0;0.0;False;0.0
1.0;0.0;0.0;False;0.0
1.0;0.0;1.0;False;2.0
1.0;0.0;0.0;False;0.0
1.0;2.0;0.0;False;1.0
1.0;0.0;0.0;False;0.0
1.0;0.0;0.0;False;1.0
0.0;0.0;0.0;False;0.0
1.0;0.0;0.0;False;0.0
1.0;0.0;0.0;False;1.0
1.0;0.0;0.0;False;0.0
0.0;0.0;0.0;False;0.0
1.0;2.0;0.0;False;0.0
1.0;3.0;1.0;False;0.0
0.0;0.0;0.0;False;0.0
0.0;0.0;0.0;False;0.0
1.0;0.0;1.0;False;0.0
0.0;0.0;0.0;False;0.0
0.0;0.0;0.0;False;0.0
0.0;0.0;0.0;False;0.0
0.0;0.0;0.0;False;0.0
0.0;0.0;0.0;False;0.0
1.0;2.0;0.0;False;2.0
9.0;3.0;1.0;False;0.0
10.0;2.0;0.0;False;1.0
2.0;2.0;0.0;False;0.0
1.0;0.0;0.0;False;0.0
1.0;0.0;0.0;False;0.0
10.0;2.0;0.0;False;9.0
0.0;0.0;0.0;False;0.0
0.0;0.0;0.0;False;0.0
10.0;2.0;0.0;False;0.0
9.0;2.0;0.0;False;0.0
1.0;2.0;0.0;False;0.0
1.0;2.0;0.0;False;0.0
9.0;2.0;0.0;False;0.0
10.0;2.0;0.0;False;1.0
10.0;2.0;0.0;False;0.0
10.0;2.0;0.0;False;0.0
9.0;2.0;0.0;False;0.0
2.0;0.0;0.0;False;0.0
1.0;2.0;0.0;False;0.0
1.0;2.0;0.0;False;0.0
1.0;2.0;0.0;False;0.0
1.0;2.0;0.0;False;0.0
9.0;2.0;0.0;False;0.0
9.0;2.0;0.0;False;0.0
0.0;0.0;0.0;False;0.0
0.0;0.0;0.0;False;0.0
9.0;0.0;0.0;False;1.0
0.0;0.0;0.0;False;0.0
9.0;2.0;0.0;False;0.0
0.0;0.0;0.0;False;0.0
0.0;0.0;0.0;False;0.0
0.0;0.0;0.0;False;0.0
0.0;0.0;0.0;False;0.0
9.0;0.0;0.0;False;0.0
0.0;0.0;0.0;False;0.0
0.0;0.0;0.0;False;0.0
9.0;0.0;1.0;False;0.0
0.0;0.0;0.0;False;0.0
0.0;0.0;0.0;False;0.0
0.0;0.0;0.0;False;0.0
0.0;0.0;0.0;False;0.0
0.0;0.0;0.0;False;0.0
1.0;0.0;0.0;False;0.0
1.0;2.0;0.0;False;0.0
1.0;2.0;0.0;False;0.0
1.0;2.0;0.0;False;0.0
1.0;2.0;0.0;False;0.0
1.0;2.0;0.0;False;0.0
1.0;2.0;0.0;False;0.0
1.0;2.0;0.0;False;0.0
9.0;2.0;0.0;False;0.0
0.0;0.0;0.0;False;0.0
1.0;0.0;0.0;False;0.0
1.0;2.0;0.0;False;0.0
1.0;2.0;0.0;False;0.0
1.0;2.0;0.0;False;0.0
1.0;0.0;0.0;False;0.0
1.0;2.0;0.0;False;0.0
1.0;2.0;0.0;False;0.0
1.0;0.0;0.0;False;0.0
1.0;2.0;0.0;False;0.0
1.0;2.0;0.0;False;0.0
1.0;0.0;0.0;False;0.0
1.0;2.0;0.0;False;0.0
1.0;2.0;0.0;False;0.0
1.0;2.0;0.0;False;0.0
1.0;2.0;0.0;False;0.0
1.0;2.0;0.0;False;0.0
1.0;2.0;0.0;False;0.0
1.0;2.0;0.0;False;0.0
1.0;2.0;0.0;False;0.0
1.0;0.0;0.0;False;0.0
1.0;2.0;0.0;False;0.0
1.0;0.0;0.0;False;0.0
1.0;2.0;0.0;False;0.0
1.0;0.0;0.0;False;0.0
1.0;2.0;0.0;False;0.0
1.0;0.0;0.0;False;0.0
1.0;2.0;0.0;False;0.0
1.0;2.0;0.0;False;0.0
1.0;2.0;0.0;False;0.0
1.0;2.0;0.0;False;0.0
1.0;2.0;0.0;False;0.0
1.0;2.0;0.0;False;0.0
1.0;0.0;0.0;False;0.0
1.0;2.0;0.0;False;0.0
1.0;2.0;0.0;False;0.0
1.0;0.0;0.0;False;0.0
1.0;0.0;0.0;False;0.0
1.0;2.0;0.0;False;0.0
1.0;2.0;0.0;False;0.0
1.0;2.0;0.0;False;0.0
1.0;2.0;0.0;False;0.0
1.0;2.0;0.0;False;0.0
1.0;2.0;0.0;False;0.0
1.0;0.0;0.0;False;0.0
1.0;2.0;0.0;False;0.0
1.0;2.0;0.0;False;0.0
1.0;2.0;0.0;False;0.0
1.0;2.0;0.0;False;0.0
1.0;0.0;0.0;False;0.0
1.0;2.0;0.0;False;0.0
1.0;2.0;0.0;False;0.0
1.0;2.0;0.0;False;0.0
1.0;2.0;0.0;False;0.0
1.0;2.0;0.0;False;0.0
1.0;2.0;0.0;False;0.0
1.0;2.0;0.0;False;0.0
1.0;2.0;0.0;False;0.0
1.0;2.0;0.0;False;0.0
1.0;0.0;0.0;False;0.0
1.0;2.0;0.0;False;0.0
1.0;2.0;0.0;False;0.0
1.0;2.0;0.0;False;0.0
1.0;2.0;0.0;False;0.0
1.0;2.0;0.0;False;0.0
1.0;2.0;0.0;False;0.0
1.0;2.0;0.0;False;0.0
1.0;2.0;0.0;False;0.0
1.0;0.0;0.0;False;0.0
1.0;0.0;0.0;False;0.0
1.0;0.0;0.0;False;0.0
1.0;0.0;0.0;False;0.0
1.0;0.0;0.0;False;0.0
1.0;0.0;0.0;False;0.0
1.0;2.0;0.0;False;0.0
0.0;0.0;0.0;False;0.0
0.0;0.0;0.0;False;0.0
1.0;0.0;0.0;False;0.0
1.0;0.0;0.0;False;0.0
1.0;0.0;0.0;False;0.0
1.0;0.0;0.0;False;0.0
1.0;0.0;0.0;False;0.0
1.0;2.0;0.0;False;0.0
1.0;2.0;0.0;False;0.0
1.0;2.0;0.0;False;0.0
1.0;0.0;0.0;False;0.0
1.0;2.0;0.0;False;0.0
1.0;0.0;0.0;False;0.0
1.0;2.0;0.0;False;0.0
1.0;2.0;0.0;False;0.0
1.0;2.0;0.0;False;0.0
1.0;2.0;0.0;False;0.0
1.0;2.0;0.0;False;0.0
1.0;2.0;0.0;False;0.0
1.0;2.0;0.0;False;0.0
0.0;0.0;0.0;False;0.0
0.0;0.0;0.0;False;0.0
1.0;0.0;0.0;False;0.0
1.0;0.0;0.0;False;0.0
0.0;0.0;0.0;False;0.0
1.0;0.0;0.0;False;0.0
0.0;0.0;0.0;False;0.0
1.0;0.0;0.0;False;0.0
1.0;0.0;0.0;False;0.0
1.0;0.0;1.0;False;0.0
0.0;0.0;0.0;False;0.0
1.0;0.0;0.0;False;0.0
0.0;0.0;0.0;False;0.0
0.0;0.0;0.0;False;0.0
1.0;0.0;3.0;False;14.0
1.0;0.0;2.0;False;0.0
10.0;0.0;0.0;False;0.0
1.0;0.0;0.0;False;0.0
0.0;0.0;0.0;False;0.0
1.0;0.0;0.0;False;0.0
1.0;2.0;0.0;False;0.0
1.0;2.0;0.0;False;1.0
1.0;0.0;2.0;False;0.0
1.0;0.0;0.0;False;0.0
1.0;0.0;0.0;False;0.0
0.0;0.0;0.0;False;0.0
1.0;0.0;0.0;False;0.0
0.0;0.0;0.0;False;0.0
1.0;0.0;0.0;False;0.0
1.0;0.0;0.0;False;0.0
1.0;0.0;1.0;False;0.0
0.0;0.0;0.0;False;0.0
0.0;0.0;0.0;False;0.0
1.0;0.0;0.0;False;0.0
1.0;0.0;0.0;False;0.0
0.0;0.0;0.0;False;0.0
0.0;0.0;0.0;False;0.0
2.0;2.0;0.0;False;0.0
1.0;2.0;0.0;False;0.0
1.0;2.0;0.0;False;0.0
1.0;2.0;0.0;False;0.0
1.0;2.0;0.0;False;0.0
1.0;2.0;0.0;False;0.0
1.0;2.0;0.0;False;0.0
1.0;2.0;0.0;False;0.0
1.0;2.0;0.0;False;1.0
1.0;2.0;0.0;False;0.0
0.0;0.0;0.0;False;0.0
0.0;0.0;0.0;False;0.0
0.0;0.0;0.0;False;0.0
0.0;0.0;0.0;False;0.0
0.0;0.0;0.0;False;0.0
0.0;0.0;0.0;False;0.0
0.0;0.0;0.0;False;0.0
0.0;0.0;0.0;False;0.0
0.0;0.0;0.0;False;0.0
0.0;0.0;0.0;False;0.0
0.0;0.0;0.0;False;0.0
1.0;0.0;0.0;False;0.0
1.0;2.0;0.0;False;0.0
1.0;2.0;0.0;False;0.0
1.0;0.0;0.0;False;0.0
1.0;2.0;0.0;False;0.0
1.0;2.0;0.0;False;0.0
1.0;2.0;0.0;False;0.0
1.0;2.0;0.0;False;0.0
1.0;2.0;0.0;False;0.0
1.0;0.0;0.0;False;0.0
1.0;2.0;0.0;False;0.0
1.0;0.0;0.0;False;0.0
1.0;2.0;0.0;False;0.0
1.0;2.0;0.0;False;0.0
1.0;2.0;0.0;False;0.0
1.0;0.0;0.0;False;0.0
1.0;2.0;0.0;False;0.0
1.0;0.0;0.0;False;0.0
1.0;0.0;0.0;False;0.0
1.0;0.0;0.0;False;0.0
1.0;0.0;0.0;False;0.0
1.0;0.0;0.0;False;0.0
1.0;0.0;0.0;False;0.0
1.0;2.0;0.0;False;0.0
1.0;0.0;0.0;False;0.0
1.0;2.0;0.0;False;0.0
1.0;2.0;0.0;False;0.0
1.0;0.0;0.0;False;0.0
1.0;2.0;0.0;False;0.0
1.0;2.0;0.0;False;0.0
1.0;2.0;0.0;False;0.0
1.0;2.0;0.0;False;0.0
0.0;0.0;0.0;False;0.0
0.0;0.0;0.0;False;0.0
1.0;2.0;0.0;False;0.0
1.0;2.0;0.0;False;0.0
1.0;2.0;0.0;False;0.0
1.0;0.0;0.0;False;0.0
9.0;2.0;0.0;False;0.0
1.0;2.0;0.0;False;0.0
1.0;2.0;0.0;False;1.0
1.0;2.0;0.0;False;1.0
1.0;2.0;0.0;False;1.0
1.0;2.0;0.0;False;1.0
1.0;2.0;0.0;False;1.0
9.0;2.0;0.0;False;1.0
9.0;2.0;0.0;False;0.0
9.0;2.0;0.0;False;0.0
0.0;0.0;0.0;False;0.0
1.0;2.0;0.0;False;1.0
9.0;2.0;0.0;False;0.0
10.0;2.0;0.0;False;0.0
0.0;0.0;0.0;False;0.0
9.0;2.0;0.0;False;0.0
1.0;2.0;0.0;False;1.0
1.0;2.0;0.0;False;0.0
9.0;2.0;0.0;False;0.0
10.0;0.0;0.0;False;0.0
0.0;0.0;0.0;False;0.0
0.0;0.0;0.0;False;0.0
10.0;2.0;0.0;False;0.0
10.0;2.0;0.0;False;0.0
10.0;2.0;0.0;False;0.0
0.0;0.0;0.0;False;0.0
2.0;0.0;1.0;False;3.0
0.0;0.0;0.0;False;0.0
9.0;2.0;0.0;False;0.0
1.0;2.0;0.0;False;4.0
1.0;2.0;0.0;False;4.0
0.0;0.0;0.0;False;0.0
1.0;2.0;0.0;False;1.0
1.0;3.0;1.0;False;2.0
1.0;2.0;0.0;False;4.0
0.0;0.0;0.0;False;0.0
0.0;0.0;0.0;False;0.0
1.0;2.0;0.0;False;1.0
1.0;2.0;0.0;False;1.0
1.0;2.0;0.0;False;4.0
1.0;2.0;0.0;False;4.0
1.0;4.0;2.0;False;3.0
1.0;2.0;0.0;False;3.0
1.0;2.0;0.0;False;0.0
1.0;2.0;0.0;False;0.0
1.0;3.0;1.0;False;0.0
1.0;2.0;0.0;False;0.0
1.0;4.0;2.0;False;3.0
1.0;2.0;0.0;False;3.0
1.0;2.0;0.0;False;3.0
1.0;2.0;0.0;False;3.0
1.0;2.0;0.0;False;4.0
1.0;2.0;0.0;False;4.0
1.0;2.0;0.0;False;2.0
1.0;2.0;0.0;False;1.0
1.0;2.0;0.0;False;1.0
1.0;3.0;1.0;False;0.0
1.0;2.0;0.0;False;3.0
0.0;0.0;0.0;False;0.0
1.0;2.0;0.0;False;0.0
9.0;2.0;0.0;False;0.0
1.0;2.0;0.0;False;0.0
9.0;2.0;0.0;False;1.0
9.0;2.0;0.0;False;0.0
9.0;2.0;0.0;False;0.0
0.0;0.0;0.0;False;0.0
1.0;2.0;0.0;False;3.0
1.0;3.0;1.0;False;15.0
1.0;3.0;1.0;False;6.0
1.0;2.0;0.0;False;9.0
1.0;2.0;0.0;False;2.0
1.0;2.0;0.0;False;6.0
1.0;2.0;0.0;False;3.0
1.0;2.0;0.0;False;3.0
0.0;0.0;0.0;False;0.0
0.0;0.0;0.0;False;0.0
0.0;0.0;0.0;False;0.0
9.0;3.0;1.0;False;0.0
1.0;2.0;0.0;False;0.0
0.0;0.0;0.0;False;0.0
0.0;0.0;0.0;False;0.0
0.0;0.0;0.0;False;0.0
0.0;0.0;0.0;False;0.0
0.0;0.0;0.0;False;0.0
10.0;2.0;0.0;False;0.0
0.0;0.0;0.0;False;0.0
0.0;0.0;0.0;False;0.0
2.0;3.0;1.0;False;0.0
0.0;0.0;0.0;False;0.0
2.0;0.0;1.0;False;2.0
0.0;0.0;0.0;False;0.0
1.0;2.0;0.0;False;0.0
0.0;0.0;0.0;False;0.0
0.0;0.0;0.0;False;0.0
0.0;0.0;0.0;False;0.0
0.0;0.0;0.0;False;0.0
0.0;0.0;0.0;False;0.0
0.0;0.0;0.0;False;0.0
0.0;0.0;0.0;False;0.0
0.0;0.0;0.0;False;0.0
0.0;0.0;0.0;False;0.0
0.0;0.0;0.0;False;0.0
0.0;0.0;0.0;False;0.0
0.0;0.0;0.0;False;0.0
9.0;2.0;0.0;False;14.0
0.0;0.0;0.0;False;0.0
0.0;0.0;0.0;False;0.0
0.0;0.0;0.0;False;0.0
1.0;3.0;1.0;False;27.0
1.0;2.0;0.0;False;0.0
1.0;2.0;0.0;False;2.0
1.0;3.0;1.0;False;4.0
1.0;3.0;1.0;False;6.0
1.0;2.0;0.0;False;0.0
1.0;2.0;0.0;False;2.0
1.0;2.0;0.0;False;1.0
1.0;2.0;0.0;False;1.0
1.0;2.0;0.0;False;0.0
1.0;2.0;0.0;False;0.0
1.0;2.0;0.0;False;0.0
1.0;2.0;0.0;False;1.0
0.0;0.0;0.0;False;0.0
0.0;0.0;0.0;False;0.0
1.0;2.0;0.0;False;12.0
1.0;2.0;0.0;False;6.0
1.0;2.0;0.0;False;6.0
1.0;2.0;0.0;False;9.0
1.0;2.0;0.0;False;16.0
1.0;2.0;0.0;False;12.0
1.0;2.0;0.0;False;8.0
1.0;3.0;1.0;False;4.0
1.0;2.0;0.0;False;3.0
1.0;3.0;1.0;False;6.0
1.0;2.0;0.0;False;1.0
1.0;4.0;2.0;False;8.0
1.0;2.0;0.0;False;5.0
1.0;3.0;1.0;False;50.0
0.0;0.0;0.0;False;0.0
2.0;0.0;0.0;False;1.0
1.0;2.0;0.0;False;6.0
1.0;2.0;0.0;False;1.0
1.0;2.0;0.0;False;6.0
1.0;2.0;0.0;False;5.0
1.0;3.0;1.0;False;9.0
1.0;2.0;0.0;False;6.0
1.0;2.0;0.0;False;0.0
1.0;2.0;0.0;False;0.0
1.0;2.0;0.0;False;0.0
1.0;2.0;0.0;False;0.0
1.0;2.0;0.0;False;0.0
1.0;2.0;0.0;False;0.0
1.0;2.0;0.0;False;3.0
1.0;2.0;0.0;False;0.0
0.0;0.0;0.0;False;0.0
0.0;0.0;0.0;False;0.0
0.0;0.0;0.0;False;0.0
9.0;2.0;0.0;False;0.0
10.0;2.0;0.0;False;0.0
0.0;0.0;0.0;False;0.0
9.0;2.0;0.0;False;0.0
1.0;4.0;2.0;False;3.0
0.0;0.0;0.0;False;0.0
0.0;0.0;0.0;False;0.0
1.0;2.0;0.0;False;0.0
9.0;2.0;0.0;False;0.0
10.0;2.0;0.0;False;0.0
0.0;0.0;0.0;False;0.0
9.0;2.0;0.0;False;0.0
1.0;2.0;0.0;False;1.0
0.0;0.0;0.0;False;0.0
0.0;0.0;0.0;False;0.0
0.0;0.0;0.0;False;0.0
1.0;2.0;0.0;False;0.0
0.0;0.0;0.0;False;0.0
0.0;0.0;0.0;False;0.0
0.0;0.0;0.0;False;0.0
9.0;2.0;0.0;False;0.0
10.0;2.0;0.0;False;1.0
0.0;0.0;0.0;False;0.0
9.0;3.0;1.0;False;1.0
9.0;2.0;0.0;False;0.0
1.0;2.0;0.0;False;1.0
1.0;2.0;0.0;False;1.0
9.0;2.0;0.0;False;0.0
10.0;2.0;0.0;False;0.0
0.0;0.0;0.0;False;0.0
9.0;3.0;1.0;False;0.0
1.0;2.0;0.0;False;1.0
1.0;2.0;0.0;False;1.0
1.0;2.0;0.0;False;0.0
9.0;2.0;0.0;False;0.0
10.0;2.0;0.0;False;0.0
0.0;0.0;0.0;False;0.0
9.0;2.0;0.0;False;0.0
1.0;2.0;0.0;False;1.0
1.0;2.0;0.0;False;1.0
1.0;2.0;0.0;False;0.0
9.0;2.0;0.0;False;0.0
10.0;2.0;0.0;False;0.0
0.0;0.0;0.0;False;0.0
9.0;2.0;0.0;False;0.0
1.0;2.0;0.0;False;0.0
1.0;2.0;0.0;False;0.0
1.0;2.0;0.0;False;0.0
9.0;2.0;0.0;False;0.0
10.0;2.0;0.0;False;0.0
0.0;0.0;0.0;False;0.0
9.0;2.0;0.0;False;0.0
1.0;2.0;0.0;False;1.0
9.0;2.0;0.0;False;0.0
9.0;2.0;0.0;False;1.0
9.0;2.0;0.0;False;0.0
0.0;0.0;0.0;False;0.0
1.0;2.0;0.0;False;3.0
1.0;2.0;0.0;False;11.0
1.0;2.0;0.0;False;5.0
0.0;0.0;0.0;False;0.0
1.0;2.0;0.0;False;0.0
10.0;0.0;0.0;False;1.0
0.0;0.0;0.0;False;0.0
1.0;2.0;0.0;False;0.0
2.0;0.0;0.0;False;1.0
1.0;2.0;0.0;False;0.0
1.0;2.0;0.0;False;1.0
0.0;0.0;0.0;False;0.0
9.0;2.0;0.0;False;0.0
1.0;2.0;0.0;False;0.0
1.0;2.0;0.0;False;2.0
0.0;0.0;0.0;False;0.0
9.0;2.0;0.0;False;0.0
0.0;0.0;0.0;False;0.0
0.0;0.0;0.0;False;0.0
1.0;2.0;0.0;False;0.0
2.0;0.0;0.0;False;1.0
1.0;2.0;0.0;False;1.0
1.0;2.0;0.0;False;1.0
1.0;2.0;0.0;False;1.0
1.0;2.0;0.0;False;1.0
9.0;2.0;0.0;False;0.0
10.0;2.0;0.0;False;0.0
0.0;0.0;0.0;False;0.0
9.0;2.0;0.0;False;0.0
1.0;2.0;0.0;False;1.0
1.0;2.0;0.0;False;0.0
9.0;2.0;0.0;False;0.0
1.0;2.0;0.0;False;0.0
9.0;0.0;0.0;False;0.0
0.0;0.0;0.0;False;0.0
10.0;3.0;1.0;False;0.0
9.0;2.0;0.0;False;1.0
9.0;2.0;0.0;False;0.0
9.0;2.0;0.0;False;0.0
0.0;0.0;0.0;False;0.0
0.0;0.0;0.0;False;0.0
0.0;0.0;0.0;False;0.0
1.0;2.0;0.0;False;0.0
0.0;0.0;0.0;False;0.0
9.0;3.0;1.0;False;0.0
1.0;2.0;0.0;False;0.0
10.0;2.0;0.0;False;0.0
9.0;2.0;0.0;False;1.0
1.0;2.0;0.0;False;16.0
9.0;2.0;0.0;False;0.0
10.0;2.0;0.0;False;0.0
0.0;0.0;0.0;False;0.0
9.0;3.0;1.0;False;0.0
1.0;2.0;0.0;False;1.0
1.0;2.0;0.0;False;1.0
1.0;2.0;0.0;False;0.0
9.0;2.0;0.0;False;0.0
10.0;2.0;0.0;False;0.0
10.0;3.0;0.0;False;0.0
0.0;0.0;0.0;False;0.0
0.0;0.0;0.0;False;0.0
9.0;2.0;0.0;False;0.0
1.0;3.0;1.0;False;0.0
9.0;2.0;0.0;False;0.0
10.0;2.0;0.0;False;0.0
10.0;3.0;0.0;False;0.0
0.0;0.0;0.0;False;0.0
0.0;0.0;0.0;False;0.0
9.0;2.0;0.0;False;0.0
1.0;3.0;1.0;False;0.0
9.0;2.0;0.0;False;0.0
10.0;2.0;0.0;False;0.0
0.0;0.0;0.0;False;0.0
0.0;0.0;0.0;False;0.0
9.0;2.0;0.0;False;0.0
1.0;3.0;1.0;False;0.0
0.0;0.0;0.0;False;0.0
1.0;2.0;0.0;False;0.0
1.0;2.0;0.0;False;0.0
1.0;2.0;0.0;False;0.0
0.0;0.0;0.0;False;0.0
0.0;0.0;0.0;False;0.0
0.0;3.0;0.0;False;0.0
0.0;3.0;0.0;False;0.0
0.0;3.0;0.0;False;0.0
0.0;0.0;0.0;False;0.0
0.0;0.0;0.0;False;0.0
1.0;0.0;0.0;False;0.0
1.0;0.0;0.0;False;0.0
0.0;0.0;0.0;False;0.0
1.0;2.0;0.0;False;0.0
1.0;2.0;0.0;False;0.0
4.0;2.0;0.0;False;0.0
4.0;2.0;0.0;False;0.0
1.0;2.0;0.0;False;0.0
0.0;0.0;0.0;False;0.0
1.0;2.0;0.0;False;0.0
1.0;2.0;0.0;False;0.0
0.0;0.0;0.0;False;0.0
1.0;2.0;0.0;False;0.0
1.0;2.0;0.0;False;0.0
0.0;0.0;0.0;False;0.0
0.0;0.0;0.0;False;0.0
1.0;2.0;0.0;False;0.0
10.0;2.0;0.0;False;2.0
1.0;2.0;0.0;False;0.0
1.0;2.0;0.0;False;1.0
1.0;2.0;0.0;False;1.0
1.0;2.0;0.0;False;1.0
1.0;2.0;0.0;False;1.0
1.0;2.0;0.0;False;1.0
1.0;2.0;0.0;False;1.0
1.0;2.0;0.0;False;1.0
0.0;0.0;0.0;False;0.0
10.0;0.0;1.0;False;0.0
0.0;0.0;0.0;False;0.0
0.0;0.0;0.0;False;0.0
0.0;0.0;0.0;False;0.0
0.0;0.0;0.0;False;0.0
0.0;0.0;0.0;False;0.0
0.0;0.0;0.0;False;0.0
0.0;0.0;0.0;False;0.0
0.0;0.0;0.0;False;0.0
0.0;0.0;0.0;False;0.0
0.0;0.0;0.0;False;0.0
0.0;0.0;0.0;False;0.0
10.0;3.0;1.0;False;2.0
10.0;0.0;0.0;False;1.0
10.0;0.0;0.0;False;1.0
0.0;0.0;0.0;False;0.0
9.0;2.0;0.0;False;3.0
1.0;2.0;0.0;False;0.0
9.0;2.0;0.0;False;0.0
1.0;4.0;2.0;False;0.0
1.0;3.0;1.0;False;1.0
1.0;3.0;1.0;False;1.0
1.0;3.0;1.0;False;1.0
1.0;3.0;1.0;False;1.0
0.0;0.0;0.0;False;0.0
2.0;3.0;0.0;False;0.0
2.0;3.0;0.0;False;0.0
0.0;0.0;0.0;False;0.0
33.0;2.0;0.0;False;0.0
33.0;5.0;3.0;False;0.0
33.0;0.0;2.0;False;0.0
0.0;3.0;1.0;False;0.0
0.0;3.0;1.0;False;0.0
0.0;3.0;1.0;False;0.0
0.0;0.0;0.0;False;0.0
0.0;0.0;0.0;False;0.0
2.0;0.0;0.0;False;1.0
33.0;2.0;0.0;False;0.0
0.0;3.0;0.0;False;0.0
0.0;0.0;0.0;False;0.0
0.0;0.0;0.0;False;0.0
0.0;0.0;0.0;False;0.0
0.0;0.0;0.0;False;0.0
0.0;0.0;0.0;False;0.0
0.0;0.0;0.0;False;0.0
1.0;2.0;0.0;False;0.0
1.0;2.0;0.0;False;0.0
0.0;0.0;0.0;False;0.0
1.0;0.0;0.0;False;0.0
1.0;0.0;0.0;False;0.0
1.0;2.0;0.0;False;0.0
1.0;2.0;0.0;False;0.0
1.0;2.0;0.0;False;0.0
1.0;2.0;0.0;False;0.0
1.0;2.0;0.0;False;0.0
1.0;2.0;0.0;False;0.0
1.0;0.0;0.0;False;0.0
1.0;0.0;0.0;False;0.0
1.0;0.0;0.0;False;0.0
1.0;0.0;0.0;False;0.0
1.0;0.0;0.0;False;0.0
1.0;0.0;0.0;False;0.0
1.0;2.0;0.0;False;0.0
1.0;0.0;1.0;False;0.0
1.0;3.0;1.0;False;0.0
1.0;2.0;0.0;False;0.0
0.0;0.0;0.0;False;0.0
0.0;0.0;0.0;False;0.0
1.0;2.0;0.0;False;0.0
0.0;0.0;0.0;False;0.0
0.0;0.0;0.0;False;0.0
0.0;0.0;0.0;False;0.0
0.0;0.0;0.0;False;0.0
0.0;0.0;0.0;False;0.0
1.0;2.0;0.0;False;0.0
1.0;2.0;0.0;False;0.0
1.0;2.0;0.0;False;0.0
0.0;0.0;0.0;False;0.0
0.0;0.0;0.0;False;0.0
1.0;2.0;0.0;False;0.0
1.0;2.0;0.0;False;0.0
1.0;2.0;0.0;False;0.0
1.0;0.0;0.0;False;0.0
1.0;0.0;0.0;False;0.0
1.0;0.0;0.0;False;0.0
1.0;0.0;0.0;False;0.0
1.0;2.0;0.0;False;0.0
1.0;0.0;0.0;False;0.0
1.0;0.0;1.0;False;0.0
0.0;0.0;0.0;False;0.0
1.0;3.0;1.0;False;0.0
1.0;2.0;0.0;False;0.0
1.0;2.0;0.0;False;0.0
0.0;0.0;0.0;False;0.0
1.0;2.0;0.0;False;0.0
0.0;0.0;0.0;False;0.0
0.0;0.0;0.0;False;0.0
1.0;2.0;0.0;False;0.0
2.0;0.0;1.0;False;0.0
1.0;0.0;0.0;False;0.0
1.0;2.0;0.0;False;0.0
1.0;2.0;0.0;False;0.0
1.0;2.0;0.0;False;0.0
1.0;0.0;0.0;False;0.0
1.0;2.0;0.0;False;0.0
1.0;0.0;0.0;False;0.0
0.0;0.0;0.0;False;0.0
0.0;0.0;0.0;False;0.0
9.0;0.0;5.0;True;0.0
9.0;0.0;2.0;True;2.0
0.0;0.0;0.0;False;0.0
0.0;0.0;0.0;False;0.0
1.0;2.0;0.0;False;0.0
1.0;2.0;0.0;False;0.0
1.0;0.0;1.0;False;0.0
1.0;0.0;5.0;False;0.0
0.0;0.0;0.0;False;0.0
0.0;0.0;0.0;False;0.0
1.0;0.0;8.0;False;0.0
0.0;4.0;0.0;False;0.0
0.0;0.0;0.0;True;0.0
1.0;5.0;2.0;False;0.0
0.0;0.0;0.0;False;0.0
0.0;0.0;0.0;False;0.0
0.0;0.0;0.0;False;0.0
0.0;0.0;0.0;False;0.0
0.0;0.0;0.0;False;0.0
0.0;0.0;0.0;False;0.0
0.0;0.0;0.0;False;0.0
0.0;0.0;0.0;False;0.0
9.0;0.0;0.0;False;0.0
0.0;0.0;0.0;False;0.0
1.0;0.0;0.0;False;0.0
1.0;0.0;0.0;False;0.0
1.0;0.0;0.0;False;0.0
2.0;0.0;0.0;False;0.0
1.0;0.0;0.0;False;0.0
1.0;0.0;1.0;False;0.0
0.0;0.0;0.0;False;0.0
0.0;0.0;0.0;True;0.0
0.0;0.0;0.0;False;0.0
0.0;0.0;0.0;False;0.0
0.0;0.0;0.0;False;0.0
0.0;0.0;0.0;False;0.0
0.0;3.0;0.0;False;0.0
0.0;3.0;0.0;False;0.0
0.0;3.0;0.0;False;0.0
0.0;3.0;0.0;False;0.0
0.0;3.0;0.0;False;0.0
1.0;3.0;0.0;False;0.0
0.0;0.0;0.0;False;0.0
0.0;0.0;0.0;False;0.0
0.0;0.0;0.0;False;0.0
1.0;3.0;0.0;False;0.0
1.0;3.0;0.0;False;0.0
1.0;3.0;0.0;False;0.0
1.0;3.0;0.0;False;0.0
0.0;0.0;0.0;False;0.0
0.0;0.0;0.0;False;0.0
0.0;0.0;0.0;False;0.0
1.0;2.0;0.0;False;0.0
1.0;0.0;0.0;False;0.0
1.0;0.0;0.0;False;0.0
0.0;0.0;0.0;False;0.0
1.0;2.0;0.0;False;0.0
0.0;0.0;0.0;False;0.0
1.0;0.0;0.0;False;0.0
1.0;2.0;0.0;False;0.0
0.0;0.0;0.0;False;0.0
0.0;0.0;0.0;False;0.0
9.0;0.0;1.0;False;0.0
0.0;0.0;0.0;False;0.0
0.0;0.0;0.0;False;0.0
0.0;0.0;0.0;False;0.0
0.0;0.0;0.0;False;0.0
9.0;0.0;0.0;False;1.0
0.0;0.0;0.0;False;0.0
9.0;0.0;1.0;False;1.0
0.0;0.0;0.0;False;0.0
9.0;0.0;0.0;False;0.0
9.0;0.0;2.0;False;0.0
9.0;0.0;2.0;False;1.0
9.0;0.0;4.0;False;0.0
0.0;0.0;0.0;False;0.0
2.0;0.0;0.0;False;0.0
0.0;0.0;0.0;False;0.0
1.0;0.0;2.0;False;1.0
1.0;2.0;0.0;False;0.0
1.0;2.0;0.0;False;0.0
1.0;2.0;0.0;False;0.0
1.0;2.0;0.0;False;0.0
1.0;2.0;0.0;False;0.0
1.0;2.0;0.0;False;0.0
1.0;2.0;0.0;False;0.0
1.0;2.0;0.0;False;0.0
1.0;2.0;0.0;False;0.0
2.0;0.0;3.0;False;3.0
0.0;0.0;0.0;True;0.0
0.0;0.0;0.0;False;0.0
0.0;0.0;0.0;False;0.0
0.0;0.0;0.0;False;0.0
0.0;0.0;0.0;False;0.0
0.0;0.0;0.0;False;0.0
0.0;0.0;0.0;False;0.0
0.0;0.0;0.0;False;0.0
0.0;0.0;0.0;False;0.0
0.0;0.0;0.0;False;0.0
0.0;0.0;0.0;False;0.0
0.0;0.0;0.0;False;0.0
0.0;0.0;0.0;False;0.0
0.0;0.0;0.0;False;0.0
0.0;0.0;0.0;False;0.0
0.0;0.0;0.0;False;0.0
0.0;0.0;0.0;False;0.0
0.0;0.0;0.0;False;0.0
0.0;0.0;0.0;False;0.0
0.0;0.0;0.0;False;0.0
0.0;0.0;0.0;False;0.0
0.0;0.0;0.0;False;0.0
0.0;0.0;0.0;False;0.0
0.0;0.0;0.0;False;0.0
0.0;0.0;0.0;False;0.0
0.0;0.0;0.0;False;0.0
0.0;0.0;0.0;False;0.0
0.0;0.0;0.0;False;0.0
0.0;0.0;0.0;False;0.0
0.0;0.0;0.0;False;0.0
9.0;2.0;0.0;False;0.0
9.0;0.0;0.0;False;0.0
0.0;0.0;0.0;False;0.0
9.0;0.0;0.0;False;0.0
9.0;0.0;0.0;False;0.0
9.0;0.0;0.0;False;0.0
0.0;0.0;0.0;False;0.0
0.0;0.0;0.0;False;0.0
1.0;3.0;1.0;False;2.0
8.0;2.0;0.0;False;0.0
1.0;2.0;0.0;False;0.0
1.0;2.0;0.0;False;0.0
1.0;2.0;0.0;False;0.0
0.0;0.0;0.0;False;0.0
1.0;3.0;1.0;False;2.0
1.0;2.0;0.0;False;0.0
1.0;3.0;1.0;False;10.0
1.0;2.0;0.0;False;5.0
0.0;0.0;0.0;False;0.0
0.0;0.0;0.0;False;0.0
0.0;0.0;0.0;False;0.0
0.0;0.0;0.0;False;0.0
0.0;0.0;0.0;False;0.0
1.0;3.0;1.0;False;2.0
1.0;0.0;1.0;False;1.0
9.0;0.0;1.0;False;0.0
9.0;0.0;1.0;False;3.0
0.0;0.0;0.0;False;0.0
1.0;2.0;0.0;False;0.0
1.0;3.0;1.0;False;3.0
1.0;3.0;1.0;False;3.0
0.0;0.0;0.0;False;0.0
0.0;0.0;0.0;False;0.0
0.0;0.0;0.0;False;0.0
0.0;0.0;0.0;False;0.0
0.0;0.0;0.0;False;0.0
0.0;0.0;0.0;False;0.0
1.0;3.0;1.0;False;2.0
1.0;2.0;0.0;False;0.0
1.0;3.0;1.0;False;1.0
1.0;2.0;0.0;True;0.0
1.0;2.0;0.0;False;0.0
1.0;2.0;0.0;False;0.0
1.0;2.0;0.0;False;0.0
1.0;2.0;0.0;False;0.0
0.0;0.0;0.0;False;0.0
1.0;2.0;0.0;False;0.0
0.0;0.0;0.0;False;0.0
1.0;2.0;0.0;False;0.0
1.0;2.0;0.0;False;0.0
1.0;2.0;0.0;False;0.0
1.0;3.0;1.0;False;0.0
1.0;2.0;0.0;False;0.0
1.0;2.0;0.0;False;0.0
1.0;2.0;0.0;False;0.0
1.0;2.0;0.0;False;0.0
1.0;2.0;0.0;False;0.0
1.0;2.0;0.0;False;0.0
1.0;2.0;0.0;False;0.0
0.0;0.0;0.0;False;0.0
0.0;0.0;0.0;False;0.0
0.0;0.0;0.0;False;0.0
1.0;2.0;1.0;False;0.0
1.0;0.0;0.0;False;0.0
9.0;2.0;0.0;False;0.0
42.0;5.0;3.0;False;0.0
42.0;3.0;1.0;False;0.0
1.0;3.0;1.0;False;0.0
1.0;0.0;0.0;False;0.0
1.0;0.0;0.0;False;0.0
1.0;0.0;0.0;False;0.0
0.0;0.0;0.0;False;0.0
0.0;0.0;0.0;False;0.0
0.0;0.0;0.0;False;0.0
0.0;0.0;0.0;False;0.0
0.0;0.0;0.0;False;0.0
0.0;0.0;0.0;False;0.0
0.0;0.0;0.0;False;0.0
42.0;3.0;1.0;False;0.0
10.0;6.0;4.0;False;0.0
1.0;0.0;0.0;False;0.0
0.0;0.0;0.0;False;0.0
0.0;0.0;0.0;False;0.0
0.0;0.0;0.0;False;0.0
0.0;0.0;0.0;False;0.0
0.0;0.0;0.0;False;0.0
10.0;0.0;2.0;False;0.0
0.0;0.0;0.0;False;0.0
0.0;0.0;0.0;False;0.0
0.0;0.0;0.0;False;0.0
0.0;0.0;0.0;False;0.0
0.0;0.0;0.0;False;0.0
0.0;0.0;0.0;False;0.0
0.0;0.0;0.0;False;0.0
0.0;0.0;0.0;False;0.0
1.0;0.0;0.0;False;0.0
0.0;0.0;0.0;False;0.0
0.0;0.0;0.0;False;0.0
1.0;0.0;0.0;False;0.0
0.0;0.0;0.0;False;0.0
1.0;0.0;0.0;False;0.0
0.0;0.0;0.0;False;0.0
0.0;0.0;0.0;False;0.0
1.0;2.0;0.0;False;0.0
0.0;0.0;0.0;False;0.0
0.0;0.0;0.0;False;0.0
0.0;0.0;0.0;False;0.0
1.0;0.0;0.0;False;0.0
8.0;2.0;0.0;False;0.0
1.0;0.0;0.0;False;0.0
0.0;0.0;0.0;False;0.0
0.0;0.0;0.0;False;0.0
0.0;0.0;0.0;False;0.0
0.0;0.0;0.0;False;0.0
0.0;0.0;0.0;False;0.0
0.0;0.0;0.0;False;0.0
1.0;0.0;0.0;False;0.0
1.0;0.0;0.0;False;0.0
1.0;0.0;0.0;False;0.0
0.0;0.0;0.0;False;0.0
1.0;0.0;0.0;False;0.0
1.0;2.0;0.0;False;0.0
1.0;2.0;0.0;False;0.0
1.0;2.0;0.0;False;0.0
1.0;2.0;0.0;False;0.0
0.0;4.0;0.0;False;0.0
1.0;3.0;0.0;False;0.0
1.0;3.0;0.0;False;0.0
1.0;2.0;0.0;False;0.0
1.0;2.0;0.0;False;0.0
1.0;3.0;0.0;False;0.0
0.0;0.0;0.0;False;0.0
0.0;0.0;0.0;False;0.0
0.0;0.0;0.0;False;0.0
1.0;2.0;0.0;False;0.0
0.0;0.0;0.0;False;0.0
1.0;0.0;0.0;False;0.0
0.0;0.0;0.0;False;0.0
0.0;0.0;0.0;False;0.0
1.0;0.0;0.0;False;0.0
0.0;0.0;0.0;False;0.0
0.0;0.0;0.0;False;0.0
0.0;0.0;0.0;False;0.0
0.0;0.0;0.0;False;0.0
1.0;3.0;0.0;False;0.0
8.0;2.0;0.0;False;0.0
1.0;2.0;0.0;False;0.0
1.0;0.0;0.0;False;0.0
0.0;0.0;0.0;False;0.0
1.0;0.0;0.0;False;0.0
1.0;2.0;0.0;False;0.0
0.0;0.0;0.0;False;0.0
1.0;2.0;0.0;False;0.0
1.0;2.0;0.0;False;0.0
1.0;2.0;0.0;False;0.0
0.0;0.0;0.0;False;0.0
1.0;0.0;0.0;False;0.0
0.0;0.0;0.0;False;0.0
0.0;0.0;0.0;False;0.0
1.0;2.0;0.0;False;0.0
1.0;2.0;0.0;False;1.0
1.0;4.0;2.0;False;0.0
0.0;3.0;0.0;False;0.0
1.0;0.0;0.0;False;0.0
1.0;2.0;0.0;False;0.0
0.0;0.0;0.0;False;0.0
0.0;0.0;0.0;False;0.0
0.0;0.0;0.0;False;0.0
0.0;0.0;0.0;False;0.0
0.0;0.0;2.0;False;0.0
0.0;0.0;0.0;False;0.0
0.0;0.0;0.0;False;0.0
1.0;3.0;1.0;False;0.0
0.0;0.0;0.0;False;0.0
0.0;0.0;0.0;False;0.0
0.0;0.0;0.0;False;0.0
10.0;0.0;0.0;False;0.0
0.0;0.0;0.0;False;0.0
1.0;0.0;0.0;False;0.0
1.0;0.0;3.0;False;0.0
0.0;0.0;0.0;False;0.0
0.0;0.0;0.0;False;0.0
8.0;0.0;0.0;False;0.0
0.0;0.0;0.0;False;0.0
0.0;0.0;0.0;False;0.0
8.0;0.0;0.0;False;0.0
0.0;0.0;0.0;False;0.0
0.0;0.0;0.0;False;0.0
0.0;0.0;0.0;False;0.0
10.0;0.0;2.0;False;0.0
0.0;0.0;0.0;False;0.0
8.0;0.0;0.0;False;0.0
10.0;0.0;1.0;False;0.0
8.0;0.0;0.0;False;0.0
0.0;0.0;0.0;False;0.0
0.0;0.0;0.0;False;0.0
8.0;0.0;1.0;False;1.0
10.0;2.0;0.0;False;0.0
0.0;0.0;0.0;False;0.0
0.0;0.0;0.0;False;0.0
0.0;0.0;0.0;False;0.0
0.0;0.0;0.0;False;0.0
0.0;2.0;0.0;False;0.0
0.0;0.0;0.0;False;0.0
0.0;0.0;0.0;False;0.0
1.0;2.0;0.0;False;1.0
1.0;2.0;0.0;False;2.0
1.0;2.0;0.0;False;0.0
0.0;0.0;0.0;False;0.0
0.0;0.0;0.0;False;0.0
0.0;0.0;0.0;False;0.0
0.0;0.0;0.0;False;0.0
0.0;0.0;0.0;False;0.0
0.0;0.0;0.0;False;0.0
0.0;0.0;0.0;False;0.0
1.0;2.0;0.0;False;0.0
2.0;0.0;1.0;False;0.0
2.0;0.0;1.0;False;0.0
2.0;0.0;1.0;False;0.0
2.0;0.0;1.0;False;0.0
0.0;0.0;0.0;False;0.0
2.0;0.0;1.0;False;0.0
0.0;0.0;0.0;False;0.0
1.0;0.0;0.0;False;0.0
2.0;0.0;1.0;False;0.0
1.0;2.0;0.0;False;0.0
1.0;2.0;0.0;False;0.0
1.0;2.0;0.0;False;0.0
1.0;2.0;0.0;False;0.0
1.0;2.0;0.0;False;0.0
1.0;2.0;0.0;False;0.0
1.0;2.0;0.0;False;0.0
1.0;2.0;0.0;False;0.0
1.0;2.0;0.0;False;0.0
1.0;2.0;0.0;False;0.0
1.0;2.0;0.0;False;0.0
1.0;2.0;0.0;False;0.0
1.0;2.0;0.0;False;0.0
1.0;2.0;0.0;False;0.0
1.0;2.0;0.0;False;0.0
1.0;2.0;0.0;False;0.0
1.0;2.0;0.0;False;0.0
0.0;0.0;0.0;False;0.0
0.0;0.0;0.0;False;0.0
1.0;0.0;0.0;False;0.0
1.0;0.0;0.0;False;0.0
1.0;0.0;0.0;False;0.0
1.0;0.0;1.0;False;0.0
0.0;0.0;0.0;False;0.0
0.0;0.0;0.0;False;0.0
1.0;0.0;0.0;False;0.0
1.0;0.0;0.0;False;0.0
1.0;0.0;0.0;False;0.0
1.0;0.0;0.0;False;0.0
0.0;0.0;0.0;False;0.0
0.0;0.0;0.0;False;0.0
0.0;0.0;0.0;False;0.0
0.0;0.0;0.0;False;0.0
0.0;0.0;0.0;False;0.0
0.0;0.0;0.0;False;0.0
0.0;0.0;0.0;False;0.0
0.0;0.0;0.0;False;0.0
0.0;3.0;0.0;False;0.0
1.0;0.0;0.0;False;0.0
0.0;0.0;0.0;False;0.0
0.0;0.0;0.0;False;0.0
0.0;0.0;0.0;False;0.0
0.0;0.0;0.0;False;0.0
0.0;0.0;0.0;False;0.0
0.0;0.0;0.0;False;0.0
0.0;0.0;0.0;False;0.0
0.0;0.0;0.0;False;0.0
0.0;0.0;0.0;False;0.0
0.0;0.0;0.0;False;0.0
0.0;0.0;0.0;False;0.0
0.0;0.0;0.0;False;0.0
0.0;0.0;0.0;True;0.0
0.0;0.0;0.0;False;0.0
0.0;0.0;0.0;False;0.0
1.0;0.0;0.0;False;0.0
0.0;0.0;0.0;False;0.0
0.0;0.0;0.0;False;0.0
0.0;0.0;0.0;False;0.0
0.0;0.0;0.0;False;0.0
0.0;0.0;0.0;False;0.0
0.0;0.0;0.0;False;0.0
0.0;0.0;0.0;False;0.0
0.0;2.0;0.0;False;0.0
0.0;2.0;0.0;False;0.0
0.0;2.0;0.0;False;0.0
0.0;0.0;0.0;False;0.0
0.0;0.0;0.0;False;0.0
0.0;0.0;0.0;False;0.0
0.0;0.0;0.0;False;0.0
0.0;3.0;0.0;False;0.0
0.0;3.0;0.0;False;0.0
0.0;3.0;0.0;False;0.0
0.0;0.0;0.0;False;0.0
1.0;3.0;0.0;False;0.0
0.0;0.0;0.0;False;0.0
0.0;0.0;0.0;False;0.0
0.0;0.0;0.0;False;0.0
0.0;0.0;0.0;False;0.0
0.0;0.0;0.0;False;0.0
0.0;0.0;0.0;False;0.0
0.0;0.0;0.0;False;0.0
0.0;0.0;0.0;False;0.0
0.0;0.0;0.0;False;0.0
0.0;0.0;0.0;False;0.0
0.0;0.0;0.0;False;0.0
0.0;0.0;0.0;False;0.0
0.0;0.0;0.0;False;0.0
2.0;0.0;0.0;False;1.0
0.0;0.0;0.0;False;0.0
0.0;0.0;0.0;False;0.0
0.0;0.0;0.0;False;0.0
0.0;0.0;0.0;False;0.0
0.0;0.0;0.0;False;0.0
1.0;0.0;0.0;False;0.0
0.0;0.0;0.0;False;0.0
2.0;0.0;1.0;False;0.0
1.0;0.0;0.0;False;0.0
1.0;0.0;0.0;False;0.0
0.0;0.0;0.0;False;0.0
1.0;0.0;0.0;False;0.0
2.0;0.0;0.0;False;0.0
0.0;0.0;0.0;False;0.0
2.0;0.0;0.0;False;0.0
0.0;0.0;0.0;False;0.0
1.0;0.0;1.0;False;0.0
0.0;0.0;0.0;False;0.0
0.0;0.0;0.0;False;0.0
0.0;0.0;0.0;False;0.0
0.0;0.0;0.0;False;0.0
0.0;0.0;0.0;False;0.0
0.0;0.0;0.0;False;0.0
0.0;0.0;0.0;False;0.0
0.0;0.0;0.0;False;0.0
0.0;0.0;0.0;False;0.0
1.0;0.0;0.0;False;0.0
0.0;0.0;0.0;False;0.0
0.0;0.0;0.0;False;0.0
0.0;0.0;0.0;False;0.0
2.0;0.0;1.0;False;0.0
0.0;0.0;0.0;False;0.0
2.0;5.0;3.0;False;0.0
2.0;6.0;3.0;False;0.0
0.0;3.0;0.0;False;0.0
2.0;0.0;0.0;False;0.0
0.0;0.0;0.0;False;0.0
0.0;3.0;0.0;False;0.0
2.0;3.0;0.0;False;0.0
0.0;0.0;0.0;False;0.0
1.0;2.0;0.0;False;0.0
2.0;0.0;1.0;False;0.0
0.0;0.0;0.0;False;0.0
1.0;0.0;0.0;False;0.0
0.0;0.0;0.0;False;0.0
0.0;0.0;0.0;False;0.0
0.0;0.0;0.0;False;0.0
0.0;0.0;0.0;False;0.0
0.0;0.0;0.0;False;0.0
0.0;0.0;0.0;False;0.0
0.0;0.0;0.0;False;0.0
0.0;0.0;0.0;False;0.0
0.0;0.0;0.0;False;0.0
0.0;0.0;0.0;False;0.0
0.0;0.0;0.0;False;0.0
0.0;0.0;0.0;False;0.0
26.0;0.0;1.0;False;0.0
26.0;0.0;1.0;False;0.0
25.0;0.0;0.0;False;0.0
26.0;0.0;1.0;False;0.0
25.0;0.0;0.0;False;0.0
25.0;0.0;0.0;False;0.0
0.0;0.0;0.0;False;0.0
0.0;0.0;0.0;False;0.0
0.0;0.0;0.0;False;0.0
0.0;0.0;0.0;False;0.0
0.0;0.0;0.0;False;0.0
0.0;0.0;0.0;False;0.0
0.0;0.0;0.0;False;0.0
0.0;0.0;0.0;False;0.0
0.0;0.0;0.0;False;0.0
0.0;0.0;0.0;False;0.0
0.0;0.0;0.0;False;0.0
0.0;0.0;0.0;False;0.0
0.0;0.0;0.0;False;0.0
0.0;0.0;0.0;False;0.0
0.0;0.0;0.0;True;0.0
1.0;2.0;0.0;False;0.0
0.0;0.0;0.0;True;0.0
1.0;0.0;1.0;False;0.0
0.0;0.0;0.0;False;0.0
0.0;3.0;0.0;False;0.0
0.0;0.0;0.0;False;0.0
0.0;0.0;0.0;False;0.0
0.0;0.0;0.0;False;0.0
0.0;0.0;0.0;False;0.0
2.0;0.0;0.0;False;0.0
1.0;0.0;3.0;False;0.0
0.0;0.0;0.0;False;0.0
0.0;0.0;0.0;False;0.0
0.0;0.0;0.0;False;0.0
0.0;0.0;0.0;False;0.0
0.0;0.0;0.0;False;0.0
0.0;0.0;0.0;False;0.0
0.0;0.0;0.0;False;0.0
0.0;0.0;0.0;False;0.0
0.0;0.0;0.0;False;0.0
24.0;0.0;0.0;False;0.0
24.0;0.0;2.0;False;1.0
1.0;0.0;4.0;False;0.0
0.0;0.0;0.0;False;0.0
1.0;3.0;1.0;False;0.0
0.0;0.0;0.0;False;0.0
1.0;2.0;0.0;False;0.0
0.0;0.0;0.0;False;0.0
0.0;0.0;0.0;False;0.0
4.0;2.0;0.0;False;0.0
0.0;0.0;0.0;False;0.0
1.0;2.0;0.0;False;0.0
1.0;2.0;0.0;False;0.0
1.0;0.0;4.0;False;0.0
0.0;0.0;0.0;False;0.0
1.0;5.0;3.0;False;0.0
0.0;0.0;0.0;False;0.0
0.0;0.0;0.0;False;0.0
0.0;3.0;0.0;False;0.0
0.0;3.0;0.0;False;0.0
1.0;3.0;0.0;False;0.0
1.0;3.0;0.0;False;0.0
0.0;3.0;0.0;False;0.0
1.0;3.0;0.0;False;0.0
1.0;0.0;2.0;False;0.0
0.0;3.0;0.0;False;0.0
0.0;0.0;0.0;False;0.0
2.0;0.0;3.0;False;0.0
2.0;0.0;2.0;False;0.0
2.0;0.0;3.0;False;0.0
2.0;0.0;4.0;False;0.0
0.0;0.0;0.0;False;0.0
2.0;0.0;2.0;False;0.0
0.0;0.0;0.0;False;0.0
1.0;0.0;1.0;False;0.0
1.0;2.0;0.0;False;0.0
1.0;2.0;0.0;False;0.0
1.0;2.0;0.0;False;0.0
1.0;2.0;0.0;False;0.0
1.0;2.0;0.0;False;0.0
1.0;2.0;0.0;False;0.0
1.0;2.0;0.0;False;0.0
1.0;2.0;0.0;False;0.0
1.0;2.0;0.0;False;0.0
1.0;2.0;0.0;False;0.0
1.0;2.0;0.0;False;0.0
1.0;2.0;0.0;False;0.0
1.0;2.0;0.0;False;0.0
1.0;2.0;0.0;False;0.0
1.0;3.0;1.0;False;0.0
1.0;2.0;0.0;False;0.0
1.0;2.0;0.0;False;0.0
1.0;2.0;0.0;False;0.0
1.0;2.0;0.0;False;0.0
0.0;0.0;0.0;False;0.0
0.0;0.0;0.0;False;0.0
1.0;2.0;0.0;False;0.0
1.0;2.0;0.0;False;0.0
1.0;2.0;0.0;False;0.0
1.0;2.0;0.0;False;0.0
0.0;0.0;0.0;False;0.0
0.0;0.0;0.0;False;0.0
0.0;0.0;0.0;False;0.0
0.0;0.0;0.0;False;0.0
1.0;2.0;0.0;False;0.0
1.0;2.0;0.0;False;0.0
1.0;2.0;0.0;True;0.0
1.0;2.0;0.0;False;0.0
0.0;0.0;0.0;False;0.0
1.0;2.0;0.0;False;0.0
0.0;0.0;0.0;False;0.0
1.0;2.0;0.0;False;0.0
1.0;2.0;0.0;False;0.0
0.0;0.0;0.0;False;0.0
0.0;0.0;0.0;False;0.0
0.0;0.0;0.0;False;0.0
1.0;0.0;0.0;False;1.0
1.0;2.0;0.0;False;0.0
1.0;2.0;0.0;False;0.0
0.0;0.0;0.0;False;0.0
0.0;0.0;0.0;False;0.0
0.0;0.0;0.0;False;0.0
0.0;0.0;0.0;False;0.0
1.0;2.0;0.0;False;0.0
1.0;2.0;0.0;False;0.0
1.0;2.0;0.0;False;0.0
1.0;2.0;0.0;False;0.0
1.0;2.0;0.0;False;0.0
1.0;2.0;0.0;False;0.0
1.0;2.0;0.0;False;0.0
1.0;2.0;0.0;False;0.0
1.0;2.0;0.0;False;0.0
1.0;2.0;0.0;False;0.0
1.0;2.0;0.0;False;0.0
1.0;2.0;0.0;False;0.0
1.0;2.0;0.0;False;0.0
1.0;2.0;0.0;False;0.0
1.0;2.0;0.0;False;0.0
1.0;2.0;0.0;False;0.0
1.0;2.0;0.0;False;0.0
1.0;2.0;0.0;False;0.0
1.0;2.0;0.0;False;0.0
1.0;2.0;0.0;False;0.0
1.0;2.0;0.0;False;0.0
1.0;2.0;0.0;False;0.0
1.0;2.0;0.0;False;0.0
1.0;2.0;0.0;False;0.0
0.0;0.0;0.0;False;0.0
0.0;0.0;0.0;False;0.0
0.0;0.0;0.0;False;0.0
0.0;0.0;0.0;False;0.0
0.0;0.0;0.0;False;0.0
1.0;2.0;0.0;False;0.0
1.0;2.0;0.0;False;0.0
1.0;2.0;0.0;False;0.0
1.0;2.0;0.0;False;0.0
1.0;2.0;0.0;False;0.0
1.0;2.0;0.0;False;0.0
1.0;2.0;0.0;False;0.0
1.0;2.0;0.0;False;0.0
1.0;2.0;0.0;False;0.0
1.0;2.0;0.0;False;0.0
1.0;2.0;0.0;False;0.0
1.0;2.0;0.0;False;0.0
1.0;2.0;0.0;False;0.0
1.0;2.0;0.0;False;0.0
1.0;2.0;0.0;False;0.0
1.0;2.0;0.0;False;0.0
1.0;2.0;0.0;False;0.0
1.0;2.0;0.0;False;0.0
1.0;2.0;0.0;False;0.0
1.0;2.0;0.0;False;0.0
1.0;2.0;0.0;False;0.0
0.0;0.0;0.0;False;0.0
2.0;0.0;0.0;False;0.0
2.0;0.0;1.0;False;2.0
1.0;0.0;2.0;False;0.0
1.0;2.0;0.0;False;0.0
1.0;2.0;0.0;False;0.0
1.0;2.0;0.0;False;0.0
1.0;2.0;0.0;False;0.0
1.0;2.0;0.0;False;0.0
1.0;2.0;0.0;False;0.0
1.0;2.0;0.0;True;0.0
1.0;2.0;0.0;False;0.0
0.0;0.0;0.0;False;0.0
0.0;3.0;0.0;False;0.0
0.0;0.0;0.0;False;0.0
0.0;0.0;0.0;False;0.0
1.0;2.0;0.0;False;0.0
1.0;2.0;0.0;False;0.0
1.0;2.0;0.0;False;0.0
0.0;0.0;0.0;False;0.0
1.0;2.0;0.0;False;0.0
1.0;2.0;0.0;False;0.0
1.0;2.0;0.0;False;0.0
1.0;2.0;0.0;False;0.0
1.0;2.0;0.0;False;0.0
0.0;0.0;0.0;False;0.0
0.0;0.0;0.0;False;0.0
0.0;0.0;0.0;False;0.0
0.0;0.0;0.0;False;0.0
0.0;0.0;0.0;False;0.0
