name;actual;prediction;False_probability;True_probability
metron-analytics\metron-maas-common\src\main\java\org\apache\metron\maas\config\endpoint.java@org.apache.metron.maas.config.endpoint.equals(object);False;False;0.999;0.001
metron-analytics\metron-maas-common\src\main\java\org\apache\metron\maas\config\endpoint.java@org.apache.metron.maas.config.endpoint.getfunctions();False;False;0.999;0.001
metron-analytics\metron-maas-common\src\main\java\org\apache\metron\maas\config\endpoint.java@org.apache.metron.maas.config.endpoint.geturl();False;False;0.997;0.003
metron-analytics\metron-maas-common\src\main\java\org\apache\metron\maas\config\endpoint.java@org.apache.metron.maas.config.endpoint.hashcode();False;False;1.0;0.0
metron-analytics\metron-maas-common\src\main\java\org\apache\metron\maas\config\endpoint.java@org.apache.metron.maas.config.endpoint.setfunctions(map);False;False;0.9034152775648784;0.09658472243512224
metron-analytics\metron-maas-common\src\main\java\org\apache\metron\maas\config\endpoint.java@org.apache.metron.maas.config.endpoint.seturl(string);False;False;0.9863333374684377;0.013666662531561671
metron-analytics\metron-maas-common\src\main\java\org\apache\metron\maas\config\endpoint.java@org.apache.metron.maas.config.endpoint.tostring();False;False;1.0;0.0
metron-analytics\metron-maas-common\src\main\java\org\apache\metron\maas\config\maasconfig.java@org.apache.metron.maas.config.maasconfig.createqueue(map);False;False;0.9034152775648784;0.09658472243512224
metron-analytics\metron-maas-common\src\main\java\org\apache\metron\maas\config\maasconfig.java@org.apache.metron.maas.config.maasconfig.getqueue();False;False;0.999;0.001
metron-analytics\metron-maas-common\src\main\java\org\apache\metron\maas\config\maasconfig.java@org.apache.metron.maas.config.maasconfig.getqueueconfig();False;False;1.0;0.0
metron-analytics\metron-maas-common\src\main\java\org\apache\metron\maas\config\maasconfig.java@org.apache.metron.maas.config.maasconfig.getserviceroot();False;False;1.0;0.0
metron-analytics\metron-maas-common\src\main\java\org\apache\metron\maas\config\maasconfig.java@org.apache.metron.maas.config.maasconfig.setqueue(queuehandler);False;False;1.0;0.0
metron-analytics\metron-maas-common\src\main\java\org\apache\metron\maas\config\maasconfig.java@org.apache.metron.maas.config.maasconfig.setqueueconfig(map);False;False;0.9034152775648784;0.09658472243512224
metron-analytics\metron-maas-common\src\main\java\org\apache\metron\maas\config\maasconfig.java@org.apache.metron.maas.config.maasconfig.setserviceroot(string);False;False;0.9775952569781741;0.022404743021829047
metron-analytics\metron-maas-common\src\main\java\org\apache\metron\maas\config\model.java@org.apache.metron.maas.config.model.model(string,string);False;False;0.9034152775648784;0.09658472243512224
metron-analytics\metron-maas-common\src\main\java\org\apache\metron\maas\config\model.java@org.apache.metron.maas.config.model.equals(object);False;False;1.0;0.0
metron-analytics\metron-maas-common\src\main\java\org\apache\metron\maas\config\model.java@org.apache.metron.maas.config.model.getname();False;False;1.0;0.0
metron-analytics\metron-maas-common\src\main\java\org\apache\metron\maas\config\model.java@org.apache.metron.maas.config.model.getversion();False;False;0.9870016977227632;0.012998302277236747
metron-analytics\metron-maas-common\src\main\java\org\apache\metron\maas\config\model.java@org.apache.metron.maas.config.model.hashcode();False;False;1.0;0.0
metron-analytics\metron-maas-common\src\main\java\org\apache\metron\maas\config\model.java@org.apache.metron.maas.config.model.setname(string);False;False;0.9863333374684377;0.013666662531561671
metron-analytics\metron-maas-common\src\main\java\org\apache\metron\maas\config\model.java@org.apache.metron.maas.config.model.setversion(string);False;False;0.9863333374684377;0.013666662531561671
metron-analytics\metron-maas-common\src\main\java\org\apache\metron\maas\config\modelendpoint.java@org.apache.metron.maas.config.modelendpoint.equals(object);False;False;0.996;0.004
metron-analytics\metron-maas-common\src\main\java\org\apache\metron\maas\config\modelendpoint.java@org.apache.metron.maas.config.modelendpoint.getcontainerid();False;False;0.992;0.008
metron-analytics\metron-maas-common\src\main\java\org\apache\metron\maas\config\modelendpoint.java@org.apache.metron.maas.config.modelendpoint.getendpoint();False;False;1.0;0.0
metron-analytics\metron-maas-common\src\main\java\org\apache\metron\maas\config\modelendpoint.java@org.apache.metron.maas.config.modelendpoint.getname();False;False;0.9870016977227632;0.012998302277236747
metron-analytics\metron-maas-common\src\main\java\org\apache\metron\maas\config\modelendpoint.java@org.apache.metron.maas.config.modelendpoint.getversion();False;False;0.9870016977227632;0.012998302277236747
metron-analytics\metron-maas-common\src\main\java\org\apache\metron\maas\config\modelendpoint.java@org.apache.metron.maas.config.modelendpoint.hashcode();False;False;0.998;0.002
metron-analytics\metron-maas-common\src\main\java\org\apache\metron\maas\config\modelendpoint.java@org.apache.metron.maas.config.modelendpoint.setcontainerid(string);False;False;0.9775952569781741;0.022404743021829047
metron-analytics\metron-maas-common\src\main\java\org\apache\metron\maas\config\modelendpoint.java@org.apache.metron.maas.config.modelendpoint.setendpoint(endpoint);False;False;0.9999734808570424;2.651914295749912e-05
metron-analytics\metron-maas-common\src\main\java\org\apache\metron\maas\config\modelendpoint.java@org.apache.metron.maas.config.modelendpoint.setname(string);False;False;0.9863333374684377;0.013666662531561671
metron-analytics\metron-maas-common\src\main\java\org\apache\metron\maas\config\modelendpoint.java@org.apache.metron.maas.config.modelendpoint.setversion(string);False;False;0.9863333374684377;0.013666662531561671
metron-analytics\metron-maas-common\src\main\java\org\apache\metron\maas\config\modelendpoint.java@org.apache.metron.maas.config.modelendpoint.tostring();False;False;0.9931666666666668;0.006833333333333334
metron-analytics\metron-maas-common\src\main\java\org\apache\metron\maas\config\modelrequest.java@org.apache.metron.maas.config.modelrequest.getaction();False;False;0.8722588954818835;0.12774110451811724
metron-analytics\metron-maas-common\src\main\java\org\apache\metron\maas\config\modelrequest.java@org.apache.metron.maas.config.modelrequest.getmemory();False;False;1.0;0.0
metron-analytics\metron-maas-common\src\main\java\org\apache\metron\maas\config\modelrequest.java@org.apache.metron.maas.config.modelrequest.getname();False;False;1.0;0.0
metron-analytics\metron-maas-common\src\main\java\org\apache\metron\maas\config\modelrequest.java@org.apache.metron.maas.config.modelrequest.getnuminstances();False;False;1.0;0.0
metron-analytics\metron-maas-common\src\main\java\org\apache\metron\maas\config\modelrequest.java@org.apache.metron.maas.config.modelrequest.getpath();False;False;0.993;0.007
metron-analytics\metron-maas-common\src\main\java\org\apache\metron\maas\config\modelrequest.java@org.apache.metron.maas.config.modelrequest.getversion();False;False;1.0;0.0
metron-analytics\metron-maas-common\src\main\java\org\apache\metron\maas\config\modelrequest.java@org.apache.metron.maas.config.modelrequest.setaction(action);False;False;0.9999734808570424;2.651914295749912e-05
metron-analytics\metron-maas-common\src\main\java\org\apache\metron\maas\config\modelrequest.java@org.apache.metron.maas.config.modelrequest.setmemory(int);False;False;0.9863333374684377;0.013666662531561671
metron-analytics\metron-maas-common\src\main\java\org\apache\metron\maas\config\modelrequest.java@org.apache.metron.maas.config.modelrequest.setname(string);False;False;0.9863333374684377;0.013666662531561671
metron-analytics\metron-maas-common\src\main\java\org\apache\metron\maas\config\modelrequest.java@org.apache.metron.maas.config.modelrequest.setnuminstances(int);False;False;0.9775952569781741;0.022404743021829047
metron-analytics\metron-maas-common\src\main\java\org\apache\metron\maas\config\modelrequest.java@org.apache.metron.maas.config.modelrequest.setpath(string);False;False;0.9863333374684377;0.013666662531561671
metron-analytics\metron-maas-common\src\main\java\org\apache\metron\maas\config\modelrequest.java@org.apache.metron.maas.config.modelrequest.setversion(string);False;False;0.9863333374684377;0.013666662531561671
metron-analytics\metron-maas-common\src\main\java\org\apache\metron\maas\discovery\servicediscoverer.java@org.apache.metron.maas.discovery.query.query(model);False;False;0.9034152775648784;0.09658472243512224
metron-analytics\metron-maas-common\src\main\java\org\apache\metron\maas\discovery\servicediscoverer.java@org.apache.metron.maas.discovery.query.match(model);False;False;0.9034152775648784;0.09658472243512224
metron-analytics\metron-maas-common\src\main\java\org\apache\metron\maas\discovery\servicediscoverer.java@org.apache.metron.maas.discovery.servicediscoverer.query(model);False;False;0.9034152775648784;0.09658472243512224
metron-analytics\metron-maas-common\src\main\java\org\apache\metron\maas\discovery\servicediscoverer.java@org.apache.metron.maas.discovery.servicediscoverer.servicediscoverer(curatorframework,string);False;False;0.9034152775648784;0.09658472243512224
metron-analytics\metron-maas-common\src\main\java\org\apache\metron\maas\discovery\servicediscoverer.java@org.apache.metron.maas.discovery.servicediscoverer.servicediscoverer(curatorframework,string,int);False;False;0.9034152775648784;0.09658472243512224
metron-analytics\metron-maas-common\src\main\java\org\apache\metron\maas\discovery\servicediscoverer.java@org.apache.metron.maas.discovery.servicediscoverer.blacklist(modelendpoint);False;False;0.9861166666666668;0.013883333333333333
metron-analytics\metron-maas-common\src\main\java\org\apache\metron\maas\discovery\servicediscoverer.java@org.apache.metron.maas.discovery.servicediscoverer.blacklist(url);False;False;0.992;0.008
metron-analytics\metron-maas-common\src\main\java\org\apache\metron\maas\discovery\servicediscoverer.java@org.apache.metron.maas.discovery.servicediscoverer.close();False;False;0.9976333333333334;0.0023666666666666667
metron-analytics\metron-maas-common\src\main\java\org\apache\metron\maas\discovery\servicediscoverer.java@org.apache.metron.maas.discovery.servicediscoverer.getendpoint(model);False;False;0.9034152775648784;0.09658472243512224
metron-analytics\metron-maas-common\src\main\java\org\apache\metron\maas\discovery\servicediscoverer.java@org.apache.metron.maas.discovery.servicediscoverer.getendpoint(string);False;False;0.988;0.012
metron-analytics\metron-maas-common\src\main\java\org\apache\metron\maas\discovery\servicediscoverer.java@org.apache.metron.maas.discovery.servicediscoverer.getendpoint(string,string);False;False;0.9034152775648784;0.09658472243512224
metron-analytics\metron-maas-common\src\main\java\org\apache\metron\maas\discovery\servicediscoverer.java@org.apache.metron.maas.discovery.servicediscoverer.getendpoints(model);False;False;0.9873;0.0127
metron-analytics\metron-maas-common\src\main\java\org\apache\metron\maas\discovery\servicediscoverer.java@org.apache.metron.maas.discovery.servicediscoverer.getservicediscovery();False;False;1.0;0.0
metron-analytics\metron-maas-common\src\main\java\org\apache\metron\maas\discovery\servicediscoverer.java@org.apache.metron.maas.discovery.servicediscoverer.listendpoints(model);False;False;0.99225;0.00775
metron-analytics\metron-maas-common\src\main\java\org\apache\metron\maas\discovery\servicediscoverer.java@org.apache.metron.maas.discovery.servicediscoverer.match(model);False;False;0.9466666666666667;0.05333333333333334
metron-analytics\metron-maas-common\src\main\java\org\apache\metron\maas\discovery\servicediscoverer.java@org.apache.metron.maas.discovery.servicediscoverer.resetstate();False;False;0.9034152775648784;0.09658472243512224
metron-analytics\metron-maas-common\src\main\java\org\apache\metron\maas\discovery\servicediscoverer.java@org.apache.metron.maas.discovery.servicediscoverer.start();False;False;0.9034152775648784;0.09658472243512224
metron-analytics\metron-maas-common\src\main\java\org\apache\metron\maas\discovery\servicediscoverer.java@org.apache.metron.maas.discovery.servicediscoverer.tourl(string);False;False;0.9034152775648784;0.09658472243512224
metron-analytics\metron-maas-common\src\main\java\org\apache\metron\maas\discovery\servicediscoverer.java@org.apache.metron.maas.discovery.servicediscoverer.unregisterbycontainer(string);False;False;0.9034152775648784;0.09658472243512224
metron-analytics\metron-maas-common\src\main\java\org\apache\metron\maas\discovery\servicediscoverer.java@org.apache.metron.maas.discovery.servicediscoverer.updatestate();False;False;0.9034152775648784;0.09658472243512224
metron-analytics\metron-maas-common\src\main\java\org\apache\metron\maas\functions\maasfunctions.java@org.apache.metron.maas.functions.getendpoint.apply(list,context);False;False;0.9034152775648784;0.09658472243512224
metron-analytics\metron-maas-common\src\main\java\org\apache\metron\maas\functions\maasfunctions.java@org.apache.metron.maas.functions.getendpoint.endpointtomap(string,string,endpoint);False;False;0.9034152775648784;0.09658472243512224
metron-analytics\metron-maas-common\src\main\java\org\apache\metron\maas\functions\maasfunctions.java@org.apache.metron.maas.functions.getendpoint.initialize(context);False;False;0.9034152775648784;0.09658472243512224
metron-analytics\metron-maas-common\src\main\java\org\apache\metron\maas\functions\maasfunctions.java@org.apache.metron.maas.functions.getendpoint.isinitialized();False;False;0.9851351218008023;0.014864878199197096
metron-analytics\metron-maas-common\src\main\java\org\apache\metron\maas\functions\maasfunctions.java@org.apache.metron.maas.functions.maasfunctions.modelapply();False;False;0.9034152775648784;0.09658472243512224
metron-analytics\metron-maas-common\src\main\java\org\apache\metron\maas\functions\maasfunctions.java@org.apache.metron.maas.functions.maasfunctions.modelcachekey(string,string,string,map);False;False;0.9034152775648784;0.09658472243512224
metron-analytics\metron-maas-common\src\main\java\org\apache\metron\maas\functions\maasfunctions.java@org.apache.metron.maas.functions.maasfunctions.apply(list,context);False;False;0.9034152775648784;0.09658472243512224
metron-analytics\metron-maas-common\src\main\java\org\apache\metron\maas\functions\maasfunctions.java@org.apache.metron.maas.functions.maasfunctions.creatediscoverer(curatorframework);False;False;0.966;0.034
metron-analytics\metron-maas-common\src\main\java\org\apache\metron\maas\functions\maasfunctions.java@org.apache.metron.maas.functions.maasfunctions.endpointtomap(string,string,endpoint);False;False;0.9034152775648784;0.09658472243512224
metron-analytics\metron-maas-common\src\main\java\org\apache\metron\maas\functions\maasfunctions.java@org.apache.metron.maas.functions.maasfunctions.equals(object);False;False;0.989;0.011
metron-analytics\metron-maas-common\src\main\java\org\apache\metron\maas\functions\maasfunctions.java@org.apache.metron.maas.functions.maasfunctions.hashcode();False;False;0.973;0.027
metron-analytics\metron-maas-common\src\main\java\org\apache\metron\maas\functions\maasfunctions.java@org.apache.metron.maas.functions.maasfunctions.initialize(context);False;False;0.9034152775648784;0.09658472243512224
metron-analytics\metron-maas-common\src\main\java\org\apache\metron\maas\functions\maasfunctions.java@org.apache.metron.maas.functions.maasfunctions.isinitialized();False;False;1.0;0.0
metron-analytics\metron-maas-common\src\main\java\org\apache\metron\maas\functions\maasfunctions.java@org.apache.metron.maas.functions.modelapply.modelapply();False;False;0.9034152775648784;0.09658472243512224
metron-analytics\metron-maas-common\src\main\java\org\apache\metron\maas\functions\maasfunctions.java@org.apache.metron.maas.functions.modelapply.apply(list,context);False;False;0.9034152775648784;0.09658472243512224
metron-analytics\metron-maas-common\src\main\java\org\apache\metron\maas\functions\maasfunctions.java@org.apache.metron.maas.functions.modelapply.initialize(context);False;False;0.9034152775648784;0.09658472243512224
metron-analytics\metron-maas-common\src\main\java\org\apache\metron\maas\functions\maasfunctions.java@org.apache.metron.maas.functions.modelapply.isinitialized();False;False;0.9851351218008023;0.014864878199197096
metron-analytics\metron-maas-common\src\main\java\org\apache\metron\maas\functions\maasfunctions.java@org.apache.metron.maas.functions.modelcachekey.modelcachekey(string,string,string,map);False;False;0.9034152775648784;0.09658472243512224
metron-analytics\metron-maas-common\src\main\java\org\apache\metron\maas\functions\maasfunctions.java@org.apache.metron.maas.functions.modelcachekey.equals(object);False;False;0.9034152775648784;0.09658472243512224
metron-analytics\metron-maas-common\src\main\java\org\apache\metron\maas\functions\maasfunctions.java@org.apache.metron.maas.functions.modelcachekey.hashcode();False;False;0.9851351218008023;0.014864878199197096
metron-analytics\metron-maas-common\src\main\java\org\apache\metron\maas\queue\zkqueue.java@org.apache.metron.maas.queue.zkqueue.configure(map);False;False;0.9034152775648784;0.09658472243512224
metron-analytics\metron-maas-common\src\main\java\org\apache\metron\maas\queue\zkqueue.java@org.apache.metron.maas.queue.zkqueue.dequeue();False;False;0.9034152775648784;0.09658472243512224
metron-analytics\metron-maas-common\src\main\java\org\apache\metron\maas\queue\zkqueue.java@org.apache.metron.maas.queue.zkqueue.enqueue(modelrequest);False;False;0.9034152775648784;0.09658472243512224
metron-analytics\metron-maas-common\src\test\java\org\apache\metron\maas\discovery\servicediscoveryintegrationtest.java@org.apache.metron.maas.discovery.servicediscoveryintegrationtest.createinstance(modelendpoint);False;False;0.9767666666666668;0.023233333333333335
metron-analytics\metron-maas-common\src\test\java\org\apache\metron\maas\discovery\servicediscoveryintegrationtest.java@org.apache.metron.maas.discovery.servicediscoveryintegrationtest.registerservice(modelendpoint);False;False;0.98475;0.015249999999999998
metron-analytics\metron-maas-common\src\test\java\org\apache\metron\maas\discovery\servicediscoveryintegrationtest.java@org.apache.metron.maas.discovery.servicediscoveryintegrationtest.registerservice(string,string,atomicinteger);False;False;0.9034152775648784;0.09658472243512224
metron-analytics\metron-maas-common\src\test\java\org\apache\metron\maas\discovery\servicediscoveryintegrationtest.java@org.apache.metron.maas.discovery.servicediscoveryintegrationtest.setup();False;False;0.962;0.038
metron-analytics\metron-maas-common\src\test\java\org\apache\metron\maas\discovery\servicediscoveryintegrationtest.java@org.apache.metron.maas.discovery.servicediscoveryintegrationtest.teardown();False;False;0.9925;0.0075
metron-analytics\metron-maas-common\src\test\java\org\apache\metron\maas\discovery\servicediscoveryintegrationtest.java@org.apache.metron.maas.discovery.servicediscoveryintegrationtest.testdiscovery();False;False;0.9925;0.0075
metron-analytics\metron-maas-service\src\main\java\org\apache\metron\maas\service\applicationmaster.java@org.apache.metron.maas.service.applicationmaster.amoptions(string,function);False;False;0.9034152775648784;0.09658472243512224
metron-analytics\metron-maas-service\src\main\java\org\apache\metron\maas\service\applicationmaster.java@org.apache.metron.maas.service.applicationmaster.applicationmaster();False;False;0.9034152775648784;0.09658472243512224
metron-analytics\metron-maas-service\src\main\java\org\apache\metron\maas\service\applicationmaster.java@org.apache.metron.maas.service.applicationmaster.fileexist(string);False;False;1.0;0.0
metron-analytics\metron-maas-service\src\main\java\org\apache\metron\maas\service\applicationmaster.java@org.apache.metron.maas.service.applicationmaster.finish();False;False;0.999;0.001
metron-analytics\metron-maas-service\src\main\java\org\apache\metron\maas\service\applicationmaster.java@org.apache.metron.maas.service.applicationmaster.get(commandline);False;False;1.0;0.0
metron-analytics\metron-maas-service\src\main\java\org\apache\metron\maas\service\applicationmaster.java@org.apache.metron.maas.service.applicationmaster.get(commandline,string);False;False;0.9034152775648784;0.09658472243512224
metron-analytics\metron-maas-service\src\main\java\org\apache\metron\maas\service\applicationmaster.java@org.apache.metron.maas.service.applicationmaster.getappmasterjar();False;False;0.9700715327972679;0.02992846720273189
metron-analytics\metron-maas-service\src\main\java\org\apache\metron\maas\service\applicationmaster.java@org.apache.metron.maas.service.applicationmaster.getmincontainermemoryincrement(configuration);False;False;0.995;0.005
metron-analytics\metron-maas-service\src\main\java\org\apache\metron\maas\service\applicationmaster.java@org.apache.metron.maas.service.applicationmaster.getoptions();False;False;1.0;0.0
metron-analytics\metron-maas-service\src\main\java\org\apache\metron\maas\service\applicationmaster.java@org.apache.metron.maas.service.applicationmaster.has(commandline);False;False;1.0;0.0
metron-analytics\metron-maas-service\src\main\java\org\apache\metron\maas\service\applicationmaster.java@org.apache.metron.maas.service.applicationmaster.init(string[]);False;False;0.9034152775648784;0.09658472243512224
metron-analytics\metron-maas-service\src\main\java\org\apache\metron\maas\service\applicationmaster.java@org.apache.metron.maas.service.applicationmaster.main(string[]);False;False;0.9034152775648784;0.09658472243512224
metron-analytics\metron-maas-service\src\main\java\org\apache\metron\maas\service\applicationmaster.java@org.apache.metron.maas.service.applicationmaster.of(string);False;False;0.999;0.001
metron-analytics\metron-maas-service\src\main\java\org\apache\metron\maas\service\applicationmaster.java@org.apache.metron.maas.service.applicationmaster.parse(commandlineparser,string[]);False;False;0.9034152775648784;0.09658472243512224
metron-analytics\metron-maas-service\src\main\java\org\apache\metron\maas\service\applicationmaster.java@org.apache.metron.maas.service.applicationmaster.printhelp();False;False;1.0;0.0
metron-analytics\metron-maas-service\src\main\java\org\apache\metron\maas\service\applicationmaster.java@org.apache.metron.maas.service.applicationmaster.run();False;False;0.991;0.009
metron-analytics\metron-maas-service\src\main\java\org\apache\metron\maas\service\applicationmaster.java@org.apache.metron.maas.service.applicationmaster.starttimelineclient(configuration);False;False;0.9034152775648784;0.09658472243512224
metron-analytics\metron-maas-service\src\main\java\org\apache\metron\maas\service\applicationmaster.java@org.apache.metron.maas.service.applicationmaster.toargs(map);False;False;0.9034152775648784;0.09658472243512224
metron-analytics\metron-maas-service\src\main\java\org\apache\metron\maas\service\client.java@org.apache.metron.maas.service.client.client();False;False;0.9034152775648784;0.09658472243512224
metron-analytics\metron-maas-service\src\main\java\org\apache\metron\maas\service\client.java@org.apache.metron.maas.service.client.client(configuration);False;False;0.9034152775648784;0.09658472243512224
metron-analytics\metron-maas-service\src\main\java\org\apache\metron\maas\service\client.java@org.apache.metron.maas.service.client.client(string,configuration);False;False;0.9034152775648784;0.09658472243512224
metron-analytics\metron-maas-service\src\main\java\org\apache\metron\maas\service\client.java@org.apache.metron.maas.service.client.clientoptions(string,function);False;False;0.9034152775648784;0.09658472243512224
metron-analytics\metron-maas-service\src\main\java\org\apache\metron\maas\service\client.java@org.apache.metron.maas.service.client.addtolocalresources(filesystem,string,string,string,map,string);False;False;0.9034152775648784;0.09658472243512224
metron-analytics\metron-maas-service\src\main\java\org\apache\metron\maas\service\client.java@org.apache.metron.maas.service.client.createmaasdirectory(filesystem,string);False;False;0.9034152775648784;0.09658472243512224
metron-analytics\metron-maas-service\src\main\java\org\apache\metron\maas\service\client.java@org.apache.metron.maas.service.client.forcekillapplication(applicationid);False;False;0.981;0.019
metron-analytics\metron-maas-service\src\main\java\org\apache\metron\maas\service\client.java@org.apache.metron.maas.service.client.get(commandline);False;False;1.0;0.0
metron-analytics\metron-maas-service\src\main\java\org\apache\metron\maas\service\client.java@org.apache.metron.maas.service.client.get(commandline,string);False;False;0.9034152775648784;0.09658472243512224
metron-analytics\metron-maas-service\src\main\java\org\apache\metron\maas\service\client.java@org.apache.metron.maas.service.client.getjar(class);False;False;0.998;0.002
metron-analytics\metron-maas-service\src\main\java\org\apache\metron\maas\service\client.java@org.apache.metron.maas.service.client.getoptions();False;False;0.994;0.006
metron-analytics\metron-maas-service\src\main\java\org\apache\metron\maas\service\client.java@org.apache.metron.maas.service.client.has(commandline);False;False;1.0;0.0
metron-analytics\metron-maas-service\src\main\java\org\apache\metron\maas\service\client.java@org.apache.metron.maas.service.client.init(string[]);False;False;0.9034152775648784;0.09658472243512224
metron-analytics\metron-maas-service\src\main\java\org\apache\metron\maas\service\client.java@org.apache.metron.maas.service.client.main(string[]);False;False;0.9034152775648784;0.09658472243512224
metron-analytics\metron-maas-service\src\main\java\org\apache\metron\maas\service\client.java@org.apache.metron.maas.service.client.monitorapplication(applicationid);False;False;0.9034152775648784;0.09658472243512224
metron-analytics\metron-maas-service\src\main\java\org\apache\metron\maas\service\client.java@org.apache.metron.maas.service.client.of(string);False;False;0.999;0.001
metron-analytics\metron-maas-service\src\main\java\org\apache\metron\maas\service\client.java@org.apache.metron.maas.service.client.parse(commandlineparser,string[]);False;False;0.9034152775648784;0.09658472243512224
metron-analytics\metron-maas-service\src\main\java\org\apache\metron\maas\service\client.java@org.apache.metron.maas.service.client.preparetimelinedomain();False;False;0.9034152775648784;0.09658472243512224
metron-analytics\metron-maas-service\src\main\java\org\apache\metron\maas\service\client.java@org.apache.metron.maas.service.client.printhelp();False;False;1.0;0.0
metron-analytics\metron-maas-service\src\main\java\org\apache\metron\maas\service\client.java@org.apache.metron.maas.service.client.run();False;False;0.765;0.235
metron-analytics\metron-maas-service\src\main\java\org\apache\metron\maas\service\client.java@org.apache.metron.maas.service.client.toargs(map);False;False;0.9034152775648784;0.09658472243512224
metron-analytics\metron-maas-service\src\main\java\org\apache\metron\maas\service\containertracker.java@org.apache.metron.maas.service.containertracker.containertracker(int);False;False;0.9034152775648784;0.09658472243512224
metron-analytics\metron-maas-service\src\main\java\org\apache\metron\maas\service\containertracker.java@org.apache.metron.maas.service.containertracker.getadjustedsize(int);False;False;1.0;0.0
metron-analytics\metron-maas-service\src\main\java\org\apache\metron\maas\service\containertracker.java@org.apache.metron.maas.service.containertracker.getlist(modelrequest);False;False;0.999;0.001
metron-analytics\metron-maas-service\src\main\java\org\apache\metron\maas\service\containertracker.java@org.apache.metron.maas.service.containertracker.getqueue(resource);False;False;0.9903333333333334;0.009666666666666667
metron-analytics\metron-maas-service\src\main\java\org\apache\metron\maas\service\containertracker.java@org.apache.metron.maas.service.containertracker.registercontainer(resource,container);False;False;0.9034152775648784;0.09658472243512224
metron-analytics\metron-maas-service\src\main\java\org\apache\metron\maas\service\containertracker.java@org.apache.metron.maas.service.containertracker.registerrequest(container,modelrequest);False;False;0.9034152775648784;0.09658472243512224
metron-analytics\metron-maas-service\src\main\java\org\apache\metron\maas\service\containertracker.java@org.apache.metron.maas.service.containertracker.removecontainer(containerid);False;False;0.971;0.029
metron-analytics\metron-maas-service\src\main\java\org\apache\metron\maas\service\log4jpropertyhelper.java@org.apache.metron.maas.service.log4jpropertyhelper.updatelog4jconfiguration(class,string);False;False;0.9034152775648784;0.09658472243512224
metron-analytics\metron-maas-service\src\main\java\org\apache\metron\maas\service\callback\containerrequestlistener.java@org.apache.metron.maas.service.callback.containerrequestlistener.containerrequestlistener(timelineclient,usergroupinformation,string,int);False;False;0.9034152775648784;0.09658472243512224
metron-analytics\metron-maas-service\src\main\java\org\apache\metron\maas\service\callback\containerrequestlistener.java@org.apache.metron.maas.service.callback.containerrequestlistener.getcontainerstate();False;False;1.0;0.0
metron-analytics\metron-maas-service\src\main\java\org\apache\metron\maas\service\callback\containerrequestlistener.java@org.apache.metron.maas.service.callback.containerrequestlistener.getcontainers(resource);False;False;1.0;0.0
metron-analytics\metron-maas-service\src\main\java\org\apache\metron\maas\service\callback\containerrequestlistener.java@org.apache.metron.maas.service.callback.containerrequestlistener.getprogress();False;False;0.9345719804465346;0.06542801955346547
metron-analytics\metron-maas-service\src\main\java\org\apache\metron\maas\service\callback\containerrequestlistener.java@org.apache.metron.maas.service.callback.containerrequestlistener.initialize(amrmclientasync,nmclientasync,servicediscoverer);False;False;0.9034152775648784;0.09658472243512224
metron-analytics\metron-maas-service\src\main\java\org\apache\metron\maas\service\callback\containerrequestlistener.java@org.apache.metron.maas.service.callback.containerrequestlistener.oncontainerstarted(containerid,map);False;False;0.9034152775648784;0.09658472243512224
metron-analytics\metron-maas-service\src\main\java\org\apache\metron\maas\service\callback\containerrequestlistener.java@org.apache.metron.maas.service.callback.containerrequestlistener.oncontainerstatusreceived(containerid,containerstatus);False;False;0.9034152775648784;0.09658472243512224
metron-analytics\metron-maas-service\src\main\java\org\apache\metron\maas\service\callback\containerrequestlistener.java@org.apache.metron.maas.service.callback.containerrequestlistener.oncontainerstopped(containerid);False;False;0.995;0.005
metron-analytics\metron-maas-service\src\main\java\org\apache\metron\maas\service\callback\containerrequestlistener.java@org.apache.metron.maas.service.callback.containerrequestlistener.oncontainersallocated(list);False;False;0.9034152775648784;0.09658472243512224
metron-analytics\metron-maas-service\src\main\java\org\apache\metron\maas\service\callback\containerrequestlistener.java@org.apache.metron.maas.service.callback.containerrequestlistener.oncontainerscompleted(list);False;False;0.9034152775648784;0.09658472243512224
metron-analytics\metron-maas-service\src\main\java\org\apache\metron\maas\service\callback\containerrequestlistener.java@org.apache.metron.maas.service.callback.containerrequestlistener.onerror(throwable);False;False;0.999920768307323;7.923169267707083e-05
metron-analytics\metron-maas-service\src\main\java\org\apache\metron\maas\service\callback\containerrequestlistener.java@org.apache.metron.maas.service.callback.containerrequestlistener.ongetcontainerstatuserror(containerid,throwable);False;False;0.9034152775648784;0.09658472243512224
metron-analytics\metron-maas-service\src\main\java\org\apache\metron\maas\service\callback\containerrequestlistener.java@org.apache.metron.maas.service.callback.containerrequestlistener.onstartcontainererror(containerid,throwable);False;False;0.9034152775648784;0.09658472243512224
metron-analytics\metron-maas-service\src\main\java\org\apache\metron\maas\service\callback\containerrequestlistener.java@org.apache.metron.maas.service.callback.containerrequestlistener.onstopcontainererror(containerid,throwable);False;False;0.9034152775648784;0.09658472243512224
metron-analytics\metron-maas-service\src\main\java\org\apache\metron\maas\service\callback\containerrequestlistener.java@org.apache.metron.maas.service.callback.containerrequestlistener.removecontainer(containerid);False;False;0.901;0.099
metron-analytics\metron-maas-service\src\main\java\org\apache\metron\maas\service\callback\containerrequestlistener.java@org.apache.metron.maas.service.callback.containerrequestlistener.removecontainers(int,modelrequest);False;False;0.9034152775648784;0.09658472243512224
metron-analytics\metron-maas-service\src\main\java\org\apache\metron\maas\service\callback\containerrequestlistener.java@org.apache.metron.maas.service.callback.containerrequestlistener.requestcontainers(int,resource);False;False;0.9034152775648784;0.09658472243512224
metron-analytics\metron-maas-service\src\main\java\org\apache\metron\maas\service\callback\launchcontainer.java@org.apache.metron.maas.service.callback.launchcontainer.launchcontainer(configuration,string,string,nmclientasync,modelrequest,container,bytebuffer,path);False;False;0.9034152775648784;0.09658472243512224
metron-analytics\metron-maas-service\src\main\java\org\apache\metron\maas\service\callback\launchcontainer.java@org.apache.metron.maas.service.callback.launchcontainer.containerhostname();False;False;0.9034152775648784;0.09658472243512224
metron-analytics\metron-maas-service\src\main\java\org\apache\metron\maas\service\callback\launchcontainer.java@org.apache.metron.maas.service.callback.launchcontainer.localizeresource(filestatus);False;False;0.9895714285714285;0.01042857142857143
metron-analytics\metron-maas-service\src\main\java\org\apache\metron\maas\service\callback\launchcontainer.java@org.apache.metron.maas.service.callback.launchcontainer.localizeresources(map,path,path);False;False;0.9034152775648784;0.09658472243512224
metron-analytics\metron-maas-service\src\main\java\org\apache\metron\maas\service\callback\launchcontainer.java@org.apache.metron.maas.service.callback.launchcontainer.run();False;False;0.889;0.111
metron-analytics\metron-maas-service\src\main\java\org\apache\metron\maas\service\runner\maashandler.java@org.apache.metron.maas.service.runner.maashandler.maashandler(string,string);False;False;0.9034152775648784;0.09658472243512224
metron-analytics\metron-maas-service\src\main\java\org\apache\metron\maas\service\runner\maashandler.java@org.apache.metron.maas.service.runner.maashandler.getclient();False;False;1.0;0.0
metron-analytics\metron-maas-service\src\main\java\org\apache\metron\maas\service\runner\maashandler.java@org.apache.metron.maas.service.runner.maashandler.getconfig();False;False;0.998;0.002
metron-analytics\metron-maas-service\src\main\java\org\apache\metron\maas\service\runner\maashandler.java@org.apache.metron.maas.service.runner.maashandler.getdiscoverer();False;False;1.0;0.0
metron-analytics\metron-maas-service\src\main\java\org\apache\metron\maas\service\runner\maashandler.java@org.apache.metron.maas.service.runner.maashandler.start();False;False;0.9898666666666667;0.010133333333333334
metron-analytics\metron-maas-service\src\main\java\org\apache\metron\maas\service\runner\runner.java@org.apache.metron.maas.service.runner.runner.runneroptions(string,function);False;False;0.9034152775648784;0.09658472243512224
metron-analytics\metron-maas-service\src\main\java\org\apache\metron\maas\service\runner\runner.java@org.apache.metron.maas.service.runner.runner.correctlocalurl(string,string);False;False;0.9034152775648784;0.09658472243512224
metron-analytics\metron-maas-service\src\main\java\org\apache\metron\maas\service\runner\runner.java@org.apache.metron.maas.service.runner.runner.get(commandline);False;False;1.0;0.0
metron-analytics\metron-maas-service\src\main\java\org\apache\metron\maas\service\runner\runner.java@org.apache.metron.maas.service.runner.runner.get(commandline,string);False;False;0.9034152775648784;0.09658472243512224
metron-analytics\metron-maas-service\src\main\java\org\apache\metron\maas\service\runner\runner.java@org.apache.metron.maas.service.runner.runner.getoptions();False;False;1.0;0.0
metron-analytics\metron-maas-service\src\main\java\org\apache\metron\maas\service\runner\runner.java@org.apache.metron.maas.service.runner.runner.has(commandline);False;False;1.0;0.0
metron-analytics\metron-maas-service\src\main\java\org\apache\metron\maas\service\runner\runner.java@org.apache.metron.maas.service.runner.runner.main(string);True;False;0.9034152775648784;0.09658472243512224
metron-analytics\metron-maas-service\src\main\java\org\apache\metron\maas\service\runner\runner.java@org.apache.metron.maas.service.runner.runner.of(string);False;False;0.988;0.012
metron-analytics\metron-maas-service\src\main\java\org\apache\metron\maas\service\runner\runner.java@org.apache.metron.maas.service.runner.runner.parse(commandlineparser,string[]);False;False;0.9034152775648784;0.09658472243512224
metron-analytics\metron-maas-service\src\main\java\org\apache\metron\maas\service\runner\runner.java@org.apache.metron.maas.service.runner.runner.printhelp();False;False;1.0;0.0
metron-analytics\metron-maas-service\src\main\java\org\apache\metron\maas\service\runner\runner.java@org.apache.metron.maas.service.runner.runner.readendpoint(file);False;False;0.9034152775648784;0.09658472243512224
metron-analytics\metron-maas-service\src\main\java\org\apache\metron\maas\service\runner\runner.java@org.apache.metron.maas.service.runner.runner.run();False;False;0.9943333333333334;0.005666666666666667
metron-analytics\metron-maas-service\src\main\java\org\apache\metron\maas\service\runner\runner.java@org.apache.metron.maas.service.runner.runner.toargs(map);False;False;0.9034152775648784;0.09658472243512224
metron-analytics\metron-maas-service\src\main\java\org\apache\metron\maas\submit\modelsubmission.java@org.apache.metron.maas.submit.modelsubmission.modelsubmissionoptions(string,function);False;False;0.9034152775648784;0.09658472243512224
metron-analytics\metron-maas-service\src\main\java\org\apache\metron\maas\submit\modelsubmission.java@org.apache.metron.maas.submit.modelsubmission.execute(filesystem,string);False;False;0.9034152775648784;0.09658472243512224
metron-analytics\metron-maas-service\src\main\java\org\apache\metron\maas\submit\modelsubmission.java@org.apache.metron.maas.submit.modelsubmission.get(commandline);False;False;1.0;0.0
metron-analytics\metron-maas-service\src\main\java\org\apache\metron\maas\submit\modelsubmission.java@org.apache.metron.maas.submit.modelsubmission.get(commandline,string);False;False;0.9034152775648784;0.09658472243512224
metron-analytics\metron-maas-service\src\main\java\org\apache\metron\maas\submit\modelsubmission.java@org.apache.metron.maas.submit.modelsubmission.getoptions();False;False;1.0;0.0
metron-analytics\metron-maas-service\src\main\java\org\apache\metron\maas\submit\modelsubmission.java@org.apache.metron.maas.submit.modelsubmission.has(commandline);False;False;0.998;0.002
metron-analytics\metron-maas-service\src\main\java\org\apache\metron\maas\submit\modelsubmission.java@org.apache.metron.maas.submit.modelsubmission.main(string);False;False;0.978;0.022
metron-analytics\metron-maas-service\src\main\java\org\apache\metron\maas\submit\modelsubmission.java@org.apache.metron.maas.submit.modelsubmission.of(string);False;False;0.999;0.001
metron-analytics\metron-maas-service\src\main\java\org\apache\metron\maas\submit\modelsubmission.java@org.apache.metron.maas.submit.modelsubmission.parse(commandlineparser,string[]);False;False;0.9034152775648784;0.09658472243512224
metron-analytics\metron-maas-service\src\main\java\org\apache\metron\maas\submit\modelsubmission.java@org.apache.metron.maas.submit.modelsubmission.printhelp();False;False;1.0;0.0
metron-analytics\metron-maas-service\src\main\java\org\apache\metron\maas\submit\modelsubmission.java@org.apache.metron.maas.submit.modelsubmission.toargs(map);False;False;0.9034152775648784;0.09658472243512224
metron-analytics\metron-maas-service\src\main\java\org\apache\metron\maas\submit\modelsubmission.java@org.apache.metron.maas.submit.modelsubmission.updatehdfs(filesystem,file,path);False;False;0.9034152775648784;0.09658472243512224
metron-analytics\metron-maas-service\src\test\java\org\apache\metron\maas\service\maasintegrationtest.java@org.apache.metron.maas.service.maasintegrationtest.checkhostname(string);False;False;0.9945;0.0055
metron-analytics\metron-maas-service\src\test\java\org\apache\metron\maas\service\maasintegrationtest.java@org.apache.metron.maas.service.maasintegrationtest.checkips(string,string,string);False;False;0.9034152775648784;0.09658472243512224
metron-analytics\metron-maas-service\src\test\java\org\apache\metron\maas\service\maasintegrationtest.java@org.apache.metron.maas.service.maasintegrationtest.cleanup();False;False;0.9034152775648784;0.09658472243512224
metron-analytics\metron-maas-service\src\test\java\org\apache\metron\maas\service\maasintegrationtest.java@org.apache.metron.maas.service.maasintegrationtest.comparefqdns(string,string);False;False;0.9034152775648784;0.09658472243512224
metron-analytics\metron-maas-service\src\test\java\org\apache\metron\maas\service\maasintegrationtest.java@org.apache.metron.maas.service.maasintegrationtest.makerestcall(url);False;False;0.98;0.02
metron-analytics\metron-maas-service\src\test\java\org\apache\metron\maas\service\maasintegrationtest.java@org.apache.metron.maas.service.maasintegrationtest.run();False;False;0.9034152775648784;0.09658472243512224
metron-analytics\metron-maas-service\src\test\java\org\apache\metron\maas\service\maasintegrationtest.java@org.apache.metron.maas.service.maasintegrationtest.setupbeforeclass();False;False;0.938;0.062
metron-analytics\metron-maas-service\src\test\java\org\apache\metron\maas\service\maasintegrationtest.java@org.apache.metron.maas.service.maasintegrationtest.teardown();False;False;1.0;0.0
metron-analytics\metron-maas-service\src\test\java\org\apache\metron\maas\service\maasintegrationtest.java@org.apache.metron.maas.service.maasintegrationtest.teardownafterclass();False;False;0.995;0.005
metron-analytics\metron-maas-service\src\test\java\org\apache\metron\maas\service\maasintegrationtest.java@org.apache.metron.maas.service.maasintegrationtest.testdsshell(boolean);False;False;0.9034152775648784;0.09658472243512224
metron-analytics\metron-maas-service\src\test\java\org\apache\metron\maas\service\maasintegrationtest.java@org.apache.metron.maas.service.maasintegrationtest.testmaaswithdomain();False;False;0.999;0.001
metron-analytics\metron-maas-service\src\test\java\org\apache\metron\maas\service\maasintegrationtest.java@org.apache.metron.maas.service.maasintegrationtest.testmaaswithoutdomain();False;False;0.999;0.001
metron-analytics\metron-maas-service\src\test\java\org\apache\metron\maas\service\maasintegrationtest.java@org.apache.metron.maas.service.maasintegrationtest.verifycontainerlog(int,list,boolean,string);False;False;0.9034152775648784;0.09658472243512224
metron-analytics\metron-maas-service\src\test\java\org\apache\metron\maas\service\mockdgamodel.java@org.apache.metron.maas.service.applicationconfig.applicationconfig();False;False;0.9034152775648784;0.09658472243512224
metron-analytics\metron-maas-service\src\test\java\org\apache\metron\maas\service\mockdgamodel.java@org.apache.metron.maas.service.applicationconfig.getclasses();False;False;0.9851351218008023;0.014864878199197096
metron-analytics\metron-maas-service\src\test\java\org\apache\metron\maas\service\mockdgamodel.java@org.apache.metron.maas.service.mockdgamodel.applicationconfig();False;False;0.9034152775648784;0.09658472243512224
metron-analytics\metron-maas-service\src\test\java\org\apache\metron\maas\service\mockdgamodel.java@org.apache.metron.maas.service.mockdgamodel.apply(string);False;False;0.946;0.054
metron-analytics\metron-maas-service\src\test\java\org\apache\metron\maas\service\mockdgamodel.java@org.apache.metron.maas.service.mockdgamodel.getclasses();False;False;1.0;0.0
metron-analytics\metron-maas-service\src\test\java\org\apache\metron\maas\service\mockdgamodel.java@org.apache.metron.maas.service.mockdgamodel.shutdown();False;False;0.99775;0.00225
metron-analytics\metron-maas-service\src\test\java\org\apache\metron\maas\service\mockdgamodel.java@org.apache.metron.maas.service.mockdgamodel.start(int);False;False;0.9945;0.0055
metron-analytics\metron-maas-service\src\test\java\org\apache\metron\maas\service\stellarmaasintegrationtest.java@org.apache.metron.maas.service.stellarmaasintegrationtest.setup();False;False;0.9034152775648784;0.09658472243512224
metron-analytics\metron-maas-service\src\test\java\org\apache\metron\maas\service\stellarmaasintegrationtest.java@org.apache.metron.maas.service.stellarmaasintegrationtest.teardown();False;False;0.9925;0.0075
metron-analytics\metron-maas-service\src\test\java\org\apache\metron\maas\service\stellarmaasintegrationtest.java@org.apache.metron.maas.service.stellarmaasintegrationtest.testgetendpointwithversion();False;False;0.997;0.003
metron-analytics\metron-maas-service\src\test\java\org\apache\metron\maas\service\stellarmaasintegrationtest.java@org.apache.metron.maas.service.stellarmaasintegrationtest.testgetendpointwithwrongversion();False;False;0.998;0.002
metron-analytics\metron-maas-service\src\test\java\org\apache\metron\maas\service\stellarmaasintegrationtest.java@org.apache.metron.maas.service.stellarmaasintegrationtest.testgetendpointwithoutversion();False;False;0.993;0.007
metron-analytics\metron-maas-service\src\test\java\org\apache\metron\maas\service\stellarmaasintegrationtest.java@org.apache.metron.maas.service.stellarmaasintegrationtest.testmodelapply();False;False;0.984;0.016
metron-analytics\metron-maas-service\src\test\java\org\apache\metron\maas\service\stellarmaasintegrationtest.java@org.apache.metron.maas.service.stellarmaasintegrationtest.testmodelapplynegative();False;False;0.986;0.014
metron-analytics\metron-profiler-client\src\main\java\org\apache\metron\profiler\client\hbaseprofilerclient.java@org.apache.metron.profiler.client.hbaseprofilerclient.hbaseprofilerclient(htableinterface,rowkeybuilder,columnbuilder);False;False;0.9034152775648784;0.09658472243512224
metron-analytics\metron-profiler-client\src\main\java\org\apache\metron\profiler\client\hbaseprofilerclient.java@org.apache.metron.profiler.client.hbaseprofilerclient.fetch(class,string,string,list,iterable,optional);False;False;0.9034152775648784;0.09658472243512224
metron-analytics\metron-profiler-client\src\main\java\org\apache\metron\profiler\client\hbaseprofilerclient.java@org.apache.metron.profiler.client.hbaseprofilerclient.fetch(class,string,string,list,long,timeunit,optional);False;False;0.9034152775648784;0.09658472243512224
metron-analytics\metron-profiler-client\src\main\java\org\apache\metron\profiler\client\hbaseprofilerclient.java@org.apache.metron.profiler.client.hbaseprofilerclient.fetch(class,string,string,list,long,long,optional);False;False;0.9034152775648784;0.09658472243512224
metron-analytics\metron-profiler-client\src\main\java\org\apache\metron\profiler\client\hbaseprofilerclient.java@org.apache.metron.profiler.client.hbaseprofilerclient.get(list,byte[],byte[],class,optional);False;False;0.9034152775648784;0.09658472243512224
metron-analytics\metron-profiler-client\src\main\java\org\apache\metron\profiler\client\hbaseprofilerclient.java@org.apache.metron.profiler.client.hbaseprofilerclient.setcolumnbuilder(columnbuilder);False;False;1.0;0.0
metron-analytics\metron-profiler-client\src\main\java\org\apache\metron\profiler\client\hbaseprofilerclient.java@org.apache.metron.profiler.client.hbaseprofilerclient.setrowkeybuilder(rowkeybuilder);False;False;1.0;0.0
metron-analytics\metron-profiler-client\src\main\java\org\apache\metron\profiler\client\hbaseprofilerclient.java@org.apache.metron.profiler.client.hbaseprofilerclient.settable(htableinterface);False;False;1.0;0.0
metron-analytics\metron-profiler-client\src\main\java\org\apache\metron\profiler\client\stellar\fixedlookback.java@org.apache.metron.profiler.client.stellar.fixedlookback.apply(list,context);False;False;0.9034152775648784;0.09658472243512224
metron-analytics\metron-profiler-client\src\main\java\org\apache\metron\profiler\client\stellar\fixedlookback.java@org.apache.metron.profiler.client.stellar.fixedlookback.isinitialized();False;False;0.9870016977227632;0.012998302277236747
metron-analytics\metron-profiler-client\src\main\java\org\apache\metron\profiler\client\stellar\getprofile.java@org.apache.metron.profiler.client.stellar.getprofile.apply(list,context);False;False;0.9034152775648784;0.09658472243512224
metron-analytics\metron-profiler-client\src\main\java\org\apache\metron\profiler\client\stellar\getprofile.java@org.apache.metron.profiler.client.stellar.getprofile.getcolumnbuilder(map);False;False;0.9034152775648784;0.09658472243512224
metron-analytics\metron-profiler-client\src\main\java\org\apache\metron\profiler\client\stellar\getprofile.java@org.apache.metron.profiler.client.stellar.getprofile.getgroupsarg(int,list);False;False;0.9034152775648784;0.09658472243512224
metron-analytics\metron-profiler-client\src\main\java\org\apache\metron\profiler\client\stellar\getprofile.java@org.apache.metron.profiler.client.stellar.getprofile.getrowkeybuilder(map);False;False;0.9034152775648784;0.09658472243512224
metron-analytics\metron-profiler-client\src\main\java\org\apache\metron\profiler\client\stellar\getprofile.java@org.apache.metron.profiler.client.stellar.getprofile.gettable(map);False;False;0.9034152775648784;0.09658472243512224
metron-analytics\metron-profiler-client\src\main\java\org\apache\metron\profiler\client\stellar\getprofile.java@org.apache.metron.profiler.client.stellar.getprofile.gettableprovider(map);False;False;0.9034152775648784;0.09658472243512224
metron-analytics\metron-profiler-client\src\main\java\org\apache\metron\profiler\client\stellar\getprofile.java@org.apache.metron.profiler.client.stellar.getprofile.isinitialized();False;False;0.9417685107265211;0.05823148927348096
metron-analytics\metron-profiler-client\src\main\java\org\apache\metron\profiler\client\stellar\intervalpredicate.java@org.apache.metron.profiler.client.stellar.identity.identity(list);False;False;0.9034152775648784;0.09658472243512224
metron-analytics\metron-profiler-client\src\main\java\org\apache\metron\profiler\client\stellar\intervalpredicate.java@org.apache.metron.profiler.client.stellar.intervalpredicate.identity(list);False;False;0.9034152775648784;0.09658472243512224
metron-analytics\metron-profiler-client\src\main\java\org\apache\metron\profiler\client\stellar\intervalpredicate.java@org.apache.metron.profiler.client.stellar.intervalpredicate.intervalpredicate(function,list,class);False;False;0.9034152775648784;0.09658472243512224
metron-analytics\metron-profiler-client\src\main\java\org\apache\metron\profiler\client\stellar\intervalpredicate.java@org.apache.metron.profiler.client.stellar.intervalpredicate.containsinclusive(range,long);False;False;0.9034152775648784;0.09658472243512224
metron-analytics\metron-profiler-client\src\main\java\org\apache\metron\profiler\client\stellar\intervalpredicate.java@org.apache.metron.profiler.client.stellar.intervalpredicate.test(t);False;False;0.911;0.089
metron-analytics\metron-profiler-client\src\main\java\org\apache\metron\profiler\client\stellar\profilerfunctions.java@org.apache.metron.profiler.client.stellar.profilerapply.apply(list,context);False;False;0.9034152775648784;0.09658472243512224
metron-analytics\metron-profiler-client\src\main\java\org\apache\metron\profiler\client\stellar\profilerfunctions.java@org.apache.metron.profiler.client.stellar.profilerapply.getmessages(object);False;False;0.988;0.012
metron-analytics\metron-profiler-client\src\main\java\org\apache\metron\profiler\client\stellar\profilerfunctions.java@org.apache.metron.profiler.client.stellar.profilerapply.getmessagesfromiterable(iterable);False;False;0.9034152775648784;0.09658472243512224
metron-analytics\metron-profiler-client\src\main\java\org\apache\metron\profiler\client\stellar\profilerfunctions.java@org.apache.metron.profiler.client.stellar.profilerapply.getmessagesfromstring(string);False;False;0.9034152775648784;0.09658472243512224
metron-analytics\metron-profiler-client\src\main\java\org\apache\metron\profiler\client\stellar\profilerfunctions.java@org.apache.metron.profiler.client.stellar.profilerapply.initialize(context);False;False;0.9034152775648784;0.09658472243512224
metron-analytics\metron-profiler-client\src\main\java\org\apache\metron\profiler\client\stellar\profilerfunctions.java@org.apache.metron.profiler.client.stellar.profilerapply.isinitialized();False;False;0.9851351218008023;0.014864878199197096
metron-analytics\metron-profiler-client\src\main\java\org\apache\metron\profiler\client\stellar\profilerfunctions.java@org.apache.metron.profiler.client.stellar.profilerflush.apply(list,context);False;False;0.9034152775648784;0.09658472243512224
metron-analytics\metron-profiler-client\src\main\java\org\apache\metron\profiler\client\stellar\profilerfunctions.java@org.apache.metron.profiler.client.stellar.profilerflush.isinitialized();False;False;1.0;0.0
metron-analytics\metron-profiler-client\src\main\java\org\apache\metron\profiler\client\stellar\profilerfunctions.java@org.apache.metron.profiler.client.stellar.profilerfunctions.apply(list,context);False;False;0.9034152775648784;0.09658472243512224
metron-analytics\metron-profiler-client\src\main\java\org\apache\metron\profiler\client\stellar\profilerfunctions.java@org.apache.metron.profiler.client.stellar.profilerfunctions.getmessages(object);False;False;0.9034152775648784;0.09658472243512224
metron-analytics\metron-profiler-client\src\main\java\org\apache\metron\profiler\client\stellar\profilerfunctions.java@org.apache.metron.profiler.client.stellar.profilerfunctions.getmessagesfromiterable(iterable);False;False;0.9034152775648784;0.09658472243512224
metron-analytics\metron-profiler-client\src\main\java\org\apache\metron\profiler\client\stellar\profilerfunctions.java@org.apache.metron.profiler.client.stellar.profilerfunctions.getmessagesfromstring(string);False;False;0.9034152775648784;0.09658472243512224
metron-analytics\metron-profiler-client\src\main\java\org\apache\metron\profiler\client\stellar\profilerfunctions.java@org.apache.metron.profiler.client.stellar.profilerfunctions.initialize(context);False;False;1.0;0.0
metron-analytics\metron-profiler-client\src\main\java\org\apache\metron\profiler\client\stellar\profilerfunctions.java@org.apache.metron.profiler.client.stellar.profilerfunctions.isinitialized();False;False;1.0;0.0
metron-analytics\metron-profiler-client\src\main\java\org\apache\metron\profiler\client\stellar\profilerfunctions.java@org.apache.metron.profiler.client.stellar.profilerinit.apply(list,context);False;False;0.9034152775648784;0.09658472243512224
metron-analytics\metron-profiler-client\src\main\java\org\apache\metron\profiler\client\stellar\profilerfunctions.java@org.apache.metron.profiler.client.stellar.profilerinit.isinitialized();False;False;0.9851351218008023;0.014864878199197096
metron-analytics\metron-profiler-client\src\main\java\org\apache\metron\profiler\client\stellar\util.java@org.apache.metron.profiler.client.stellar.util.getarg(int,class,list);False;False;0.9034152775648784;0.09658472243512224
metron-analytics\metron-profiler-client\src\main\java\org\apache\metron\profiler\client\stellar\util.java@org.apache.metron.profiler.client.stellar.util.geteffectiveconfig(context,map);False;False;0.9034152775648784;0.09658472243512224
metron-analytics\metron-profiler-client\src\main\java\org\apache\metron\profiler\client\stellar\util.java@org.apache.metron.profiler.client.stellar.util.validatecapabilities(context,context[]);False;False;0.9034152775648784;0.09658472243512224
metron-analytics\metron-profiler-client\src\main\java\org\apache\metron\profiler\client\stellar\windowlookback.java@org.apache.metron.profiler.client.stellar.windowlookback.apply(list,context);False;False;0.9034152775648784;0.09658472243512224
metron-analytics\metron-profiler-client\src\main\java\org\apache\metron\profiler\client\stellar\windowlookback.java@org.apache.metron.profiler.client.stellar.windowlookback.initialize(context);False;False;0.978;0.022
metron-analytics\metron-profiler-client\src\main\java\org\apache\metron\profiler\client\stellar\windowlookback.java@org.apache.metron.profiler.client.stellar.windowlookback.isinitialized();False;False;1.0;0.0
metron-analytics\metron-profiler-client\src\main\java\org\apache\metron\profiler\client\window\window.java@org.apache.metron.profiler.client.window.window.getbinwidth();False;False;1.0;0.0
metron-analytics\metron-profiler-client\src\main\java\org\apache\metron\profiler\client\window\window.java@org.apache.metron.profiler.client.window.window.getendmillis(long);False;False;1.0;0.0
metron-analytics\metron-profiler-client\src\main\java\org\apache\metron\profiler\client\window\window.java@org.apache.metron.profiler.client.window.window.getexcludes(long);False;False;0.9034152775648784;0.09658472243512224
metron-analytics\metron-profiler-client\src\main\java\org\apache\metron\profiler\client\window\window.java@org.apache.metron.profiler.client.window.window.getincludes(long);False;False;0.9034152775648784;0.09658472243512224
metron-analytics\metron-profiler-client\src\main\java\org\apache\metron\profiler\client\window\window.java@org.apache.metron.profiler.client.window.window.getskipdistance();False;False;1.0;0.0
metron-analytics\metron-profiler-client\src\main\java\org\apache\metron\profiler\client\window\window.java@org.apache.metron.profiler.client.window.window.getstartmillis(long);False;False;0.995;0.005
metron-analytics\metron-profiler-client\src\main\java\org\apache\metron\profiler\client\window\window.java@org.apache.metron.profiler.client.window.window.setbinwidth(long);False;False;0.9990566948425623;0.0009433051574377695
metron-analytics\metron-profiler-client\src\main\java\org\apache\metron\profiler\client\window\window.java@org.apache.metron.profiler.client.window.window.setendmillis(function);False;False;0.9034152775648784;0.09658472243512224
metron-analytics\metron-profiler-client\src\main\java\org\apache\metron\profiler\client\window\window.java@org.apache.metron.profiler.client.window.window.setexcludes(list);False;False;0.9034152775648784;0.09658472243512224
metron-analytics\metron-profiler-client\src\main\java\org\apache\metron\profiler\client\window\window.java@org.apache.metron.profiler.client.window.window.setincludes(list);False;False;0.9034152775648784;0.09658472243512224
metron-analytics\metron-profiler-client\src\main\java\org\apache\metron\profiler\client\window\window.java@org.apache.metron.profiler.client.window.window.setskipdistance(long);False;False;0.9990566948425623;0.0009433051574377695
metron-analytics\metron-profiler-client\src\main\java\org\apache\metron\profiler\client\window\window.java@org.apache.metron.profiler.client.window.window.setstartmillis(function);False;False;0.9034152775648784;0.09658472243512224
metron-analytics\metron-profiler-client\src\main\java\org\apache\metron\profiler\client\window\window.java@org.apache.metron.profiler.client.window.window.tointervals(long);False;False;0.9863333333333333;0.013666666666666667
metron-analytics\metron-profiler-client\src\main\java\org\apache\metron\profiler\client\window\windowprocessor.java@org.apache.metron.profiler.client.window.windowprocessor.windowprocessor();False;False;0.9034152775648784;0.09658472243512224
metron-analytics\metron-profiler-client\src\main\java\org\apache\metron\profiler\client\window\windowprocessor.java@org.apache.metron.profiler.client.window.windowprocessor.checkforexception(parserrulecontext);False;False;0.9796166666666666;0.02038333333333333
metron-analytics\metron-profiler-client\src\main\java\org\apache\metron\profiler\client\window\windowprocessor.java@org.apache.metron.profiler.client.window.windowprocessor.createparser(tokenstream,optional);False;False;0.9034152775648784;0.09658472243512224
metron-analytics\metron-profiler-client\src\main\java\org\apache\metron\profiler\client\window\windowprocessor.java@org.apache.metron.profiler.client.window.windowprocessor.createtokenstream(string);False;False;0.969;0.031
metron-analytics\metron-profiler-client\src\main\java\org\apache\metron\profiler\client\window\windowprocessor.java@org.apache.metron.profiler.client.window.windowprocessor.enterexcluding_specifier(windowparser);False;False;0.9034152775648784;0.09658472243512224
metron-analytics\metron-profiler-client\src\main\java\org\apache\metron\profiler\client\window\windowprocessor.java@org.apache.metron.profiler.client.window.windowprocessor.enterincluding_specifier(windowparser);False;False;0.9034152775648784;0.09658472243512224
metron-analytics\metron-profiler-client\src\main\java\org\apache\metron\profiler\client\window\windowprocessor.java@org.apache.metron.profiler.client.window.windowprocessor.enterlist();False;False;1.0;0.0
metron-analytics\metron-profiler-client\src\main\java\org\apache\metron\profiler\client\window\windowprocessor.java@org.apache.metron.profiler.client.window.windowprocessor.enterspecifier(windowparser);False;False;0.9034152775648784;0.09658472243512224
metron-analytics\metron-profiler-client\src\main\java\org\apache\metron\profiler\client\window\windowprocessor.java@org.apache.metron.profiler.client.window.windowprocessor.exitday_specifier(windowparser);False;False;0.9034152775648784;0.09658472243512224
metron-analytics\metron-profiler-client\src\main\java\org\apache\metron\profiler\client\window\windowprocessor.java@org.apache.metron.profiler.client.window.windowprocessor.exitexcluding_specifier(windowparser);False;False;0.9034152775648784;0.09658472243512224
metron-analytics\metron-profiler-client\src\main\java\org\apache\metron\profiler\client\window\windowprocessor.java@org.apache.metron.profiler.client.window.windowprocessor.exitfromduration(org);False;False;0.9034152775648784;0.09658472243512224
metron-analytics\metron-profiler-client\src\main\java\org\apache\metron\profiler\client\window\windowprocessor.java@org.apache.metron.profiler.client.window.windowprocessor.exitfromtoduration(org);False;False;0.9034152775648784;0.09658472243512224
metron-analytics\metron-profiler-client\src\main\java\org\apache\metron\profiler\client\window\windowprocessor.java@org.apache.metron.profiler.client.window.windowprocessor.exitidentifier(windowparser);False;False;0.9034152775648784;0.09658472243512224
metron-analytics\metron-profiler-client\src\main\java\org\apache\metron\profiler\client\window\windowprocessor.java@org.apache.metron.profiler.client.window.windowprocessor.exitincluding_specifier(windowparser);False;False;0.9034152775648784;0.09658472243512224
metron-analytics\metron-profiler-client\src\main\java\org\apache\metron\profiler\client\window\windowprocessor.java@org.apache.metron.profiler.client.window.windowprocessor.exitskipdistance(org);False;False;0.9034152775648784;0.09658472243512224
metron-analytics\metron-profiler-client\src\main\java\org\apache\metron\profiler\client\window\windowprocessor.java@org.apache.metron.profiler.client.window.windowprocessor.exitspecifier(windowparser);False;False;0.9034152775648784;0.09658472243512224
metron-analytics\metron-profiler-client\src\main\java\org\apache\metron\profiler\client\window\windowprocessor.java@org.apache.metron.profiler.client.window.windowprocessor.exittimeamount(org);False;False;0.9034152775648784;0.09658472243512224
metron-analytics\metron-profiler-client\src\main\java\org\apache\metron\profiler\client\window\windowprocessor.java@org.apache.metron.profiler.client.window.windowprocessor.exittimeinterval(org);False;False;0.9034152775648784;0.09658472243512224
metron-analytics\metron-profiler-client\src\main\java\org\apache\metron\profiler\client\window\windowprocessor.java@org.apache.metron.profiler.client.window.windowprocessor.exittimeunit(org);False;False;0.9034152775648784;0.09658472243512224
metron-analytics\metron-profiler-client\src\main\java\org\apache\metron\profiler\client\window\windowprocessor.java@org.apache.metron.profiler.client.window.windowprocessor.exitwindowwidth(org);False;False;0.9034152775648784;0.09658472243512224
metron-analytics\metron-profiler-client\src\main\java\org\apache\metron\profiler\client\window\windowprocessor.java@org.apache.metron.profiler.client.window.windowprocessor.getpredicates();False;False;0.9873222222222221;0.01267777777777778
metron-analytics\metron-profiler-client\src\main\java\org\apache\metron\profiler\client\window\windowprocessor.java@org.apache.metron.profiler.client.window.windowprocessor.getwindow();False;False;0.998;0.002
metron-analytics\metron-profiler-client\src\main\java\org\apache\metron\profiler\client\window\windowprocessor.java@org.apache.metron.profiler.client.window.windowprocessor.normalizetimeunit(string);False;False;0.9829642857142857;0.017035714285714286
metron-analytics\metron-profiler-client\src\main\java\org\apache\metron\profiler\client\window\windowprocessor.java@org.apache.metron.profiler.client.window.windowprocessor.process(string);False;False;0.968;0.032
metron-analytics\metron-profiler-client\src\main\java\org\apache\metron\profiler\client\window\windowprocessor.java@org.apache.metron.profiler.client.window.windowprocessor.setfromto(long,long);False;False;0.9034152775648784;0.09658472243512224
metron-analytics\metron-profiler-client\src\main\java\org\apache\metron\profiler\client\window\windowprocessor.java@org.apache.metron.profiler.client.window.windowprocessor.syntaxtree(string);False;False;0.9766666666666667;0.02333333333333333
metron-analytics\metron-profiler-client\src\main\java\org\apache\metron\profiler\client\window\generated\windowlexer.java@org.apache.metron.profiler.client.window.generated.windowlexer.windowlexer(charstream);False;False;0.9034152775648784;0.09658472243512224
metron-analytics\metron-profiler-client\src\main\java\org\apache\metron\profiler\client\window\generated\windowlexer.java@org.apache.metron.profiler.client.window.generated.windowlexer.getatn();False;False;0.988;0.012
metron-analytics\metron-profiler-client\src\main\java\org\apache\metron\profiler\client\window\generated\windowlexer.java@org.apache.metron.profiler.client.window.generated.windowlexer.getgrammarfilename();False;False;1.0;0.0
metron-analytics\metron-profiler-client\src\main\java\org\apache\metron\profiler\client\window\generated\windowlexer.java@org.apache.metron.profiler.client.window.generated.windowlexer.getmodenames();False;False;1.0;0.0
metron-analytics\metron-profiler-client\src\main\java\org\apache\metron\profiler\client\window\generated\windowlexer.java@org.apache.metron.profiler.client.window.generated.windowlexer.getrulenames();False;False;1.0;0.0
metron-analytics\metron-profiler-client\src\main\java\org\apache\metron\profiler\client\window\generated\windowlexer.java@org.apache.metron.profiler.client.window.generated.windowlexer.getserializedatn();False;False;0.9994981060606061;0.0005018939393939394
metron-analytics\metron-profiler-client\src\main\java\org\apache\metron\profiler\client\window\generated\windowlexer.java@org.apache.metron.profiler.client.window.generated.windowlexer.gettokennames();False;False;0.99;0.01
metron-analytics\metron-profiler-client\src\main\java\org\apache\metron\profiler\client\window\generated\windowlexer.java@org.apache.metron.profiler.client.window.generated.windowlexer.getvocabulary();False;False;0.999;0.001
metron-analytics\metron-profiler-client\src\main\java\org\apache\metron\profiler\client\window\generated\windowparser.java@org.apache.metron.profiler.client.window.generated.day_specifiercontext.day_specifier();False;False;0.999;0.001
metron-analytics\metron-profiler-client\src\main\java\org\apache\metron\profiler\client\window\generated\windowparser.java@org.apache.metron.profiler.client.window.generated.day_specifiercontext.day_specifiercontext(parserrulecontext,int);False;False;0.9034152775648784;0.09658472243512224
metron-analytics\metron-profiler-client\src\main\java\org\apache\metron\profiler\client\window\generated\windowparser.java@org.apache.metron.profiler.client.window.generated.day_specifiercontext.enterrule(parsetreelistener);False;False;1.0;0.0
metron-analytics\metron-profiler-client\src\main\java\org\apache\metron\profiler\client\window\generated\windowparser.java@org.apache.metron.profiler.client.window.generated.day_specifiercontext.exitrule(parsetreelistener);False;False;1.0;0.0
metron-analytics\metron-profiler-client\src\main\java\org\apache\metron\profiler\client\window\generated\windowparser.java@org.apache.metron.profiler.client.window.generated.day_specifiercontext.getruleindex();False;False;0.9851351218008023;0.014864878199197096
metron-analytics\metron-profiler-client\src\main\java\org\apache\metron\profiler\client\window\generated\windowparser.java@org.apache.metron.profiler.client.window.generated.densewindowcontext.densewindowcontext(window_expressioncontext);False;False;0.9034152775648784;0.09658472243512224
metron-analytics\metron-profiler-client\src\main\java\org\apache\metron\profiler\client\window\generated\windowparser.java@org.apache.metron.profiler.client.window.generated.densewindowcontext.duration();False;False;0.9851351218008023;0.014864878199197096
metron-analytics\metron-profiler-client\src\main\java\org\apache\metron\profiler\client\window\generated\windowparser.java@org.apache.metron.profiler.client.window.generated.densewindowcontext.enterrule(parsetreelistener);False;False;0.9034152775648784;0.09658472243512224
metron-analytics\metron-profiler-client\src\main\java\org\apache\metron\profiler\client\window\generated\windowparser.java@org.apache.metron.profiler.client.window.generated.densewindowcontext.exitrule(parsetreelistener);False;False;1.0;0.0
metron-analytics\metron-profiler-client\src\main\java\org\apache\metron\profiler\client\window\generated\windowparser.java@org.apache.metron.profiler.client.window.generated.durationcontext.durationcontext(parserrulecontext,int);False;False;0.9034152775648784;0.09658472243512224
metron-analytics\metron-profiler-client\src\main\java\org\apache\metron\profiler\client\window\generated\windowparser.java@org.apache.metron.profiler.client.window.generated.durationcontext.copyfrom(durationcontext);False;False;1.0;0.0
metron-analytics\metron-profiler-client\src\main\java\org\apache\metron\profiler\client\window\generated\windowparser.java@org.apache.metron.profiler.client.window.generated.durationcontext.getruleindex();False;False;1.0;0.0
metron-analytics\metron-profiler-client\src\main\java\org\apache\metron\profiler\client\window\generated\windowparser.java@org.apache.metron.profiler.client.window.generated.excluding_specifiercontext.exclude();False;False;0.9851351218008023;0.014864878199197096
metron-analytics\metron-profiler-client\src\main\java\org\apache\metron\profiler\client\window\generated\windowparser.java@org.apache.metron.profiler.client.window.generated.excluding_specifiercontext.excluding_specifiercontext(parserrulecontext,int);False;False;0.9034152775648784;0.09658472243512224
metron-analytics\metron-profiler-client\src\main\java\org\apache\metron\profiler\client\window\generated\windowparser.java@org.apache.metron.profiler.client.window.generated.excluding_specifiercontext.enterrule(parsetreelistener);False;False;0.9034152775648784;0.09658472243512224
metron-analytics\metron-profiler-client\src\main\java\org\apache\metron\profiler\client\window\generated\windowparser.java@org.apache.metron.profiler.client.window.generated.excluding_specifiercontext.exitrule(parsetreelistener);False;False;1.0;0.0
metron-analytics\metron-profiler-client\src\main\java\org\apache\metron\profiler\client\window\generated\windowparser.java@org.apache.metron.profiler.client.window.generated.excluding_specifiercontext.getruleindex();False;False;1.0;0.0
metron-analytics\metron-profiler-client\src\main\java\org\apache\metron\profiler\client\window\generated\windowparser.java@org.apache.metron.profiler.client.window.generated.excluding_specifiercontext.specifier_list();False;False;1.0;0.0
metron-analytics\metron-profiler-client\src\main\java\org\apache\metron\profiler\client\window\generated\windowparser.java@org.apache.metron.profiler.client.window.generated.fromdurationcontext.ago();False;False;0.987;0.013
metron-analytics\metron-profiler-client\src\main\java\org\apache\metron\profiler\client\window\generated\windowparser.java@org.apache.metron.profiler.client.window.generated.fromdurationcontext.from();False;False;1.0;0.0
metron-analytics\metron-profiler-client\src\main\java\org\apache\metron\profiler\client\window\generated\windowparser.java@org.apache.metron.profiler.client.window.generated.fromdurationcontext.fromdurationcontext(durationcontext);False;False;0.9034152775648784;0.09658472243512224
metron-analytics\metron-profiler-client\src\main\java\org\apache\metron\profiler\client\window\generated\windowparser.java@org.apache.metron.profiler.client.window.generated.fromdurationcontext.enterrule(parsetreelistener);False;False;1.0;0.0
metron-analytics\metron-profiler-client\src\main\java\org\apache\metron\profiler\client\window\generated\windowparser.java@org.apache.metron.profiler.client.window.generated.fromdurationcontext.exitrule(parsetreelistener);False;False;1.0;0.0
metron-analytics\metron-profiler-client\src\main\java\org\apache\metron\profiler\client\window\generated\windowparser.java@org.apache.metron.profiler.client.window.generated.fromdurationcontext.time_interval();False;False;1.0;0.0
metron-analytics\metron-profiler-client\src\main\java\org\apache\metron\profiler\client\window\generated\windowparser.java@org.apache.metron.profiler.client.window.generated.fromtodurationcontext.ago();False;False;0.9851351218008023;0.014864878199197096
metron-analytics\metron-profiler-client\src\main\java\org\apache\metron\profiler\client\window\generated\windowparser.java@org.apache.metron.profiler.client.window.generated.fromtodurationcontext.ago(int);False;False;0.9034152775648784;0.09658472243512224
metron-analytics\metron-profiler-client\src\main\java\org\apache\metron\profiler\client\window\generated\windowparser.java@org.apache.metron.profiler.client.window.generated.fromtodurationcontext.from();False;False;0.999;0.001
metron-analytics\metron-profiler-client\src\main\java\org\apache\metron\profiler\client\window\generated\windowparser.java@org.apache.metron.profiler.client.window.generated.fromtodurationcontext.fromtodurationcontext(durationcontext);False;False;0.9034152775648784;0.09658472243512224
metron-analytics\metron-profiler-client\src\main\java\org\apache\metron\profiler\client\window\generated\windowparser.java@org.apache.metron.profiler.client.window.generated.fromtodurationcontext.to();False;False;0.9851351218008023;0.014864878199197096
metron-analytics\metron-profiler-client\src\main\java\org\apache\metron\profiler\client\window\generated\windowparser.java@org.apache.metron.profiler.client.window.generated.fromtodurationcontext.enterrule(parsetreelistener);False;False;1.0;0.0
metron-analytics\metron-profiler-client\src\main\java\org\apache\metron\profiler\client\window\generated\windowparser.java@org.apache.metron.profiler.client.window.generated.fromtodurationcontext.exitrule(parsetreelistener);False;False;1.0;0.0
metron-analytics\metron-profiler-client\src\main\java\org\apache\metron\profiler\client\window\generated\windowparser.java@org.apache.metron.profiler.client.window.generated.fromtodurationcontext.time_interval();False;False;0.9851351218008023;0.014864878199197096
metron-analytics\metron-profiler-client\src\main\java\org\apache\metron\profiler\client\window\generated\windowparser.java@org.apache.metron.profiler.client.window.generated.fromtodurationcontext.time_interval(int);False;False;0.9034152775648784;0.09658472243512224
metron-analytics\metron-profiler-client\src\main\java\org\apache\metron\profiler\client\window\generated\windowparser.java@org.apache.metron.profiler.client.window.generated.identifiercontext.identifier();False;False;0.9992833333333333;0.0007166666666666667
metron-analytics\metron-profiler-client\src\main\java\org\apache\metron\profiler\client\window\generated\windowparser.java@org.apache.metron.profiler.client.window.generated.identifiercontext.identifiercontext(parserrulecontext,int);False;False;0.9034152775648784;0.09658472243512224
metron-analytics\metron-profiler-client\src\main\java\org\apache\metron\profiler\client\window\generated\windowparser.java@org.apache.metron.profiler.client.window.generated.identifiercontext.number();False;False;0.9851351218008023;0.014864878199197096
metron-analytics\metron-profiler-client\src\main\java\org\apache\metron\profiler\client\window\generated\windowparser.java@org.apache.metron.profiler.client.window.generated.identifiercontext.enterrule(parsetreelistener);False;False;0.9034152775648784;0.09658472243512224
metron-analytics\metron-profiler-client\src\main\java\org\apache\metron\profiler\client\window\generated\windowparser.java@org.apache.metron.profiler.client.window.generated.identifiercontext.exitrule(parsetreelistener);False;False;0.9034152775648784;0.09658472243512224
metron-analytics\metron-profiler-client\src\main\java\org\apache\metron\profiler\client\window\generated\windowparser.java@org.apache.metron.profiler.client.window.generated.identifiercontext.getruleindex();False;False;0.9851351218008023;0.014864878199197096
metron-analytics\metron-profiler-client\src\main\java\org\apache\metron\profiler\client\window\generated\windowparser.java@org.apache.metron.profiler.client.window.generated.including_specifiercontext.include();False;False;1.0;0.0
metron-analytics\metron-profiler-client\src\main\java\org\apache\metron\profiler\client\window\generated\windowparser.java@org.apache.metron.profiler.client.window.generated.including_specifiercontext.including_specifiercontext(parserrulecontext,int);False;False;0.9034152775648784;0.09658472243512224
metron-analytics\metron-profiler-client\src\main\java\org\apache\metron\profiler\client\window\generated\windowparser.java@org.apache.metron.profiler.client.window.generated.including_specifiercontext.enterrule(parsetreelistener);False;False;1.0;0.0
metron-analytics\metron-profiler-client\src\main\java\org\apache\metron\profiler\client\window\generated\windowparser.java@org.apache.metron.profiler.client.window.generated.including_specifiercontext.exitrule(parsetreelistener);False;False;1.0;0.0
metron-analytics\metron-profiler-client\src\main\java\org\apache\metron\profiler\client\window\generated\windowparser.java@org.apache.metron.profiler.client.window.generated.including_specifiercontext.getruleindex();False;False;1.0;0.0
metron-analytics\metron-profiler-client\src\main\java\org\apache\metron\profiler\client\window\generated\windowparser.java@org.apache.metron.profiler.client.window.generated.including_specifiercontext.specifier_list();False;False;1.0;0.0
metron-analytics\metron-profiler-client\src\main\java\org\apache\metron\profiler\client\window\generated\windowparser.java@org.apache.metron.profiler.client.window.generated.nonrepeatingwindowcontext.nonrepeatingwindowcontext(window_expressioncontext);False;False;0.9034152775648784;0.09658472243512224
metron-analytics\metron-profiler-client\src\main\java\org\apache\metron\profiler\client\window\generated\windowparser.java@org.apache.metron.profiler.client.window.generated.nonrepeatingwindowcontext.enterrule(parsetreelistener);False;False;1.0;0.0
metron-analytics\metron-profiler-client\src\main\java\org\apache\metron\profiler\client\window\generated\windowparser.java@org.apache.metron.profiler.client.window.generated.nonrepeatingwindowcontext.excluding_specifier();False;False;1.0;0.0
metron-analytics\metron-profiler-client\src\main\java\org\apache\metron\profiler\client\window\generated\windowparser.java@org.apache.metron.profiler.client.window.generated.nonrepeatingwindowcontext.exitrule(parsetreelistener);False;False;0.9034152775648784;0.09658472243512224
metron-analytics\metron-profiler-client\src\main\java\org\apache\metron\profiler\client\window\generated\windowparser.java@org.apache.metron.profiler.client.window.generated.nonrepeatingwindowcontext.including_specifier();False;False;1.0;0.0
metron-analytics\metron-profiler-client\src\main\java\org\apache\metron\profiler\client\window\generated\windowparser.java@org.apache.metron.profiler.client.window.generated.nonrepeatingwindowcontext.window_width();False;False;0.9851351218008023;0.014864878199197096
metron-analytics\metron-profiler-client\src\main\java\org\apache\metron\profiler\client\window\generated\windowparser.java@org.apache.metron.profiler.client.window.generated.repeatingwindowcontext.repeatingwindowcontext(window_expressioncontext);False;False;0.9034152775648784;0.09658472243512224
metron-analytics\metron-profiler-client\src\main\java\org\apache\metron\profiler\client\window\generated\windowparser.java@org.apache.metron.profiler.client.window.generated.repeatingwindowcontext.duration();False;False;0.9851351218008023;0.014864878199197096
metron-analytics\metron-profiler-client\src\main\java\org\apache\metron\profiler\client\window\generated\windowparser.java@org.apache.metron.profiler.client.window.generated.repeatingwindowcontext.enterrule(parsetreelistener);False;False;1.0;0.0
metron-analytics\metron-profiler-client\src\main\java\org\apache\metron\profiler\client\window\generated\windowparser.java@org.apache.metron.profiler.client.window.generated.repeatingwindowcontext.excluding_specifier();False;False;1.0;0.0
metron-analytics\metron-profiler-client\src\main\java\org\apache\metron\profiler\client\window\generated\windowparser.java@org.apache.metron.profiler.client.window.generated.repeatingwindowcontext.exitrule(parsetreelistener);False;False;0.9034152775648784;0.09658472243512224
metron-analytics\metron-profiler-client\src\main\java\org\apache\metron\profiler\client\window\generated\windowparser.java@org.apache.metron.profiler.client.window.generated.repeatingwindowcontext.including_specifier();False;False;1.0;0.0
metron-analytics\metron-profiler-client\src\main\java\org\apache\metron\profiler\client\window\generated\windowparser.java@org.apache.metron.profiler.client.window.generated.repeatingwindowcontext.skip_distance();False;False;1.0;0.0
metron-analytics\metron-profiler-client\src\main\java\org\apache\metron\profiler\client\window\generated\windowparser.java@org.apache.metron.profiler.client.window.generated.repeatingwindowcontext.window_width();False;False;1.0;0.0
metron-analytics\metron-profiler-client\src\main\java\org\apache\metron\profiler\client\window\generated\windowparser.java@org.apache.metron.profiler.client.window.generated.skipdistancecontext.every();False;False;1.0;0.0
metron-analytics\metron-profiler-client\src\main\java\org\apache\metron\profiler\client\window\generated\windowparser.java@org.apache.metron.profiler.client.window.generated.skipdistancecontext.skipdistancecontext(skip_distancecontext);False;False;0.9034152775648784;0.09658472243512224
metron-analytics\metron-profiler-client\src\main\java\org\apache\metron\profiler\client\window\generated\windowparser.java@org.apache.metron.profiler.client.window.generated.skipdistancecontext.enterrule(parsetreelistener);False;False;0.997;0.003
metron-analytics\metron-profiler-client\src\main\java\org\apache\metron\profiler\client\window\generated\windowparser.java@org.apache.metron.profiler.client.window.generated.skipdistancecontext.exitrule(parsetreelistener);False;False;1.0;0.0
metron-analytics\metron-profiler-client\src\main\java\org\apache\metron\profiler\client\window\generated\windowparser.java@org.apache.metron.profiler.client.window.generated.skipdistancecontext.time_interval();False;False;1.0;0.0
metron-analytics\metron-profiler-client\src\main\java\org\apache\metron\profiler\client\window\generated\windowparser.java@org.apache.metron.profiler.client.window.generated.skip_distancecontext.skip_distancecontext(parserrulecontext,int);False;False;0.9034152775648784;0.09658472243512224
metron-analytics\metron-profiler-client\src\main\java\org\apache\metron\profiler\client\window\generated\windowparser.java@org.apache.metron.profiler.client.window.generated.skip_distancecontext.copyfrom(skip_distancecontext);False;False;0.9034152775648784;0.09658472243512224
metron-analytics\metron-profiler-client\src\main\java\org\apache\metron\profiler\client\window\generated\windowparser.java@org.apache.metron.profiler.client.window.generated.skip_distancecontext.getruleindex();False;False;1.0;0.0
metron-analytics\metron-profiler-client\src\main\java\org\apache\metron\profiler\client\window\generated\windowparser.java@org.apache.metron.profiler.client.window.generated.specifiercontext.specifiercontext(parserrulecontext,int);False;False;0.9034152775648784;0.09658472243512224
metron-analytics\metron-profiler-client\src\main\java\org\apache\metron\profiler\client\window\generated\windowparser.java@org.apache.metron.profiler.client.window.generated.specifiercontext.day_specifier();False;False;0.9851351218008023;0.014864878199197096
metron-analytics\metron-profiler-client\src\main\java\org\apache\metron\profiler\client\window\generated\windowparser.java@org.apache.metron.profiler.client.window.generated.specifiercontext.enterrule(parsetreelistener);False;False;1.0;0.0
metron-analytics\metron-profiler-client\src\main\java\org\apache\metron\profiler\client\window\generated\windowparser.java@org.apache.metron.profiler.client.window.generated.specifiercontext.exitrule(parsetreelistener);False;False;1.0;0.0
metron-analytics\metron-profiler-client\src\main\java\org\apache\metron\profiler\client\window\generated\windowparser.java@org.apache.metron.profiler.client.window.generated.specifiercontext.getruleindex();False;False;0.9993333333333334;0.0006666666666666666
metron-analytics\metron-profiler-client\src\main\java\org\apache\metron\profiler\client\window\generated\windowparser.java@org.apache.metron.profiler.client.window.generated.specifiercontext.specifier_arg_list();False;False;0.9851351218008023;0.014864878199197096
metron-analytics\metron-profiler-client\src\main\java\org\apache\metron\profiler\client\window\generated\windowparser.java@org.apache.metron.profiler.client.window.generated.specifier_arg_listcontext.specifier_arg_listcontext(parserrulecontext,int);False;False;0.9034152775648784;0.09658472243512224
metron-analytics\metron-profiler-client\src\main\java\org\apache\metron\profiler\client\window\generated\windowparser.java@org.apache.metron.profiler.client.window.generated.specifier_arg_listcontext.enterrule(parsetreelistener);False;False;0.9034152775648784;0.09658472243512224
metron-analytics\metron-profiler-client\src\main\java\org\apache\metron\profiler\client\window\generated\windowparser.java@org.apache.metron.profiler.client.window.generated.specifier_arg_listcontext.exitrule(parsetreelistener);False;False;0.9034152775648784;0.09658472243512224
metron-analytics\metron-profiler-client\src\main\java\org\apache\metron\profiler\client\window\generated\windowparser.java@org.apache.metron.profiler.client.window.generated.specifier_arg_listcontext.getruleindex();False;False;0.9978333333333333;0.0021666666666666666
metron-analytics\metron-profiler-client\src\main\java\org\apache\metron\profiler\client\window\generated\windowparser.java@org.apache.metron.profiler.client.window.generated.specifier_arg_listcontext.identifier();False;False;0.9851351218008023;0.014864878199197096
metron-analytics\metron-profiler-client\src\main\java\org\apache\metron\profiler\client\window\generated\windowparser.java@org.apache.metron.profiler.client.window.generated.specifier_arg_listcontext.specifier_arg_list();False;False;1.0;0.0
metron-analytics\metron-profiler-client\src\main\java\org\apache\metron\profiler\client\window\generated\windowparser.java@org.apache.metron.profiler.client.window.generated.specifier_listcontext.comma();False;False;0.9851351218008023;0.014864878199197096
metron-analytics\metron-profiler-client\src\main\java\org\apache\metron\profiler\client\window\generated\windowparser.java@org.apache.metron.profiler.client.window.generated.specifier_listcontext.specifier_listcontext(parserrulecontext,int);False;False;0.9034152775648784;0.09658472243512224
metron-analytics\metron-profiler-client\src\main\java\org\apache\metron\profiler\client\window\generated\windowparser.java@org.apache.metron.profiler.client.window.generated.specifier_listcontext.enterrule(parsetreelistener);False;False;1.0;0.0
metron-analytics\metron-profiler-client\src\main\java\org\apache\metron\profiler\client\window\generated\windowparser.java@org.apache.metron.profiler.client.window.generated.specifier_listcontext.exitrule(parsetreelistener);False;False;0.9034152775648784;0.09658472243512224
metron-analytics\metron-profiler-client\src\main\java\org\apache\metron\profiler\client\window\generated\windowparser.java@org.apache.metron.profiler.client.window.generated.specifier_listcontext.getruleindex();False;False;0.9851351218008023;0.014864878199197096
metron-analytics\metron-profiler-client\src\main\java\org\apache\metron\profiler\client\window\generated\windowparser.java@org.apache.metron.profiler.client.window.generated.specifier_listcontext.specifier();False;False;0.9851351218008023;0.014864878199197096
metron-analytics\metron-profiler-client\src\main\java\org\apache\metron\profiler\client\window\generated\windowparser.java@org.apache.metron.profiler.client.window.generated.specifier_listcontext.specifier_list();False;False;1.0;0.0
metron-analytics\metron-profiler-client\src\main\java\org\apache\metron\profiler\client\window\generated\windowparser.java@org.apache.metron.profiler.client.window.generated.timeamountcontext.number();False;False;0.9851351218008023;0.014864878199197096
metron-analytics\metron-profiler-client\src\main\java\org\apache\metron\profiler\client\window\generated\windowparser.java@org.apache.metron.profiler.client.window.generated.timeamountcontext.timeamountcontext(time_amountcontext);False;False;0.9034152775648784;0.09658472243512224
metron-analytics\metron-profiler-client\src\main\java\org\apache\metron\profiler\client\window\generated\windowparser.java@org.apache.metron.profiler.client.window.generated.timeamountcontext.enterrule(parsetreelistener);False;False;0.9034152775648784;0.09658472243512224
metron-analytics\metron-profiler-client\src\main\java\org\apache\metron\profiler\client\window\generated\windowparser.java@org.apache.metron.profiler.client.window.generated.timeamountcontext.exitrule(parsetreelistener);False;False;0.9034152775648784;0.09658472243512224
metron-analytics\metron-profiler-client\src\main\java\org\apache\metron\profiler\client\window\generated\windowparser.java@org.apache.metron.profiler.client.window.generated.timeintervalcontext.timeintervalcontext(time_intervalcontext);False;False;0.9034152775648784;0.09658472243512224
metron-analytics\metron-profiler-client\src\main\java\org\apache\metron\profiler\client\window\generated\windowparser.java@org.apache.metron.profiler.client.window.generated.timeintervalcontext.enterrule(parsetreelistener);False;False;0.9034152775648784;0.09658472243512224
metron-analytics\metron-profiler-client\src\main\java\org\apache\metron\profiler\client\window\generated\windowparser.java@org.apache.metron.profiler.client.window.generated.timeintervalcontext.exitrule(parsetreelistener);False;False;0.9034152775648784;0.09658472243512224
metron-analytics\metron-profiler-client\src\main\java\org\apache\metron\profiler\client\window\generated\windowparser.java@org.apache.metron.profiler.client.window.generated.timeintervalcontext.time_amount();False;False;0.9851351218008023;0.014864878199197096
metron-analytics\metron-profiler-client\src\main\java\org\apache\metron\profiler\client\window\generated\windowparser.java@org.apache.metron.profiler.client.window.generated.timeintervalcontext.time_unit();False;False;0.9851351218008023;0.014864878199197096
metron-analytics\metron-profiler-client\src\main\java\org\apache\metron\profiler\client\window\generated\windowparser.java@org.apache.metron.profiler.client.window.generated.timeunitcontext.time_unit();False;False;1.0;0.0
metron-analytics\metron-profiler-client\src\main\java\org\apache\metron\profiler\client\window\generated\windowparser.java@org.apache.metron.profiler.client.window.generated.timeunitcontext.timeunitcontext(time_unitcontext);False;False;0.9034152775648784;0.09658472243512224
metron-analytics\metron-profiler-client\src\main\java\org\apache\metron\profiler\client\window\generated\windowparser.java@org.apache.metron.profiler.client.window.generated.timeunitcontext.enterrule(parsetreelistener);False;False;1.0;0.0
metron-analytics\metron-profiler-client\src\main\java\org\apache\metron\profiler\client\window\generated\windowparser.java@org.apache.metron.profiler.client.window.generated.timeunitcontext.exitrule(parsetreelistener);False;False;1.0;0.0
metron-analytics\metron-profiler-client\src\main\java\org\apache\metron\profiler\client\window\generated\windowparser.java@org.apache.metron.profiler.client.window.generated.time_amountcontext.time_amountcontext(parserrulecontext,int);False;False;0.9034152775648784;0.09658472243512224
metron-analytics\metron-profiler-client\src\main\java\org\apache\metron\profiler\client\window\generated\windowparser.java@org.apache.metron.profiler.client.window.generated.time_amountcontext.copyfrom(time_amountcontext);False;False;0.9034152775648784;0.09658472243512224
metron-analytics\metron-profiler-client\src\main\java\org\apache\metron\profiler\client\window\generated\windowparser.java@org.apache.metron.profiler.client.window.generated.time_amountcontext.getruleindex();False;False;0.9851351218008023;0.014864878199197096
metron-analytics\metron-profiler-client\src\main\java\org\apache\metron\profiler\client\window\generated\windowparser.java@org.apache.metron.profiler.client.window.generated.time_intervalcontext.time_intervalcontext(parserrulecontext,int);False;False;0.9034152775648784;0.09658472243512224
metron-analytics\metron-profiler-client\src\main\java\org\apache\metron\profiler\client\window\generated\windowparser.java@org.apache.metron.profiler.client.window.generated.time_intervalcontext.copyfrom(time_intervalcontext);False;False;1.0;0.0
metron-analytics\metron-profiler-client\src\main\java\org\apache\metron\profiler\client\window\generated\windowparser.java@org.apache.metron.profiler.client.window.generated.time_intervalcontext.getruleindex();False;False;1.0;0.0
metron-analytics\metron-profiler-client\src\main\java\org\apache\metron\profiler\client\window\generated\windowparser.java@org.apache.metron.profiler.client.window.generated.time_unitcontext.time_unitcontext(parserrulecontext,int);False;False;0.9034152775648784;0.09658472243512224
metron-analytics\metron-profiler-client\src\main\java\org\apache\metron\profiler\client\window\generated\windowparser.java@org.apache.metron.profiler.client.window.generated.time_unitcontext.copyfrom(time_unitcontext);False;False;1.0;0.0
metron-analytics\metron-profiler-client\src\main\java\org\apache\metron\profiler\client\window\generated\windowparser.java@org.apache.metron.profiler.client.window.generated.time_unitcontext.getruleindex();False;False;1.0;0.0
metron-analytics\metron-profiler-client\src\main\java\org\apache\metron\profiler\client\window\generated\windowparser.java@org.apache.metron.profiler.client.window.generated.windowcontext.eof();False;False;0.9851351218008023;0.014864878199197096
metron-analytics\metron-profiler-client\src\main\java\org\apache\metron\profiler\client\window\generated\windowparser.java@org.apache.metron.profiler.client.window.generated.windowcontext.windowcontext(parserrulecontext,int);False;False;0.9034152775648784;0.09658472243512224
metron-analytics\metron-profiler-client\src\main\java\org\apache\metron\profiler\client\window\generated\windowparser.java@org.apache.metron.profiler.client.window.generated.windowcontext.enterrule(parsetreelistener);False;False;1.0;0.0
metron-analytics\metron-profiler-client\src\main\java\org\apache\metron\profiler\client\window\generated\windowparser.java@org.apache.metron.profiler.client.window.generated.windowcontext.exitrule(parsetreelistener);False;False;1.0;0.0
metron-analytics\metron-profiler-client\src\main\java\org\apache\metron\profiler\client\window\generated\windowparser.java@org.apache.metron.profiler.client.window.generated.windowcontext.getruleindex();False;False;0.9851351218008023;0.014864878199197096
metron-analytics\metron-profiler-client\src\main\java\org\apache\metron\profiler\client\window\generated\windowparser.java@org.apache.metron.profiler.client.window.generated.windowcontext.window_expression();False;False;1.0;0.0
metron-analytics\metron-profiler-client\src\main\java\org\apache\metron\profiler\client\window\generated\windowparser.java@org.apache.metron.profiler.client.window.generated.windowparser.ago();False;False;1.0;0.0
metron-analytics\metron-profiler-client\src\main\java\org\apache\metron\profiler\client\window\generated\windowparser.java@org.apache.metron.profiler.client.window.generated.windowparser.ago(int);False;False;1.0;0.0
metron-analytics\metron-profiler-client\src\main\java\org\apache\metron\profiler\client\window\generated\windowparser.java@org.apache.metron.profiler.client.window.generated.windowparser.comma();False;False;0.995;0.005
metron-analytics\metron-profiler-client\src\main\java\org\apache\metron\profiler\client\window\generated\windowparser.java@org.apache.metron.profiler.client.window.generated.windowparser.day_specifier();False;False;1.0;0.0
metron-analytics\metron-profiler-client\src\main\java\org\apache\metron\profiler\client\window\generated\windowparser.java@org.apache.metron.profiler.client.window.generated.windowparser.day_specifier();False;False;1.0;0.0
metron-analytics\metron-profiler-client\src\main\java\org\apache\metron\profiler\client\window\generated\windowparser.java@org.apache.metron.profiler.client.window.generated.windowparser.day_specifiercontext(parserrulecontext,int);False;False;0.9034152775648784;0.09658472243512224
metron-analytics\metron-profiler-client\src\main\java\org\apache\metron\profiler\client\window\generated\windowparser.java@org.apache.metron.profiler.client.window.generated.windowparser.densewindowcontext(window_expressioncontext);False;False;0.9034152775648784;0.09658472243512224
metron-analytics\metron-profiler-client\src\main\java\org\apache\metron\profiler\client\window\generated\windowparser.java@org.apache.metron.profiler.client.window.generated.windowparser.durationcontext(parserrulecontext,int);False;False;0.9034152775648784;0.09658472243512224
metron-analytics\metron-profiler-client\src\main\java\org\apache\metron\profiler\client\window\generated\windowparser.java@org.apache.metron.profiler.client.window.generated.windowparser.eof();False;False;0.9986090909090908;0.0013909090909090909
metron-analytics\metron-profiler-client\src\main\java\org\apache\metron\profiler\client\window\generated\windowparser.java@org.apache.metron.profiler.client.window.generated.windowparser.every();False;False;0.9034152775648784;0.09658472243512224
metron-analytics\metron-profiler-client\src\main\java\org\apache\metron\profiler\client\window\generated\windowparser.java@org.apache.metron.profiler.client.window.generated.windowparser.exclude();False;False;1.0;0.0
metron-analytics\metron-profiler-client\src\main\java\org\apache\metron\profiler\client\window\generated\windowparser.java@org.apache.metron.profiler.client.window.generated.windowparser.excluding_specifiercontext(parserrulecontext,int);False;False;0.9034152775648784;0.09658472243512224
metron-analytics\metron-profiler-client\src\main\java\org\apache\metron\profiler\client\window\generated\windowparser.java@org.apache.metron.profiler.client.window.generated.windowparser.from();False;False;1.0;0.0
metron-analytics\metron-profiler-client\src\main\java\org\apache\metron\profiler\client\window\generated\windowparser.java@org.apache.metron.profiler.client.window.generated.windowparser.fromdurationcontext(durationcontext);False;False;0.9034152775648784;0.09658472243512224
metron-analytics\metron-profiler-client\src\main\java\org\apache\metron\profiler\client\window\generated\windowparser.java@org.apache.metron.profiler.client.window.generated.windowparser.fromtodurationcontext(durationcontext);False;False;0.9034152775648784;0.09658472243512224
metron-analytics\metron-profiler-client\src\main\java\org\apache\metron\profiler\client\window\generated\windowparser.java@org.apache.metron.profiler.client.window.generated.windowparser.identifier();False;False;1.0;0.0
metron-analytics\metron-profiler-client\src\main\java\org\apache\metron\profiler\client\window\generated\windowparser.java@org.apache.metron.profiler.client.window.generated.windowparser.identifier();False;False;1.0;0.0
metron-analytics\metron-profiler-client\src\main\java\org\apache\metron\profiler\client\window\generated\windowparser.java@org.apache.metron.profiler.client.window.generated.windowparser.include();False;False;0.9034152775648784;0.09658472243512224
metron-analytics\metron-profiler-client\src\main\java\org\apache\metron\profiler\client\window\generated\windowparser.java@org.apache.metron.profiler.client.window.generated.windowparser.identifiercontext(parserrulecontext,int);False;False;0.9034152775648784;0.09658472243512224
metron-analytics\metron-profiler-client\src\main\java\org\apache\metron\profiler\client\window\generated\windowparser.java@org.apache.metron.profiler.client.window.generated.windowparser.including_specifiercontext(parserrulecontext,int);False;False;0.9034152775648784;0.09658472243512224
metron-analytics\metron-profiler-client\src\main\java\org\apache\metron\profiler\client\window\generated\windowparser.java@org.apache.metron.profiler.client.window.generated.windowparser.number();False;False;1.0;0.0
metron-analytics\metron-profiler-client\src\main\java\org\apache\metron\profiler\client\window\generated\windowparser.java@org.apache.metron.profiler.client.window.generated.windowparser.nonrepeatingwindowcontext(window_expressioncontext);False;False;0.9034152775648784;0.09658472243512224
metron-analytics\metron-profiler-client\src\main\java\org\apache\metron\profiler\client\window\generated\windowparser.java@org.apache.metron.profiler.client.window.generated.windowparser.repeatingwindowcontext(window_expressioncontext);False;False;0.9034152775648784;0.09658472243512224
metron-analytics\metron-profiler-client\src\main\java\org\apache\metron\profiler\client\window\generated\windowparser.java@org.apache.metron.profiler.client.window.generated.windowparser.skipdistancecontext(skip_distancecontext);False;False;0.9034152775648784;0.09658472243512224
metron-analytics\metron-profiler-client\src\main\java\org\apache\metron\profiler\client\window\generated\windowparser.java@org.apache.metron.profiler.client.window.generated.windowparser.skip_distancecontext(parserrulecontext,int);False;False;0.9034152775648784;0.09658472243512224
metron-analytics\metron-profiler-client\src\main\java\org\apache\metron\profiler\client\window\generated\windowparser.java@org.apache.metron.profiler.client.window.generated.windowparser.specifiercontext(parserrulecontext,int);False;False;0.9034152775648784;0.09658472243512224
metron-analytics\metron-profiler-client\src\main\java\org\apache\metron\profiler\client\window\generated\windowparser.java@org.apache.metron.profiler.client.window.generated.windowparser.specifier_arg_listcontext(parserrulecontext,int);False;False;0.9034152775648784;0.09658472243512224
metron-analytics\metron-profiler-client\src\main\java\org\apache\metron\profiler\client\window\generated\windowparser.java@org.apache.metron.profiler.client.window.generated.windowparser.specifier_listcontext(parserrulecontext,int);False;False;0.9034152775648784;0.09658472243512224
metron-analytics\metron-profiler-client\src\main\java\org\apache\metron\profiler\client\window\generated\windowparser.java@org.apache.metron.profiler.client.window.generated.windowparser.time_unit();False;False;1.0;0.0
metron-analytics\metron-profiler-client\src\main\java\org\apache\metron\profiler\client\window\generated\windowparser.java@org.apache.metron.profiler.client.window.generated.windowparser.time_unit();False;False;1.0;0.0
metron-analytics\metron-profiler-client\src\main\java\org\apache\metron\profiler\client\window\generated\windowparser.java@org.apache.metron.profiler.client.window.generated.windowparser.to();False;False;1.0;0.0
metron-analytics\metron-profiler-client\src\main\java\org\apache\metron\profiler\client\window\generated\windowparser.java@org.apache.metron.profiler.client.window.generated.windowparser.timeamountcontext(time_amountcontext);False;False;0.9034152775648784;0.09658472243512224
metron-analytics\metron-profiler-client\src\main\java\org\apache\metron\profiler\client\window\generated\windowparser.java@org.apache.metron.profiler.client.window.generated.windowparser.timeintervalcontext(time_intervalcontext);False;False;0.9034152775648784;0.09658472243512224
metron-analytics\metron-profiler-client\src\main\java\org\apache\metron\profiler\client\window\generated\windowparser.java@org.apache.metron.profiler.client.window.generated.windowparser.timeunitcontext(time_unitcontext);False;False;0.9034152775648784;0.09658472243512224
metron-analytics\metron-profiler-client\src\main\java\org\apache\metron\profiler\client\window\generated\windowparser.java@org.apache.metron.profiler.client.window.generated.windowparser.time_amountcontext(parserrulecontext,int);False;False;0.9034152775648784;0.09658472243512224
metron-analytics\metron-profiler-client\src\main\java\org\apache\metron\profiler\client\window\generated\windowparser.java@org.apache.metron.profiler.client.window.generated.windowparser.time_intervalcontext(parserrulecontext,int);False;False;0.9034152775648784;0.09658472243512224
metron-analytics\metron-profiler-client\src\main\java\org\apache\metron\profiler\client\window\generated\windowparser.java@org.apache.metron.profiler.client.window.generated.windowparser.time_unitcontext(parserrulecontext,int);False;False;0.9034152775648784;0.09658472243512224
metron-analytics\metron-profiler-client\src\main\java\org\apache\metron\profiler\client\window\generated\windowparser.java@org.apache.metron.profiler.client.window.generated.windowparser.window();False;False;1.0;0.0
metron-analytics\metron-profiler-client\src\main\java\org\apache\metron\profiler\client\window\generated\windowparser.java@org.apache.metron.profiler.client.window.generated.windowparser.window();False;False;1.0;0.0
metron-analytics\metron-profiler-client\src\main\java\org\apache\metron\profiler\client\window\generated\windowparser.java@org.apache.metron.profiler.client.window.generated.windowparser.windowcontext(parserrulecontext,int);False;False;0.9034152775648784;0.09658472243512224
metron-analytics\metron-profiler-client\src\main\java\org\apache\metron\profiler\client\window\generated\windowparser.java@org.apache.metron.profiler.client.window.generated.windowparser.windowparser(tokenstream);False;False;0.9034152775648784;0.09658472243512224
metron-analytics\metron-profiler-client\src\main\java\org\apache\metron\profiler\client\window\generated\windowparser.java@org.apache.metron.profiler.client.window.generated.windowparser.windowwidthcontext(window_widthcontext);False;False;0.9034152775648784;0.09658472243512224
metron-analytics\metron-profiler-client\src\main\java\org\apache\metron\profiler\client\window\generated\windowparser.java@org.apache.metron.profiler.client.window.generated.windowparser.window_expressioncontext(parserrulecontext,int);False;False;0.9034152775648784;0.09658472243512224
metron-analytics\metron-profiler-client\src\main\java\org\apache\metron\profiler\client\window\generated\windowparser.java@org.apache.metron.profiler.client.window.generated.windowparser.window_widthcontext(parserrulecontext,int);False;False;0.9034152775648784;0.09658472243512224
metron-analytics\metron-profiler-client\src\main\java\org\apache\metron\profiler\client\window\generated\windowparser.java@org.apache.metron.profiler.client.window.generated.windowparser.copyfrom(durationcontext);False;False;0.9034152775648784;0.09658472243512224
metron-analytics\metron-profiler-client\src\main\java\org\apache\metron\profiler\client\window\generated\windowparser.java@org.apache.metron.profiler.client.window.generated.windowparser.copyfrom(skip_distancecontext);False;False;1.0;0.0
metron-analytics\metron-profiler-client\src\main\java\org\apache\metron\profiler\client\window\generated\windowparser.java@org.apache.metron.profiler.client.window.generated.windowparser.copyfrom(time_amountcontext);False;False;1.0;0.0
metron-analytics\metron-profiler-client\src\main\java\org\apache\metron\profiler\client\window\generated\windowparser.java@org.apache.metron.profiler.client.window.generated.windowparser.copyfrom(time_intervalcontext);False;False;1.0;0.0
metron-analytics\metron-profiler-client\src\main\java\org\apache\metron\profiler\client\window\generated\windowparser.java@org.apache.metron.profiler.client.window.generated.windowparser.copyfrom(time_unitcontext);False;False;0.9034152775648784;0.09658472243512224
metron-analytics\metron-profiler-client\src\main\java\org\apache\metron\profiler\client\window\generated\windowparser.java@org.apache.metron.profiler.client.window.generated.windowparser.copyfrom(window_expressioncontext);False;False;0.9034152775648784;0.09658472243512224
metron-analytics\metron-profiler-client\src\main\java\org\apache\metron\profiler\client\window\generated\windowparser.java@org.apache.metron.profiler.client.window.generated.windowparser.copyfrom(window_widthcontext);False;False;1.0;0.0
metron-analytics\metron-profiler-client\src\main\java\org\apache\metron\profiler\client\window\generated\windowparser.java@org.apache.metron.profiler.client.window.generated.windowparser.duration();False;False;0.853;0.147
metron-analytics\metron-profiler-client\src\main\java\org\apache\metron\profiler\client\window\generated\windowparser.java@org.apache.metron.profiler.client.window.generated.windowparser.enterrule(parsetreelistener);False;False;1.0;0.0
metron-analytics\metron-profiler-client\src\main\java\org\apache\metron\profiler\client\window\generated\windowparser.java@org.apache.metron.profiler.client.window.generated.windowparser.excluding_specifier();False;False;1.0;0.0
metron-analytics\metron-profiler-client\src\main\java\org\apache\metron\profiler\client\window\generated\windowparser.java@org.apache.metron.profiler.client.window.generated.windowparser.exitrule(parsetreelistener);False;False;1.0;0.0
metron-analytics\metron-profiler-client\src\main\java\org\apache\metron\profiler\client\window\generated\windowparser.java@org.apache.metron.profiler.client.window.generated.windowparser.getatn();False;False;0.9948333333333332;0.005166666666666666
metron-analytics\metron-profiler-client\src\main\java\org\apache\metron\profiler\client\window\generated\windowparser.java@org.apache.metron.profiler.client.window.generated.windowparser.getgrammarfilename();False;False;1.0;0.0
metron-analytics\metron-profiler-client\src\main\java\org\apache\metron\profiler\client\window\generated\windowparser.java@org.apache.metron.profiler.client.window.generated.windowparser.getruleindex();False;False;1.0;0.0
metron-analytics\metron-profiler-client\src\main\java\org\apache\metron\profiler\client\window\generated\windowparser.java@org.apache.metron.profiler.client.window.generated.windowparser.getrulenames();False;False;1.0;0.0
metron-analytics\metron-profiler-client\src\main\java\org\apache\metron\profiler\client\window\generated\windowparser.java@org.apache.metron.profiler.client.window.generated.windowparser.getserializedatn();False;False;0.9994981060606061;0.0005018939393939394
metron-analytics\metron-profiler-client\src\main\java\org\apache\metron\profiler\client\window\generated\windowparser.java@org.apache.metron.profiler.client.window.generated.windowparser.gettokennames();False;False;0.9815;0.0185
metron-analytics\metron-profiler-client\src\main\java\org\apache\metron\profiler\client\window\generated\windowparser.java@org.apache.metron.profiler.client.window.generated.windowparser.getvocabulary();False;False;1.0;0.0
metron-analytics\metron-profiler-client\src\main\java\org\apache\metron\profiler\client\window\generated\windowparser.java@org.apache.metron.profiler.client.window.generated.windowparser.including_specifier();False;False;1.0;0.0
metron-analytics\metron-profiler-client\src\main\java\org\apache\metron\profiler\client\window\generated\windowparser.java@org.apache.metron.profiler.client.window.generated.windowparser.sempred(rulecontext,int,int);False;False;0.9034152775648784;0.09658472243512224
metron-analytics\metron-profiler-client\src\main\java\org\apache\metron\profiler\client\window\generated\windowparser.java@org.apache.metron.profiler.client.window.generated.windowparser.skip_distance();False;False;1.0;0.0
metron-analytics\metron-profiler-client\src\main\java\org\apache\metron\profiler\client\window\generated\windowparser.java@org.apache.metron.profiler.client.window.generated.windowparser.specifier();False;False;1.0;0.0
metron-analytics\metron-profiler-client\src\main\java\org\apache\metron\profiler\client\window\generated\windowparser.java@org.apache.metron.profiler.client.window.generated.windowparser.specifier_arg_list();False;False;1.0;0.0
metron-analytics\metron-profiler-client\src\main\java\org\apache\metron\profiler\client\window\generated\windowparser.java@org.apache.metron.profiler.client.window.generated.windowparser.specifier_list();False;False;0.999;0.001
metron-analytics\metron-profiler-client\src\main\java\org\apache\metron\profiler\client\window\generated\windowparser.java@org.apache.metron.profiler.client.window.generated.windowparser.specifier_list(int);False;False;0.9034152775648784;0.09658472243512224
metron-analytics\metron-profiler-client\src\main\java\org\apache\metron\profiler\client\window\generated\windowparser.java@org.apache.metron.profiler.client.window.generated.windowparser.specifier_list_sempred(specifier_listcontext,int);False;False;0.9034152775648784;0.09658472243512224
metron-analytics\metron-profiler-client\src\main\java\org\apache\metron\profiler\client\window\generated\windowparser.java@org.apache.metron.profiler.client.window.generated.windowparser.time_amount();False;False;1.0;0.0
metron-analytics\metron-profiler-client\src\main\java\org\apache\metron\profiler\client\window\generated\windowparser.java@org.apache.metron.profiler.client.window.generated.windowparser.time_interval();False;False;0.998;0.002
metron-analytics\metron-profiler-client\src\main\java\org\apache\metron\profiler\client\window\generated\windowparser.java@org.apache.metron.profiler.client.window.generated.windowparser.time_interval(int);False;False;1.0;0.0
metron-analytics\metron-profiler-client\src\main\java\org\apache\metron\profiler\client\window\generated\windowparser.java@org.apache.metron.profiler.client.window.generated.windowparser.window_expression();False;False;0.998;0.002
metron-analytics\metron-profiler-client\src\main\java\org\apache\metron\profiler\client\window\generated\windowparser.java@org.apache.metron.profiler.client.window.generated.windowparser.window_width();False;False;1.0;0.0
metron-analytics\metron-profiler-client\src\main\java\org\apache\metron\profiler\client\window\generated\windowparser.java@org.apache.metron.profiler.client.window.generated.windowwidthcontext.window();False;False;1.0;0.0
metron-analytics\metron-profiler-client\src\main\java\org\apache\metron\profiler\client\window\generated\windowparser.java@org.apache.metron.profiler.client.window.generated.windowwidthcontext.windowwidthcontext(window_widthcontext);False;False;0.9034152775648784;0.09658472243512224
metron-analytics\metron-profiler-client\src\main\java\org\apache\metron\profiler\client\window\generated\windowparser.java@org.apache.metron.profiler.client.window.generated.windowwidthcontext.enterrule(parsetreelistener);False;False;0.9034152775648784;0.09658472243512224
metron-analytics\metron-profiler-client\src\main\java\org\apache\metron\profiler\client\window\generated\windowparser.java@org.apache.metron.profiler.client.window.generated.windowwidthcontext.exitrule(parsetreelistener);False;False;1.0;0.0
metron-analytics\metron-profiler-client\src\main\java\org\apache\metron\profiler\client\window\generated\windowparser.java@org.apache.metron.profiler.client.window.generated.windowwidthcontext.time_interval();False;False;1.0;0.0
metron-analytics\metron-profiler-client\src\main\java\org\apache\metron\profiler\client\window\generated\windowparser.java@org.apache.metron.profiler.client.window.generated.window_expressioncontext.window_expressioncontext(parserrulecontext,int);False;False;0.9034152775648784;0.09658472243512224
metron-analytics\metron-profiler-client\src\main\java\org\apache\metron\profiler\client\window\generated\windowparser.java@org.apache.metron.profiler.client.window.generated.window_expressioncontext.copyfrom(window_expressioncontext);False;False;1.0;0.0
metron-analytics\metron-profiler-client\src\main\java\org\apache\metron\profiler\client\window\generated\windowparser.java@org.apache.metron.profiler.client.window.generated.window_expressioncontext.getruleindex();False;False;1.0;0.0
metron-analytics\metron-profiler-client\src\main\java\org\apache\metron\profiler\client\window\generated\windowparser.java@org.apache.metron.profiler.client.window.generated.window_widthcontext.window_widthcontext(parserrulecontext,int);False;False;0.9034152775648784;0.09658472243512224
metron-analytics\metron-profiler-client\src\main\java\org\apache\metron\profiler\client\window\generated\windowparser.java@org.apache.metron.profiler.client.window.generated.window_widthcontext.copyfrom(window_widthcontext);False;False;0.9034152775648784;0.09658472243512224
metron-analytics\metron-profiler-client\src\main\java\org\apache\metron\profiler\client\window\generated\windowparser.java@org.apache.metron.profiler.client.window.generated.window_widthcontext.getruleindex();False;False;1.0;0.0
metron-analytics\metron-profiler-client\src\main\java\org\apache\metron\profiler\client\window\predicates\datespecifierpredicate.java@org.apache.metron.profiler.client.window.predicates.datespecifierpredicate.datespecifierpredicate(list);False;False;0.9034152775648784;0.09658472243512224
metron-analytics\metron-profiler-client\src\main\java\org\apache\metron\profiler\client\window\predicates\datespecifierpredicate.java@org.apache.metron.profiler.client.window.predicates.datespecifierpredicate.initialvalue();False;False;0.9935;0.0065
metron-analytics\metron-profiler-client\src\main\java\org\apache\metron\profiler\client\window\predicates\datespecifierpredicate.java@org.apache.metron.profiler.client.window.predicates.datespecifierpredicate.test(long);False;False;1.0;0.0
metron-analytics\metron-profiler-client\src\main\java\org\apache\metron\profiler\client\window\predicates\holidayspredicate.java@org.apache.metron.profiler.client.window.predicates.holidayspredicate.holidayspredicate(list);False;False;0.9034152775648784;0.09658472243512224
metron-analytics\metron-profiler-client\src\main\java\org\apache\metron\profiler\client\window\predicates\holidayspredicate.java@org.apache.metron.profiler.client.window.predicates.holidayspredicate.getcalendar(string);False;False;0.97375;0.02625
metron-analytics\metron-profiler-client\src\main\java\org\apache\metron\profiler\client\window\predicates\holidayspredicate.java@org.apache.metron.profiler.client.window.predicates.holidayspredicate.test(long);False;False;0.998;0.002
metron-analytics\metron-profiler-client\src\test\java\org\apache\metron\profiler\client\hbaseprofilerclienttest.java@org.apache.metron.profiler.client.hbaseprofilerclienttest.setup();False;False;0.962;0.038
metron-analytics\metron-profiler-client\src\test\java\org\apache\metron\profiler\client\hbaseprofilerclienttest.java@org.apache.metron.profiler.client.hbaseprofilerclienttest.teardown();False;False;1.0;0.0
metron-analytics\metron-profiler-client\src\test\java\org\apache\metron\profiler\client\hbaseprofilerclienttest.java@org.apache.metron.profiler.client.hbaseprofilerclienttest.testfetchwithdurationagoandnogroup();False;False;0.9034152775648784;0.09658472243512224
metron-analytics\metron-profiler-client\src\test\java\org\apache\metron\profiler\client\hbaseprofilerclienttest.java@org.apache.metron.profiler.client.hbaseprofilerclienttest.testfetchwithdurationagoandonegroup();False;False;0.9034152775648784;0.09658472243512224
metron-analytics\metron-profiler-client\src\test\java\org\apache\metron\profiler\client\hbaseprofilerclienttest.java@org.apache.metron.profiler.client.hbaseprofilerclienttest.testfetchwithdurationagoandoutsidetimewindow();False;False;0.9493333333333334;0.050666666666666665
metron-analytics\metron-profiler-client\src\test\java\org\apache\metron\profiler\client\hbaseprofilerclienttest.java@org.apache.metron.profiler.client.hbaseprofilerclienttest.testfetchwithstartendandnogroup();False;False;0.9034152775648784;0.09658472243512224
metron-analytics\metron-profiler-client\src\test\java\org\apache\metron\profiler\client\hbaseprofilerclienttest.java@org.apache.metron.profiler.client.hbaseprofilerclienttest.testfetchwithstartendandonegroup();False;False;0.9034152775648784;0.09658472243512224
metron-analytics\metron-profiler-client\src\test\java\org\apache\metron\profiler\client\hbaseprofilerclienttest.java@org.apache.metron.profiler.client.hbaseprofilerclienttest.testfetchwithstartendandoutsidetimewindow();False;False;0.998;0.002
metron-analytics\metron-profiler-client\src\test\java\org\apache\metron\profiler\client\profilewriter.java@org.apache.metron.profiler.client.profilewriter.profilewriter(rowkeybuilder,columnbuilder,htableinterface);False;False;0.9034152775648784;0.09658472243512224
metron-analytics\metron-profiler-client\src\test\java\org\apache\metron\profiler\client\profilewriter.java@org.apache.metron.profiler.client.profilewriter.main(string[]);False;False;0.9034152775648784;0.09658472243512224
metron-analytics\metron-profiler-client\src\test\java\org\apache\metron\profiler\client\profilewriter.java@org.apache.metron.profiler.client.profilewriter.write(profilemeasurement);False;False;0.9585;0.0415
metron-analytics\metron-profiler-client\src\test\java\org\apache\metron\profiler\client\profilewriter.java@org.apache.metron.profiler.client.profilewriter.write(profilemeasurement,int,list,function);False;False;0.9034152775648784;0.09658472243512224
metron-analytics\metron-profiler-client\src\test\java\org\apache\metron\profiler\client\stellar\getprofiletest.java@org.apache.metron.profiler.client.stellar.getprofiletest.run(string,class);False;False;0.9034152775648784;0.09658472243512224
metron-analytics\metron-profiler-client\src\test\java\org\apache\metron\profiler\client\stellar\getprofiletest.java@org.apache.metron.profiler.client.stellar.getprofiletest.setup();False;False;0.976;0.024
metron-analytics\metron-profiler-client\src\test\java\org\apache\metron\profiler\client\stellar\getprofiletest.java@org.apache.metron.profiler.client.stellar.getprofiletest.setup2();False;False;0.9653333333333333;0.034666666666666665
metron-analytics\metron-profiler-client\src\test\java\org\apache\metron\profiler\client\stellar\getprofiletest.java@org.apache.metron.profiler.client.stellar.getprofiletest.testmissingcontext();False;False;0.9756666666666668;0.024333333333333335
metron-analytics\metron-profiler-client\src\test\java\org\apache\metron\profiler\client\stellar\getprofiletest.java@org.apache.metron.profiler.client.stellar.getprofiletest.testoutsidetimehorizon();False;False;0.998;0.002
metron-analytics\metron-profiler-client\src\test\java\org\apache\metron\profiler\client\stellar\getprofiletest.java@org.apache.metron.profiler.client.stellar.getprofiletest.testoverride(string,object);False;False;0.9034152775648784;0.09658472243512224
metron-analytics\metron-profiler-client\src\test\java\org\apache\metron\profiler\client\stellar\getprofiletest.java@org.apache.metron.profiler.client.stellar.getprofiletest.testwithconfigandonegroup();False;False;0.993;0.007
metron-analytics\metron-profiler-client\src\test\java\org\apache\metron\profiler\client\stellar\getprofiletest.java@org.apache.metron.profiler.client.stellar.getprofiletest.testwithconfigoverride();False;False;0.999;0.001
metron-analytics\metron-profiler-client\src\test\java\org\apache\metron\profiler\client\stellar\getprofiletest.java@org.apache.metron.profiler.client.stellar.getprofiletest.testwithdefaultvalue();False;False;0.996;0.004
metron-analytics\metron-profiler-client\src\test\java\org\apache\metron\profiler\client\stellar\getprofiletest.java@org.apache.metron.profiler.client.stellar.getprofiletest.testwithnogroups();False;False;0.999;0.001
metron-analytics\metron-profiler-client\src\test\java\org\apache\metron\profiler\client\stellar\getprofiletest.java@org.apache.metron.profiler.client.stellar.getprofiletest.testwithonegroup();False;False;0.999;0.001
metron-analytics\metron-profiler-client\src\test\java\org\apache\metron\profiler\client\stellar\getprofiletest.java@org.apache.metron.profiler.client.stellar.getprofiletest.testwithtwogroups();False;False;0.999;0.001
metron-analytics\metron-profiler-client\src\test\java\org\apache\metron\profiler\client\stellar\intervalpredicatetest.java@org.apache.metron.profiler.client.stellar.intervalpredicatetest.testbasictest();False;False;0.996;0.004
metron-analytics\metron-profiler-client\src\test\java\org\apache\metron\profiler\client\stellar\intervalpredicatetest.java@org.apache.metron.profiler.client.stellar.intervalpredicatetest.testdegeneratecase();False;False;0.998;0.002
metron-analytics\metron-profiler-client\src\test\java\org\apache\metron\profiler\client\stellar\intervalpredicatetest.java@org.apache.metron.profiler.client.stellar.intervalpredicatetest.testtrivialcase();False;False;0.998;0.002
metron-analytics\metron-profiler-client\src\test\java\org\apache\metron\profiler\client\stellar\intervalpredicatetest.java@org.apache.metron.profiler.client.stellar.intervalpredicatetest.testwithoverlap();False;False;0.998;0.002
metron-analytics\metron-profiler-client\src\test\java\org\apache\metron\profiler\client\stellar\profilerfunctionstest.java@org.apache.metron.profiler.client.stellar.profilerfunctionstest.run(string,class);False;False;0.9034152775648784;0.09658472243512224
metron-analytics\metron-profiler-client\src\test\java\org\apache\metron\profiler\client\stellar\profilerfunctionstest.java@org.apache.metron.profiler.client.stellar.profilerfunctionstest.setup();False;False;0.954;0.046
metron-analytics\metron-profiler-client\src\test\java\org\apache\metron\profiler\client\stellar\profilerfunctionstest.java@org.apache.metron.profiler.client.stellar.profilerfunctionstest.testprofilerapplywithemptylist();False;False;1.0;0.0
metron-analytics\metron-profiler-client\src\test\java\org\apache\metron\profiler\client\stellar\profilerfunctionstest.java@org.apache.metron.profiler.client.stellar.profilerfunctionstest.testprofilerapplywithinvalidarg();False;False;1.0;0.0
metron-analytics\metron-profiler-client\src\test\java\org\apache\metron\profiler\client\stellar\profilerfunctionstest.java@org.apache.metron.profiler.client.stellar.profilerfunctionstest.testprofilerapplywithjsonobject();False;False;0.999;0.001
metron-analytics\metron-profiler-client\src\test\java\org\apache\metron\profiler\client\stellar\profilerfunctionstest.java@org.apache.metron.profiler.client.stellar.profilerfunctionstest.testprofilerapplywithlistofmessages();False;False;1.0;0.0
metron-analytics\metron-profiler-client\src\test\java\org\apache\metron\profiler\client\stellar\profilerfunctionstest.java@org.apache.metron.profiler.client.stellar.profilerfunctionstest.testprofilerapplywithmultiplemessagesinjsonstring();False;False;0.999;0.001
metron-analytics\metron-profiler-client\src\test\java\org\apache\metron\profiler\client\stellar\profilerfunctionstest.java@org.apache.metron.profiler.client.stellar.profilerfunctionstest.testprofilerapplywithnoargs();False;False;1.0;0.0
metron-analytics\metron-profiler-client\src\test\java\org\apache\metron\profiler\client\stellar\profilerfunctionstest.java@org.apache.metron.profiler.client.stellar.profilerfunctionstest.testprofilerapplywithnullmessage();False;False;0.995;0.005
metron-analytics\metron-profiler-client\src\test\java\org\apache\metron\profiler\client\stellar\profilerfunctionstest.java@org.apache.metron.profiler.client.stellar.profilerfunctionstest.testprofilerapplywithstring();False;False;1.0;0.0
metron-analytics\metron-profiler-client\src\test\java\org\apache\metron\profiler\client\stellar\profilerfunctionstest.java@org.apache.metron.profiler.client.stellar.profilerfunctionstest.testprofilerflush();False;False;1.0;0.0
metron-analytics\metron-profiler-client\src\test\java\org\apache\metron\profiler\client\stellar\profilerfunctionstest.java@org.apache.metron.profiler.client.stellar.profilerfunctionstest.testprofilerflushinvalidarg();False;False;1.0;0.0
metron-analytics\metron-profiler-client\src\test\java\org\apache\metron\profiler\client\stellar\profilerfunctionstest.java@org.apache.metron.profiler.client.stellar.profilerfunctionstest.testprofilerflushnoargs();False;False;0.99975;0.00025
metron-analytics\metron-profiler-client\src\test\java\org\apache\metron\profiler\client\stellar\profilerfunctionstest.java@org.apache.metron.profiler.client.stellar.profilerfunctionstest.testprofilerinitinvalidarg();False;False;0.99975;0.00025
metron-analytics\metron-profiler-client\src\test\java\org\apache\metron\profiler\client\stellar\profilerfunctionstest.java@org.apache.metron.profiler.client.stellar.profilerfunctionstest.testprofilerinitnoargs();False;False;0.99975;0.00025
metron-analytics\metron-profiler-client\src\test\java\org\apache\metron\profiler\client\stellar\profilerfunctionstest.java@org.apache.metron.profiler.client.stellar.profilerfunctionstest.testprofilerinitnoprofiles();False;False;0.994;0.006
metron-analytics\metron-profiler-client\src\test\java\org\apache\metron\profiler\client\stellar\profilerfunctionstest.java@org.apache.metron.profiler.client.stellar.profilerfunctionstest.testprofilerinitwithnoglobalconfig();False;False;0.999;0.001
metron-analytics\metron-profiler-client\src\test\java\org\apache\metron\profiler\client\stellar\profilerfunctionstest.java@org.apache.metron.profiler.client.stellar.profilerfunctionstest.testprofilerinitwithprofiles();False;False;0.99225;0.00775
metron-analytics\metron-profiler-client\src\test\java\org\apache\metron\profiler\client\stellar\windowlookbacktest.java@org.apache.metron.profiler.client.stellar.state.state(list,list);False;False;0.9034152775648784;0.09658472243512224
metron-analytics\metron-profiler-client\src\test\java\org\apache\metron\profiler\client\stellar\windowlookbacktest.java@org.apache.metron.profiler.client.stellar.windowlookbacktest.assertions(predicate);False;False;0.9034152775648784;0.09658472243512224
metron-analytics\metron-profiler-client\src\test\java\org\apache\metron\profiler\client\stellar\windowlookbacktest.java@org.apache.metron.profiler.client.stellar.windowlookbacktest.state(list,list);False;False;0.9034152775648784;0.09658472243512224
metron-analytics\metron-profiler-client\src\test\java\org\apache\metron\profiler\client\stellar\windowlookbacktest.java@org.apache.metron.profiler.client.stellar.windowlookbacktest.getdurationms();False;False;0.9619999999999999;0.038
metron-analytics\metron-profiler-client\src\test\java\org\apache\metron\profiler\client\stellar\windowlookbacktest.java@org.apache.metron.profiler.client.stellar.windowlookbacktest.setup();False;False;0.9758333333333332;0.024166666666666663
metron-analytics\metron-profiler-client\src\test\java\org\apache\metron\profiler\client\stellar\windowlookbacktest.java@org.apache.metron.profiler.client.stellar.windowlookbacktest.test(state);False;False;1.0;0.0
metron-analytics\metron-profiler-client\src\test\java\org\apache\metron\profiler\client\stellar\windowlookbacktest.java@org.apache.metron.profiler.client.stellar.windowlookbacktest.test(string,assertions);False;False;0.9034152775648784;0.09658472243512224
metron-analytics\metron-profiler-client\src\test\java\org\apache\metron\profiler\client\stellar\windowlookbacktest.java@org.apache.metron.profiler.client.stellar.windowlookbacktest.test(string,date,optional,assertions);False;False;0.9034152775648784;0.09658472243512224
metron-analytics\metron-profiler-client\src\test\java\org\apache\metron\profiler\client\stellar\windowlookbacktest.java@org.apache.metron.profiler.client.stellar.windowlookbacktest.testdenselookback();False;False;0.997;0.003
metron-analytics\metron-profiler-client\src\test\java\org\apache\metron\profiler\client\stellar\windowlookbacktest.java@org.apache.metron.profiler.client.stellar.windowlookbacktest.testemptyduetoexclusions();False;False;1.0;0.0
metron-analytics\metron-profiler-client\src\test\java\org\apache\metron\profiler\client\stellar\windowlookbacktest.java@org.apache.metron.profiler.client.stellar.windowlookbacktest.testerrorinselector();False;False;1.0;0.0
metron-analytics\metron-profiler-client\src\test\java\org\apache\metron\profiler\client\stellar\windowlookbacktest.java@org.apache.metron.profiler.client.stellar.windowlookbacktest.testshifteddenselookback();False;False;0.9885;0.0115
metron-analytics\metron-profiler-client\src\test\java\org\apache\metron\profiler\client\stellar\windowlookbacktest.java@org.apache.metron.profiler.client.stellar.windowlookbacktest.testshiftedsparselookback();False;False;0.987;0.013
metron-analytics\metron-profiler-client\src\test\java\org\apache\metron\profiler\client\stellar\windowlookbacktest.java@org.apache.metron.profiler.client.stellar.windowlookbacktest.testspecifyingconfig();False;False;0.9778166666666666;0.022183333333333333
metron-analytics\metron-profiler-client\src\test\java\org\apache\metron\profiler\client\stellar\windowlookbacktest.java@org.apache.metron.profiler.client.stellar.windowlookbacktest.testspecifyingonlyselector();False;False;0.9034152775648784;0.09658472243512224
metron-analytics\metron-profiler-client\src\test\java\org\apache\metron\profiler\client\window\windowprocessortest.java@org.apache.metron.profiler.client.window.windowprocessortest.assertequals(long,long);False;False;0.9034152775648784;0.09658472243512224
metron-analytics\metron-profiler-client\src\test\java\org\apache\metron\profiler\client\window\windowprocessortest.java@org.apache.metron.profiler.client.window.windowprocessortest.testbasecase();False;False;0.967;0.033
metron-analytics\metron-profiler-client\src\test\java\org\apache\metron\profiler\client\window\windowprocessortest.java@org.apache.metron.profiler.client.window.windowprocessortest.testdatedayspecifier();False;False;0.976;0.024
metron-analytics\metron-profiler-client\src\test\java\org\apache\metron\profiler\client\window\windowprocessortest.java@org.apache.metron.profiler.client.window.windowprocessortest.testdensewindow();False;False;0.997;0.003
metron-analytics\metron-profiler-client\src\test\java\org\apache\metron\profiler\client\window\windowprocessortest.java@org.apache.metron.profiler.client.window.windowprocessortest.testinvaliddayspecifier();False;False;1.0;0.0
metron-analytics\metron-profiler-client\src\test\java\org\apache\metron\profiler\client\window\windowprocessortest.java@org.apache.metron.profiler.client.window.windowprocessortest.testmanymoonsago();False;False;0.968;0.032
metron-analytics\metron-profiler-client\src\test\java\org\apache\metron\profiler\client\window\windowprocessortest.java@org.apache.metron.profiler.client.window.windowprocessortest.testrepeattilnow();False;False;0.993;0.007
metron-analytics\metron-profiler-client\src\test\java\org\apache\metron\profiler\client\window\windowprocessortest.java@org.apache.metron.profiler.client.window.windowprocessortest.testrepeatwithconflictingexclusioninclusion();False;False;1.0;0.0
metron-analytics\metron-profiler-client\src\test\java\org\apache\metron\profiler\client\window\windowprocessortest.java@org.apache.metron.profiler.client.window.windowprocessortest.testrepeatwithholidayexclusion();False;False;0.999;0.001
metron-analytics\metron-profiler-client\src\test\java\org\apache\metron\profiler\client\window\windowprocessortest.java@org.apache.metron.profiler.client.window.windowprocessortest.testrepeatwithinclusionexclusion();False;False;0.989;0.011
metron-analytics\metron-profiler-client\src\test\java\org\apache\metron\profiler\client\window\windowprocessortest.java@org.apache.metron.profiler.client.window.windowprocessortest.testrepeatwithinclusions();False;False;0.996;0.004
metron-analytics\metron-profiler-client\src\test\java\org\apache\metron\profiler\client\window\windowprocessortest.java@org.apache.metron.profiler.client.window.windowprocessortest.testrepeatwithweekdayexclusion();False;False;1.0;0.0
metron-analytics\metron-profiler-client\src\test\java\org\apache\metron\profiler\client\window\windowprocessortest.java@org.apache.metron.profiler.client.window.windowprocessortest.testrepeatwithweekendexclusion();False;False;1.0;0.0
metron-analytics\metron-profiler-client\src\test\java\org\apache\metron\profiler\client\window\windowprocessortest.java@org.apache.metron.profiler.client.window.windowprocessortest.testsparse();False;False;0.999;0.001
metron-analytics\metron-profiler-client\src\test\java\org\apache\metron\profiler\client\window\windowprocessortest.java@org.apache.metron.profiler.client.window.windowprocessortest.testwithinvaliddayspecifier();False;False;1.0;0.0
metron-analytics\metron-profiler-client\src\test\java\org\apache\metron\profiler\client\window\windowprocessortest.java@org.apache.metron.profiler.client.window.windowprocessortest.testwithinvalidtimenumber();False;False;1.0;0.0
metron-analytics\metron-profiler-client\src\test\java\org\apache\metron\profiler\client\window\windowprocessortest.java@org.apache.metron.profiler.client.window.windowprocessortest.testwithinvalidtimeunit();False;False;1.0;0.0
metron-analytics\metron-profiler-client\src\test\java\org\apache\metron\profiler\client\window\windowprocessortest.java@org.apache.metron.profiler.client.window.windowprocessortest.testwithinvalidwindowunit();False;False;1.0;0.0
metron-analytics\metron-profiler-common\src\main\java\org\apache\metron\profiler\defaultmessagedistributor.java@org.apache.metron.profiler.activecacheremovallistener.onremoval(removalnotification);False;False;0.9034152775648784;0.09658472243512224
metron-analytics\metron-profiler-common\src\main\java\org\apache\metron\profiler\defaultmessagedistributor.java@org.apache.metron.profiler.defaultmessagedistributor.defaultmessagedistributor(long,long,long);False;False;0.9034152775648784;0.09658472243512224
metron-analytics\metron-profiler-common\src\main\java\org\apache\metron\profiler\defaultmessagedistributor.java@org.apache.metron.profiler.defaultmessagedistributor.defaultmessagedistributor(long,long,long,ticker);False;False;0.9034152775648784;0.09658472243512224
metron-analytics\metron-profiler-common\src\main\java\org\apache\metron\profiler\defaultmessagedistributor.java@org.apache.metron.profiler.defaultmessagedistributor.cachekey(profileconfig,string);False;False;0.9034152775648784;0.09658472243512224
metron-analytics\metron-profiler-common\src\main\java\org\apache\metron\profiler\defaultmessagedistributor.java@org.apache.metron.profiler.defaultmessagedistributor.distribute(jsonobject,long,messageroute,context);False;False;0.9034152775648784;0.09658472243512224
metron-analytics\metron-profiler-common\src\main\java\org\apache\metron\profiler\defaultmessagedistributor.java@org.apache.metron.profiler.defaultmessagedistributor.flush();False;False;0.923;0.077
metron-analytics\metron-profiler-common\src\main\java\org\apache\metron\profiler\defaultmessagedistributor.java@org.apache.metron.profiler.defaultmessagedistributor.flushcache(cache);False;False;0.9034152775648784;0.09658472243512224
metron-analytics\metron-profiler-common\src\main\java\org\apache\metron\profiler\defaultmessagedistributor.java@org.apache.metron.profiler.defaultmessagedistributor.flushexpired();False;False;0.9186666666666667;0.08133333333333334
metron-analytics\metron-profiler-common\src\main\java\org\apache\metron\profiler\defaultmessagedistributor.java@org.apache.metron.profiler.defaultmessagedistributor.getbuilder(messageroute,context);False;False;0.9034152775648784;0.09658472243512224
metron-analytics\metron-profiler-common\src\main\java\org\apache\metron\profiler\defaultmessagedistributor.java@org.apache.metron.profiler.defaultmessagedistributor.onremoval(removalnotification);False;False;0.9034152775648784;0.09658472243512224
metron-analytics\metron-profiler-common\src\main\java\org\apache\metron\profiler\defaultmessagedistributor.java@org.apache.metron.profiler.defaultmessagedistributor.withperiodduration(int,timeunit);False;False;0.9034152775648784;0.09658472243512224
metron-analytics\metron-profiler-common\src\main\java\org\apache\metron\profiler\defaultmessagedistributor.java@org.apache.metron.profiler.defaultmessagedistributor.withperioddurationmillis(long);False;False;1.0;0.0
metron-analytics\metron-profiler-common\src\main\java\org\apache\metron\profiler\defaultmessagedistributor.java@org.apache.metron.profiler.expiredcacheremovallistener.onremoval(removalnotification);False;False;0.9034152775648784;0.09658472243512224
metron-analytics\metron-profiler-common\src\main\java\org\apache\metron\profiler\defaultmessagerouter.java@org.apache.metron.profiler.defaultmessagerouter.defaultmessagerouter(context);False;False;0.9034152775648784;0.09658472243512224
metron-analytics\metron-profiler-common\src\main\java\org\apache\metron\profiler\defaultmessagerouter.java@org.apache.metron.profiler.defaultmessagerouter.route(jsonobject,profilerconfig,context);False;False;0.9034152775648784;0.09658472243512224
metron-analytics\metron-profiler-common\src\main\java\org\apache\metron\profiler\defaultmessagerouter.java@org.apache.metron.profiler.defaultmessagerouter.routetoprofile(jsonobject,profileconfig);False;False;0.9034152775648784;0.09658472243512224
metron-analytics\metron-profiler-common\src\main\java\org\apache\metron\profiler\defaultprofilebuilder.java@org.apache.metron.profiler.builder.build();False;False;0.9755166666666667;0.024483333333333333
metron-analytics\metron-profiler-common\src\main\java\org\apache\metron\profiler\defaultprofilebuilder.java@org.apache.metron.profiler.builder.withcontext(context);False;False;0.9034152775648784;0.09658472243512224
metron-analytics\metron-profiler-common\src\main\java\org\apache\metron\profiler\defaultprofilebuilder.java@org.apache.metron.profiler.builder.withdefinition(profileconfig);False;False;1.0;0.0
metron-analytics\metron-profiler-common\src\main\java\org\apache\metron\profiler\defaultprofilebuilder.java@org.apache.metron.profiler.builder.withentity(string);False;False;1.0;0.0
metron-analytics\metron-profiler-common\src\main\java\org\apache\metron\profiler\defaultprofilebuilder.java@org.apache.metron.profiler.builder.withperiodduration(long,timeunit);False;False;0.9034152775648784;0.09658472243512224
metron-analytics\metron-profiler-common\src\main\java\org\apache\metron\profiler\defaultprofilebuilder.java@org.apache.metron.profiler.builder.withperioddurationmillis(long);False;False;0.9034152775648784;0.09658472243512224
metron-analytics\metron-profiler-common\src\main\java\org\apache\metron\profiler\defaultprofilebuilder.java@org.apache.metron.profiler.defaultprofilebuilder.defaultprofilebuilder(profileconfig,string,long,context);False;False;0.9034152775648784;0.09658472243512224
metron-analytics\metron-profiler-common\src\main\java\org\apache\metron\profiler\defaultprofilebuilder.java@org.apache.metron.profiler.defaultprofilebuilder.apply(jsonobject,long);False;False;0.9034152775648784;0.09658472243512224
metron-analytics\metron-profiler-common\src\main\java\org\apache\metron\profiler\defaultprofilebuilder.java@org.apache.metron.profiler.defaultprofilebuilder.assign(map,map,string);False;False;0.9034152775648784;0.09658472243512224
metron-analytics\metron-profiler-common\src\main\java\org\apache\metron\profiler\defaultprofilebuilder.java@org.apache.metron.profiler.defaultprofilebuilder.build();False;False;0.9034152775648784;0.09658472243512224
metron-analytics\metron-profiler-common\src\main\java\org\apache\metron\profiler\defaultprofilebuilder.java@org.apache.metron.profiler.defaultprofilebuilder.execute(list,map,string);False;False;0.9034152775648784;0.09658472243512224
metron-analytics\metron-profiler-common\src\main\java\org\apache\metron\profiler\defaultprofilebuilder.java@org.apache.metron.profiler.defaultprofilebuilder.execute(string,map,string);False;False;0.9034152775648784;0.09658472243512224
metron-analytics\metron-profiler-common\src\main\java\org\apache\metron\profiler\defaultprofilebuilder.java@org.apache.metron.profiler.defaultprofilebuilder.execute(string,string);False;False;0.9034152775648784;0.09658472243512224
metron-analytics\metron-profiler-common\src\main\java\org\apache\metron\profiler\defaultprofilebuilder.java@org.apache.metron.profiler.defaultprofilebuilder.flush();False;False;0.9034152775648784;0.09658472243512224
metron-analytics\metron-profiler-common\src\main\java\org\apache\metron\profiler\defaultprofilebuilder.java@org.apache.metron.profiler.defaultprofilebuilder.getdefinition();False;False;1.0;0.0
metron-analytics\metron-profiler-common\src\main\java\org\apache\metron\profiler\defaultprofilebuilder.java@org.apache.metron.profiler.defaultprofilebuilder.getentity();False;False;0.9870016977227632;0.012998302277236747
metron-analytics\metron-profiler-common\src\main\java\org\apache\metron\profiler\defaultprofilebuilder.java@org.apache.metron.profiler.defaultprofilebuilder.isinitialized();False;False;0.9999606926406926;3.930735930735931e-05
metron-analytics\metron-profiler-common\src\main\java\org\apache\metron\profiler\defaultprofilebuilder.java@org.apache.metron.profiler.defaultprofilebuilder.valueof(string);False;False;0.9981666666666668;0.0018333333333333333
metron-analytics\metron-profiler-common\src\main\java\org\apache\metron\profiler\defaultprofilebuilder.java@org.apache.metron.profiler.defaultprofilebuilder.withcontext(context);False;False;0.99;0.01
metron-analytics\metron-profiler-common\src\main\java\org\apache\metron\profiler\defaultprofilebuilder.java@org.apache.metron.profiler.defaultprofilebuilder.withdefinition(profileconfig);False;False;0.9034152775648784;0.09658472243512224
metron-analytics\metron-profiler-common\src\main\java\org\apache\metron\profiler\defaultprofilebuilder.java@org.apache.metron.profiler.defaultprofilebuilder.withentity(string);False;False;0.9034152775648784;0.09658472243512224
metron-analytics\metron-profiler-common\src\main\java\org\apache\metron\profiler\defaultprofilebuilder.java@org.apache.metron.profiler.defaultprofilebuilder.withperiodduration(long,timeunit);False;False;0.9034152775648784;0.09658472243512224
metron-analytics\metron-profiler-common\src\main\java\org\apache\metron\profiler\defaultprofilebuilder.java@org.apache.metron.profiler.defaultprofilebuilder.withperioddurationmillis(long);False;False;1.0;0.0
metron-analytics\metron-profiler-common\src\main\java\org\apache\metron\profiler\messageroute.java@org.apache.metron.profiler.messageroute.messageroute(profileconfig,string);False;False;0.9034152775648784;0.09658472243512224
metron-analytics\metron-profiler-common\src\main\java\org\apache\metron\profiler\messageroute.java@org.apache.metron.profiler.messageroute.getentity();False;False;1.0;0.0
metron-analytics\metron-profiler-common\src\main\java\org\apache\metron\profiler\messageroute.java@org.apache.metron.profiler.messageroute.getprofiledefinition();False;False;1.0;0.0
metron-analytics\metron-profiler-common\src\main\java\org\apache\metron\profiler\messageroute.java@org.apache.metron.profiler.messageroute.setentity(string);False;False;0.9863333374684377;0.013666662531561671
metron-analytics\metron-profiler-common\src\main\java\org\apache\metron\profiler\messageroute.java@org.apache.metron.profiler.messageroute.setprofiledefinition(profileconfig);False;False;1.0;0.0
metron-analytics\metron-profiler-common\src\main\java\org\apache\metron\profiler\profilemeasurement.java@org.apache.metron.profiler.profilemeasurement.profilemeasurement();False;False;0.9034152775648784;0.09658472243512224
metron-analytics\metron-profiler-common\src\main\java\org\apache\metron\profiler\profilemeasurement.java@org.apache.metron.profiler.profilemeasurement.equals(object);True;False;0.9034152775648784;0.09658472243512224
metron-analytics\metron-profiler-common\src\main\java\org\apache\metron\profiler\profilemeasurement.java@org.apache.metron.profiler.profilemeasurement.getdefinition();False;False;1.0;0.0
metron-analytics\metron-profiler-common\src\main\java\org\apache\metron\profiler\profilemeasurement.java@org.apache.metron.profiler.profilemeasurement.getentity();False;False;0.9870016977227632;0.012998302277236747
metron-analytics\metron-profiler-common\src\main\java\org\apache\metron\profiler\profilemeasurement.java@org.apache.metron.profiler.profilemeasurement.getgroups();False;False;0.9870016977227632;0.012998302277236747
metron-analytics\metron-profiler-common\src\main\java\org\apache\metron\profiler\profilemeasurement.java@org.apache.metron.profiler.profilemeasurement.getperiod();False;False;1.0;0.0
metron-analytics\metron-profiler-common\src\main\java\org\apache\metron\profiler\profilemeasurement.java@org.apache.metron.profiler.profilemeasurement.getprofilename();False;False;1.0;0.0
metron-analytics\metron-profiler-common\src\main\java\org\apache\metron\profiler\profilemeasurement.java@org.apache.metron.profiler.profilemeasurement.getprofilevalue();False;False;1.0;0.0
metron-analytics\metron-profiler-common\src\main\java\org\apache\metron\profiler\profilemeasurement.java@org.apache.metron.profiler.profilemeasurement.gettriagevalues();False;False;1.0;0.0
metron-analytics\metron-profiler-common\src\main\java\org\apache\metron\profiler\profilemeasurement.java@org.apache.metron.profiler.profilemeasurement.hashcode();True;False;0.9034152775648784;0.09658472243512224
metron-analytics\metron-profiler-common\src\main\java\org\apache\metron\profiler\profilemeasurement.java@org.apache.metron.profiler.profilemeasurement.setdefinition(profileconfig);False;False;1.0;0.0
metron-analytics\metron-profiler-common\src\main\java\org\apache\metron\profiler\profilemeasurement.java@org.apache.metron.profiler.profilemeasurement.setentity(string);False;False;0.9863333374684377;0.013666662531561671
metron-analytics\metron-profiler-common\src\main\java\org\apache\metron\profiler\profilemeasurement.java@org.apache.metron.profiler.profilemeasurement.setgroups(list);False;False;0.9034152775648784;0.09658472243512224
metron-analytics\metron-profiler-common\src\main\java\org\apache\metron\profiler\profilemeasurement.java@org.apache.metron.profiler.profilemeasurement.setperiod(profileperiod);False;False;1.0;0.0
metron-analytics\metron-profiler-common\src\main\java\org\apache\metron\profiler\profilemeasurement.java@org.apache.metron.profiler.profilemeasurement.setprofilename(string);False;False;0.9775952569781741;0.022404743021829047
metron-analytics\metron-profiler-common\src\main\java\org\apache\metron\profiler\profilemeasurement.java@org.apache.metron.profiler.profilemeasurement.setprofilevalue(object);False;False;1.0;0.0
metron-analytics\metron-profiler-common\src\main\java\org\apache\metron\profiler\profilemeasurement.java@org.apache.metron.profiler.profilemeasurement.settriagevalues(map);False;False;0.9034152775648784;0.09658472243512224
metron-analytics\metron-profiler-common\src\main\java\org\apache\metron\profiler\profilemeasurement.java@org.apache.metron.profiler.profilemeasurement.withdefinition(profileconfig);False;False;1.0;0.0
metron-analytics\metron-profiler-common\src\main\java\org\apache\metron\profiler\profilemeasurement.java@org.apache.metron.profiler.profilemeasurement.withentity(string);False;False;1.0;0.0
metron-analytics\metron-profiler-common\src\main\java\org\apache\metron\profiler\profilemeasurement.java@org.apache.metron.profiler.profilemeasurement.withgroups(list);False;False;0.9034152775648784;0.09658472243512224
metron-analytics\metron-profiler-common\src\main\java\org\apache\metron\profiler\profilemeasurement.java@org.apache.metron.profiler.profilemeasurement.withperiod(profileperiod);False;False;1.0;0.0
metron-analytics\metron-profiler-common\src\main\java\org\apache\metron\profiler\profilemeasurement.java@org.apache.metron.profiler.profilemeasurement.withperiod(long,long,timeunit);False;False;0.9034152775648784;0.09658472243512224
metron-analytics\metron-profiler-common\src\main\java\org\apache\metron\profiler\profilemeasurement.java@org.apache.metron.profiler.profilemeasurement.withprofilename(string);False;False;0.993;0.007
metron-analytics\metron-profiler-common\src\main\java\org\apache\metron\profiler\profilemeasurement.java@org.apache.metron.profiler.profilemeasurement.withprofilevalue(object);False;False;1.0;0.0
metron-analytics\metron-profiler-common\src\main\java\org\apache\metron\profiler\profilemeasurement.java@org.apache.metron.profiler.profilemeasurement.withtriagevalues(map);False;False;0.9034152775648784;0.09658472243512224
metron-analytics\metron-profiler-common\src\main\java\org\apache\metron\profiler\profileperiod.java@org.apache.metron.profiler.profileperiod.profileperiod(long,long,timeunit);False;False;0.9034152775648784;0.09658472243512224
metron-analytics\metron-profiler-common\src\main\java\org\apache\metron\profiler\profileperiod.java@org.apache.metron.profiler.profileperiod.equals(object);False;False;0.9945;0.0055
metron-analytics\metron-profiler-common\src\main\java\org\apache\metron\profiler\profileperiod.java@org.apache.metron.profiler.profileperiod.getdurationmillis();False;False;1.0;0.0
metron-analytics\metron-profiler-common\src\main\java\org\apache\metron\profiler\profileperiod.java@org.apache.metron.profiler.profileperiod.getendtimemillis();False;False;0.9965;0.0035
metron-analytics\metron-profiler-common\src\main\java\org\apache\metron\profiler\profileperiod.java@org.apache.metron.profiler.profileperiod.getperiod();False;False;0.9870016977227632;0.012998302277236747
metron-analytics\metron-profiler-common\src\main\java\org\apache\metron\profiler\profileperiod.java@org.apache.metron.profiler.profileperiod.getstarttimemillis();False;False;0.985;0.015
metron-analytics\metron-profiler-common\src\main\java\org\apache\metron\profiler\profileperiod.java@org.apache.metron.profiler.profileperiod.hashcode();False;False;0.9576190476190476;0.04238095238095238
metron-analytics\metron-profiler-common\src\main\java\org\apache\metron\profiler\profileperiod.java@org.apache.metron.profiler.profileperiod.next();False;False;0.9952666666666666;0.004733333333333333
metron-analytics\metron-profiler-common\src\main\java\org\apache\metron\profiler\profileperiod.java@org.apache.metron.profiler.profileperiod.tostring();False;False;1.0;0.0
metron-analytics\metron-profiler-common\src\main\java\org\apache\metron\profiler\profileperiod.java@org.apache.metron.profiler.profileperiod.visitperiods(long,long,long,timeunit,optional,function);False;False;0.9034152775648784;0.09658472243512224
metron-analytics\metron-profiler-common\src\main\java\org\apache\metron\profiler\standaloneprofiler.java@org.apache.metron.profiler.standaloneprofiler.standaloneprofiler(profilerconfig,long,long,long,context);False;False;0.9034152775648784;0.09658472243512224
metron-analytics\metron-profiler-common\src\main\java\org\apache\metron\profiler\standaloneprofiler.java@org.apache.metron.profiler.standaloneprofiler.apply(jsonobject);False;False;0.9332;0.0668
metron-analytics\metron-profiler-common\src\main\java\org\apache\metron\profiler\standaloneprofiler.java@org.apache.metron.profiler.standaloneprofiler.flush();False;False;1.0;0.0
metron-analytics\metron-profiler-common\src\main\java\org\apache\metron\profiler\standaloneprofiler.java@org.apache.metron.profiler.standaloneprofiler.getconfig();False;False;0.999875;0.000125
metron-analytics\metron-profiler-common\src\main\java\org\apache\metron\profiler\standaloneprofiler.java@org.apache.metron.profiler.standaloneprofiler.getmessagecount();False;False;1.0;0.0
metron-analytics\metron-profiler-common\src\main\java\org\apache\metron\profiler\standaloneprofiler.java@org.apache.metron.profiler.standaloneprofiler.getprofilecount();False;False;0.9976333333333333;0.002366666666666667
metron-analytics\metron-profiler-common\src\main\java\org\apache\metron\profiler\standaloneprofiler.java@org.apache.metron.profiler.standaloneprofiler.getroutecount();False;False;1.0;0.0
metron-analytics\metron-profiler-common\src\main\java\org\apache\metron\profiler\standaloneprofiler.java@org.apache.metron.profiler.standaloneprofiler.tostring();False;False;0.9878166666666666;0.012183333333333334
metron-analytics\metron-profiler-common\src\main\java\org\apache\metron\profiler\clock\defaultclockfactory.java@org.apache.metron.profiler.clock.defaultclockfactory.createclock(profilerconfig);False;False;0.9916;0.008400000000000001
metron-analytics\metron-profiler-common\src\main\java\org\apache\metron\profiler\clock\eventtimeclock.java@org.apache.metron.profiler.clock.eventtimeclock.eventtimeclock(string);False;False;0.9034152775648784;0.09658472243512224
metron-analytics\metron-profiler-common\src\main\java\org\apache\metron\profiler\clock\eventtimeclock.java@org.apache.metron.profiler.clock.eventtimeclock.currenttimemillis(jsonobject);False;False;0.9874333333333334;0.012566666666666667
metron-analytics\metron-profiler-common\src\main\java\org\apache\metron\profiler\clock\fixedclock.java@org.apache.metron.profiler.clock.fixedclock.fixedclock();False;False;0.9034152775648784;0.09658472243512224
metron-analytics\metron-profiler-common\src\main\java\org\apache\metron\profiler\clock\fixedclock.java@org.apache.metron.profiler.clock.fixedclock.fixedclock(long);False;False;0.9034152775648784;0.09658472243512224
metron-analytics\metron-profiler-common\src\main\java\org\apache\metron\profiler\clock\fixedclock.java@org.apache.metron.profiler.clock.fixedclock.currenttimemillis(jsonobject);False;False;1.0;0.0
metron-analytics\metron-profiler-common\src\main\java\org\apache\metron\profiler\clock\fixedclock.java@org.apache.metron.profiler.clock.fixedclock.settime(long);False;False;0.9823055444555446;0.017694455544455544
metron-analytics\metron-profiler-common\src\main\java\org\apache\metron\profiler\clock\fixedclockfactory.java@org.apache.metron.profiler.clock.fixedclockfactory.fixedclockfactory(long);False;False;0.9034152775648784;0.09658472243512224
metron-analytics\metron-profiler-common\src\main\java\org\apache\metron\profiler\clock\fixedclockfactory.java@org.apache.metron.profiler.clock.fixedclockfactory.createclock(profilerconfig);False;False;0.9926666666666667;0.007333333333333333
metron-analytics\metron-profiler-common\src\main\java\org\apache\metron\profiler\clock\wallclock.java@org.apache.metron.profiler.clock.wallclock.currenttimemillis(jsonobject);False;False;0.94;0.06
metron-analytics\metron-profiler-common\src\main\java\org\apache\metron\profiler\hbase\saltyrowkeybuilder.java@org.apache.metron.profiler.hbase.saltyrowkeybuilder.saltyrowkeybuilder();False;False;0.9034152775648784;0.09658472243512224
metron-analytics\metron-profiler-common\src\main\java\org\apache\metron\profiler\hbase\saltyrowkeybuilder.java@org.apache.metron.profiler.hbase.saltyrowkeybuilder.saltyrowkeybuilder(int,long,timeunit);False;False;0.9034152775648784;0.09658472243512224
metron-analytics\metron-profiler-common\src\main\java\org\apache\metron\profiler\hbase\saltyrowkeybuilder.java@org.apache.metron.profiler.hbase.saltyrowkeybuilder.getsalt(profileperiod,int);False;False;0.9034152775648784;0.09658472243512224
metron-analytics\metron-profiler-common\src\main\java\org\apache\metron\profiler\hbase\saltyrowkeybuilder.java@org.apache.metron.profiler.hbase.saltyrowkeybuilder.getsalt(long,int);False;False;0.9034152775648784;0.09658472243512224
metron-analytics\metron-profiler-common\src\main\java\org\apache\metron\profiler\hbase\saltyrowkeybuilder.java@org.apache.metron.profiler.hbase.saltyrowkeybuilder.groupkey(list);False;False;0.9034152775648784;0.09658472243512224
metron-analytics\metron-profiler-common\src\main\java\org\apache\metron\profiler\hbase\saltyrowkeybuilder.java@org.apache.metron.profiler.hbase.saltyrowkeybuilder.prefixkey(string,string);False;False;0.9034152775648784;0.09658472243512224
metron-analytics\metron-profiler-common\src\main\java\org\apache\metron\profiler\hbase\saltyrowkeybuilder.java@org.apache.metron.profiler.hbase.saltyrowkeybuilder.rowkey(profilemeasurement);False;False;0.9561333333333333;0.04386666666666667
metron-analytics\metron-profiler-common\src\main\java\org\apache\metron\profiler\hbase\saltyrowkeybuilder.java@org.apache.metron.profiler.hbase.saltyrowkeybuilder.rowkey(string,string,profileperiod,list);False;False;0.9034152775648784;0.09658472243512224
metron-analytics\metron-profiler-common\src\main\java\org\apache\metron\profiler\hbase\saltyrowkeybuilder.java@org.apache.metron.profiler.hbase.saltyrowkeybuilder.rowkey(string,string,long,list);False;False;0.9034152775648784;0.09658472243512224
metron-analytics\metron-profiler-common\src\main\java\org\apache\metron\profiler\hbase\saltyrowkeybuilder.java@org.apache.metron.profiler.hbase.saltyrowkeybuilder.rowkeys(string,string,list,iterable);False;False;0.9034152775648784;0.09658472243512224
metron-analytics\metron-profiler-common\src\main\java\org\apache\metron\profiler\hbase\saltyrowkeybuilder.java@org.apache.metron.profiler.hbase.saltyrowkeybuilder.rowkeys(string,string,list,long,long);False;False;0.9034152775648784;0.09658472243512224
metron-analytics\metron-profiler-common\src\main\java\org\apache\metron\profiler\hbase\saltyrowkeybuilder.java@org.apache.metron.profiler.hbase.saltyrowkeybuilder.setsaltdivisor(int);False;False;0.9775952569781741;0.022404743021829047
metron-analytics\metron-profiler-common\src\main\java\org\apache\metron\profiler\hbase\saltyrowkeybuilder.java@org.apache.metron.profiler.hbase.saltyrowkeybuilder.timekey(profileperiod);False;False;0.9529000000000001;0.0471
metron-analytics\metron-profiler-common\src\main\java\org\apache\metron\profiler\hbase\saltyrowkeybuilder.java@org.apache.metron.profiler.hbase.saltyrowkeybuilder.timekey(long);False;False;1.0;0.0
metron-analytics\metron-profiler-common\src\main\java\org\apache\metron\profiler\hbase\saltyrowkeybuilder.java@org.apache.metron.profiler.hbase.saltyrowkeybuilder.withperiodduration(long,timeunit);False;False;0.9034152775648784;0.09658472243512224
metron-analytics\metron-profiler-common\src\main\java\org\apache\metron\profiler\hbase\valueonlycolumnbuilder.java@org.apache.metron.profiler.hbase.valueonlycolumnbuilder.valueonlycolumnbuilder();False;False;0.9034152775648784;0.09658472243512224
metron-analytics\metron-profiler-common\src\main\java\org\apache\metron\profiler\hbase\valueonlycolumnbuilder.java@org.apache.metron.profiler.hbase.valueonlycolumnbuilder.valueonlycolumnbuilder(string);False;False;0.9034152775648784;0.09658472243512224
metron-analytics\metron-profiler-common\src\main\java\org\apache\metron\profiler\hbase\valueonlycolumnbuilder.java@org.apache.metron.profiler.hbase.valueonlycolumnbuilder.columns(profilemeasurement);False;False;0.987;0.013
metron-analytics\metron-profiler-common\src\main\java\org\apache\metron\profiler\hbase\valueonlycolumnbuilder.java@org.apache.metron.profiler.hbase.valueonlycolumnbuilder.getcolumnfamily();False;False;0.9870016977227632;0.012998302277236747
metron-analytics\metron-profiler-common\src\main\java\org\apache\metron\profiler\hbase\valueonlycolumnbuilder.java@org.apache.metron.profiler.hbase.valueonlycolumnbuilder.getcolumnqualifier(string);False;False;0.997;0.003
metron-analytics\metron-profiler-common\src\main\java\org\apache\metron\profiler\hbase\valueonlycolumnbuilder.java@org.apache.metron.profiler.hbase.valueonlycolumnbuilder.setcolumnfamily(string);False;False;0.998;0.002
metron-analytics\metron-profiler-common\src\test\java\org\apache\metron\profiler\defaultmessagedistributortest.java@org.apache.metron.profiler.defaultmessagedistributortest.fixedticker();False;False;0.9034152775648784;0.09658472243512224
metron-analytics\metron-profiler-common\src\test\java\org\apache\metron\profiler\defaultmessagedistributortest.java@org.apache.metron.profiler.defaultmessagedistributortest.advancetime(long,timeunit);False;False;0.9034152775648784;0.09658472243512224
metron-analytics\metron-profiler-common\src\test\java\org\apache\metron\profiler\defaultmessagedistributortest.java@org.apache.metron.profiler.defaultmessagedistributortest.createdefinition(string);False;False;1.0;0.0
metron-analytics\metron-profiler-common\src\test\java\org\apache\metron\profiler\defaultmessagedistributortest.java@org.apache.metron.profiler.defaultmessagedistributortest.read();False;False;0.993;0.007
metron-analytics\metron-profiler-common\src\test\java\org\apache\metron\profiler\defaultmessagedistributortest.java@org.apache.metron.profiler.defaultmessagedistributortest.setup();False;False;0.843;0.157
metron-analytics\metron-profiler-common\src\test\java\org\apache\metron\profiler\defaultmessagedistributortest.java@org.apache.metron.profiler.defaultmessagedistributortest.startat(long);False;False;0.999;0.001
metron-analytics\metron-profiler-common\src\test\java\org\apache\metron\profiler\defaultmessagedistributortest.java@org.apache.metron.profiler.defaultmessagedistributortest.testdistribute();False;False;0.999;0.001
metron-analytics\metron-profiler-common\src\test\java\org\apache\metron\profiler\defaultmessagedistributortest.java@org.apache.metron.profiler.defaultmessagedistributortest.testdistributewithtwoentities();False;False;0.984;0.016
metron-analytics\metron-profiler-common\src\test\java\org\apache\metron\profiler\defaultmessagedistributortest.java@org.apache.metron.profiler.defaultmessagedistributortest.testdistributewithtwoprofiles();False;False;0.982;0.018
metron-analytics\metron-profiler-common\src\test\java\org\apache\metron\profiler\defaultmessagedistributortest.java@org.apache.metron.profiler.defaultmessagedistributortest.testexpiredprofilesshouldberemoved();False;False;0.987;0.013
metron-analytics\metron-profiler-common\src\test\java\org\apache\metron\profiler\defaultmessagedistributortest.java@org.apache.metron.profiler.defaultmessagedistributortest.testnotyettimetoexpireprofiles();False;False;0.984;0.016
metron-analytics\metron-profiler-common\src\test\java\org\apache\metron\profiler\defaultmessagedistributortest.java@org.apache.metron.profiler.defaultmessagedistributortest.testprofilesshouldexpire();False;False;0.992;0.008
metron-analytics\metron-profiler-common\src\test\java\org\apache\metron\profiler\defaultmessagedistributortest.java@org.apache.metron.profiler.fixedticker.fixedticker();False;False;0.9034152775648784;0.09658472243512224
metron-analytics\metron-profiler-common\src\test\java\org\apache\metron\profiler\defaultmessagedistributortest.java@org.apache.metron.profiler.fixedticker.advancetime(long,timeunit);False;False;0.9034152775648784;0.09658472243512224
metron-analytics\metron-profiler-common\src\test\java\org\apache\metron\profiler\defaultmessagedistributortest.java@org.apache.metron.profiler.fixedticker.read();False;False;0.9851351218008023;0.014864878199197096
metron-analytics\metron-profiler-common\src\test\java\org\apache\metron\profiler\defaultmessagedistributortest.java@org.apache.metron.profiler.fixedticker.startat(long);False;False;0.9034152775648784;0.09658472243512224
metron-analytics\metron-profiler-common\src\test\java\org\apache\metron\profiler\defaultmessageroutertest.java@org.apache.metron.profiler.defaultmessageroutertest.createconfig(string);False;False;1.0;0.0
metron-analytics\metron-profiler-common\src\test\java\org\apache\metron\profiler\defaultmessageroutertest.java@org.apache.metron.profiler.defaultmessageroutertest.setup();False;False;0.9865;0.0135
metron-analytics\metron-profiler-common\src\test\java\org\apache\metron\profiler\defaultmessageroutertest.java@org.apache.metron.profiler.defaultmessageroutertest.testexclusiveprofile();False;False;0.997;0.003
metron-analytics\metron-profiler-common\src\test\java\org\apache\metron\profiler\defaultmessageroutertest.java@org.apache.metron.profiler.defaultmessageroutertest.testwithbadforeachexpression();False;False;0.998;0.002
metron-analytics\metron-profiler-common\src\test\java\org\apache\metron\profiler\defaultmessageroutertest.java@org.apache.metron.profiler.defaultmessageroutertest.testwithbadonlyifexpression();False;False;0.998;0.002
metron-analytics\metron-profiler-common\src\test\java\org\apache\metron\profiler\defaultmessageroutertest.java@org.apache.metron.profiler.defaultmessageroutertest.testwithgoodandbad();False;False;0.998;0.002
metron-analytics\metron-profiler-common\src\test\java\org\apache\metron\profiler\defaultmessageroutertest.java@org.apache.metron.profiler.defaultmessageroutertest.testwithnoroutes();False;False;0.992;0.008
metron-analytics\metron-profiler-common\src\test\java\org\apache\metron\profiler\defaultmessageroutertest.java@org.apache.metron.profiler.defaultmessageroutertest.testwithoneroute();False;False;0.9885;0.0115
metron-analytics\metron-profiler-common\src\test\java\org\apache\metron\profiler\defaultmessageroutertest.java@org.apache.metron.profiler.defaultmessageroutertest.testwithtworoutes();False;False;0.991;0.009
metron-analytics\metron-profiler-common\src\test\java\org\apache\metron\profiler\defaultprofilebuildertest.java@org.apache.metron.profiler.defaultprofilebuildertest.setup();False;False;0.993;0.007
metron-analytics\metron-profiler-common\src\test\java\org\apache\metron\profiler\defaultprofilebuildertest.java@org.apache.metron.profiler.defaultprofilebuildertest.testbadgroupbyexpression();False;False;0.933;0.067
metron-analytics\metron-profiler-common\src\test\java\org\apache\metron\profiler\defaultprofilebuildertest.java@org.apache.metron.profiler.defaultprofilebuildertest.testbadinitexpression();False;False;0.939;0.061
metron-analytics\metron-profiler-common\src\test\java\org\apache\metron\profiler\defaultprofilebuildertest.java@org.apache.metron.profiler.defaultprofilebuildertest.testbadresultexpression();False;False;0.939;0.061
metron-analytics\metron-profiler-common\src\test\java\org\apache\metron\profiler\defaultprofilebuildertest.java@org.apache.metron.profiler.defaultprofilebuildertest.testbadresultprofileexpression();False;False;0.933;0.067
metron-analytics\metron-profiler-common\src\test\java\org\apache\metron\profiler\defaultprofilebuildertest.java@org.apache.metron.profiler.defaultprofilebuildertest.testbadresulttriageexpression();False;False;0.933;0.067
metron-analytics\metron-profiler-common\src\test\java\org\apache\metron\profiler\defaultprofilebuildertest.java@org.apache.metron.profiler.defaultprofilebuildertest.testbadupdateexpression();False;False;0.9325;0.0675
metron-analytics\metron-profiler-common\src\test\java\org\apache\metron\profiler\defaultprofilebuildertest.java@org.apache.metron.profiler.defaultprofilebuildertest.testentity();False;False;0.998;0.002
metron-analytics\metron-profiler-common\src\test\java\org\apache\metron\profiler\defaultprofilebuildertest.java@org.apache.metron.profiler.defaultprofilebuildertest.testflushdoesnotclearsstate();False;False;0.9870714285714286;0.012928571428571428
metron-analytics\metron-profiler-common\src\test\java\org\apache\metron\profiler\defaultprofilebuildertest.java@org.apache.metron.profiler.defaultprofilebuildertest.testflushdoesnotclearsstatebutinitdoes();False;False;0.9860714285714286;0.013928571428571429
metron-analytics\metron-profiler-common\src\test\java\org\apache\metron\profiler\defaultprofilebuildertest.java@org.apache.metron.profiler.defaultprofilebuildertest.testgroupby();False;False;0.9820714285714286;0.01792857142857143
metron-analytics\metron-profiler-common\src\test\java\org\apache\metron\profiler\defaultprofilebuildertest.java@org.apache.metron.profiler.defaultprofilebuildertest.testinit();False;False;0.95645;0.04355
metron-analytics\metron-profiler-common\src\test\java\org\apache\metron\profiler\defaultprofilebuildertest.java@org.apache.metron.profiler.defaultprofilebuildertest.testinitwithnomessage();False;False;0.983;0.017
metron-analytics\metron-profiler-common\src\test\java\org\apache\metron\profiler\defaultprofilebuildertest.java@org.apache.metron.profiler.defaultprofilebuildertest.testprofileperiodonflush();False;False;0.9860714285714286;0.013928571428571429
metron-analytics\metron-profiler-common\src\test\java\org\apache\metron\profiler\defaultprofilebuildertest.java@org.apache.metron.profiler.defaultprofilebuildertest.testresult();False;False;0.9839166666666668;0.016083333333333335
metron-analytics\metron-profiler-common\src\test\java\org\apache\metron\profiler\defaultprofilebuildertest.java@org.apache.metron.profiler.defaultprofilebuildertest.testresultwithprofileexpression();False;False;0.9865;0.0135
metron-analytics\metron-profiler-common\src\test\java\org\apache\metron\profiler\defaultprofilebuildertest.java@org.apache.metron.profiler.defaultprofilebuildertest.testresultwithtriageexpression();False;False;0.9935;0.0065
metron-analytics\metron-profiler-common\src\test\java\org\apache\metron\profiler\defaultprofilebuildertest.java@org.apache.metron.profiler.defaultprofilebuildertest.teststateavailabletogroupby();False;False;0.988;0.012
metron-analytics\metron-profiler-common\src\test\java\org\apache\metron\profiler\defaultprofilebuildertest.java@org.apache.metron.profiler.defaultprofilebuildertest.testupdate();False;False;0.9760714285714286;0.02392857142857143
metron-analytics\metron-profiler-common\src\test\java\org\apache\metron\profiler\profilemeasurementtest.java@org.apache.metron.profiler.profilemeasurementtest.setup();False;False;0.92625;0.07375
metron-analytics\metron-profiler-common\src\test\java\org\apache\metron\profiler\profilemeasurementtest.java@org.apache.metron.profiler.profilemeasurementtest.testjavaserialization();True;False;0.9525;0.0475
metron-analytics\metron-profiler-common\src\test\java\org\apache\metron\profiler\profilemeasurementtest.java@org.apache.metron.profiler.profilemeasurementtest.testkryoserialization();True;False;0.992;0.008
metron-analytics\metron-profiler-common\src\test\java\org\apache\metron\profiler\profileperiodtest.java@org.apache.metron.profiler.profileperiodtest.testeighthourperiods();False;False;1.0;0.0
metron-analytics\metron-profiler-common\src\test\java\org\apache\metron\profiler\profileperiodtest.java@org.apache.metron.profiler.profileperiodtest.testfifteenminuteperiods();False;False;1.0;0.0
metron-analytics\metron-profiler-common\src\test\java\org\apache\metron\profiler\profileperiodtest.java@org.apache.metron.profiler.profileperiodtest.testfirstperiodatepoch();False;False;0.993;0.007
metron-analytics\metron-profiler-common\src\test\java\org\apache\metron\profiler\profileperiodtest.java@org.apache.metron.profiler.profileperiodtest.testjavaserialization();False;False;0.957;0.043
metron-analytics\metron-profiler-common\src\test\java\org\apache\metron\profiler\profileperiodtest.java@org.apache.metron.profiler.profileperiodtest.testkryoserialization();True;False;0.9896833333333332;0.010316666666666667
metron-analytics\metron-profiler-common\src\test\java\org\apache\metron\profiler\profileperiodtest.java@org.apache.metron.profiler.profileperiodtest.testnextwithfifteenminuteperiods();False;False;0.9826666666666667;0.017333333333333336
metron-analytics\metron-profiler-common\src\test\java\org\apache\metron\profiler\profileperiodtest.java@org.apache.metron.profiler.profileperiodtest.testonehourperiods();False;False;1.0;0.0
metron-analytics\metron-profiler-common\src\test\java\org\apache\metron\profiler\profileperiodtest.java@org.apache.metron.profiler.profileperiodtest.testoneminuteperiods();False;False;1.0;0.0
metron-analytics\metron-profiler-common\src\test\java\org\apache\metron\profiler\profileperiodtest.java@org.apache.metron.profiler.profileperiodtest.testperioddurationofzero();False;False;0.982;0.018
metron-analytics\metron-profiler-common\src\test\java\org\apache\metron\profiler\profileperiodtest.java@org.apache.metron.profiler.profileperiodtest.testtwohourperiods();False;False;1.0;0.0
metron-analytics\metron-profiler-common\src\test\java\org\apache\metron\profiler\standaloneprofilertest.java@org.apache.metron.profiler.standaloneprofilertest.createprofiler(string);False;False;0.979;0.021
metron-analytics\metron-profiler-common\src\test\java\org\apache\metron\profiler\standaloneprofilertest.java@org.apache.metron.profiler.standaloneprofilertest.setup();False;False;0.939;0.061
metron-analytics\metron-profiler-common\src\test\java\org\apache\metron\profiler\standaloneprofilertest.java@org.apache.metron.profiler.standaloneprofilertest.testprofilecount();False;False;0.9455;0.0545
metron-analytics\metron-profiler-common\src\test\java\org\apache\metron\profiler\standaloneprofilertest.java@org.apache.metron.profiler.standaloneprofilertest.testrouteandmessagecounters();False;False;0.888;0.112
metron-analytics\metron-profiler-common\src\test\java\org\apache\metron\profiler\standaloneprofilertest.java@org.apache.metron.profiler.standaloneprofilertest.testwithoneprofile();False;False;0.9906666666666666;0.009333333333333332
metron-analytics\metron-profiler-common\src\test\java\org\apache\metron\profiler\standaloneprofilertest.java@org.apache.metron.profiler.standaloneprofilertest.testwithtwoprofiles();False;False;0.986;0.014
metron-analytics\metron-profiler-common\src\test\java\org\apache\metron\profiler\standaloneprofilertest.java@org.apache.metron.profiler.standaloneprofilertest.toprofilerconfig(string);False;False;0.963;0.037
metron-analytics\metron-profiler-common\src\test\java\org\apache\metron\profiler\clock\defaultclockfactorytest.java@org.apache.metron.profiler.clock.defaultclockfactorytest.setup();False;False;0.978;0.022
metron-analytics\metron-profiler-common\src\test\java\org\apache\metron\profiler\clock\defaultclockfactorytest.java@org.apache.metron.profiler.clock.defaultclockfactorytest.testcreateeventtimeclock();False;False;0.9995;0.0005
metron-analytics\metron-profiler-common\src\test\java\org\apache\metron\profiler\clock\defaultclockfactorytest.java@org.apache.metron.profiler.clock.defaultclockfactorytest.testcreateprocessingtimeclock();False;False;0.97;0.03
metron-analytics\metron-profiler-common\src\test\java\org\apache\metron\profiler\clock\eventtimeclocktest.java@org.apache.metron.profiler.clock.eventtimeclocktest.createmessage();False;False;0.982;0.018
metron-analytics\metron-profiler-common\src\test\java\org\apache\metron\profiler\clock\eventtimeclocktest.java@org.apache.metron.profiler.clock.eventtimeclocktest.testeventtime();False;False;0.976;0.024
metron-analytics\metron-profiler-common\src\test\java\org\apache\metron\profiler\clock\eventtimeclocktest.java@org.apache.metron.profiler.clock.eventtimeclocktest.testeventtimewithstring();False;False;0.967;0.033
metron-analytics\metron-profiler-common\src\test\java\org\apache\metron\profiler\clock\eventtimeclocktest.java@org.apache.metron.profiler.clock.eventtimeclocktest.testinvalidvalue();False;False;0.993;0.007
metron-analytics\metron-profiler-common\src\test\java\org\apache\metron\profiler\clock\eventtimeclocktest.java@org.apache.metron.profiler.clock.eventtimeclocktest.testmissingtimestampfield();False;False;0.9946666666666667;0.005333333333333334
metron-analytics\metron-profiler-common\src\test\java\org\apache\metron\profiler\clock\wallclocktest.java@org.apache.metron.profiler.clock.wallclocktest.createmessage();False;False;0.995;0.005
metron-analytics\metron-profiler-common\src\test\java\org\apache\metron\profiler\clock\wallclocktest.java@org.apache.metron.profiler.clock.wallclocktest.testcurrenttimemillis();False;False;0.93;0.07
metron-analytics\metron-profiler-common\src\test\java\org\apache\metron\profiler\hbase\saltyrowkeybuildertest.java@org.apache.metron.profiler.hbase.saltyrowkeybuildertest.printbytes(byte[]);False;False;0.9034152775648784;0.09658472243512224
metron-analytics\metron-profiler-common\src\test\java\org\apache\metron\profiler\hbase\saltyrowkeybuildertest.java@org.apache.metron.profiler.hbase.saltyrowkeybuildertest.setup();True;False;0.9539666666666667;0.046033333333333336
metron-analytics\metron-profiler-common\src\test\java\org\apache\metron\profiler\hbase\saltyrowkeybuildertest.java@org.apache.metron.profiler.hbase.saltyrowkeybuildertest.testrowkeywithmixedgroups();False;False;1.0;0.0
metron-analytics\metron-profiler-common\src\test\java\org\apache\metron\profiler\hbase\saltyrowkeybuildertest.java@org.apache.metron.profiler.hbase.saltyrowkeybuildertest.testrowkeywithnogroup();False;False;0.999;0.001
metron-analytics\metron-profiler-common\src\test\java\org\apache\metron\profiler\hbase\saltyrowkeybuildertest.java@org.apache.metron.profiler.hbase.saltyrowkeybuildertest.testrowkeywithonegroup();False;False;0.997;0.003
metron-analytics\metron-profiler-common\src\test\java\org\apache\metron\profiler\hbase\saltyrowkeybuildertest.java@org.apache.metron.profiler.hbase.saltyrowkeybuildertest.testrowkeywithoneintegergroup();False;False;0.995;0.005
metron-analytics\metron-profiler-common\src\test\java\org\apache\metron\profiler\hbase\saltyrowkeybuildertest.java@org.apache.metron.profiler.hbase.saltyrowkeybuildertest.testrowkeywithtwogroups();False;False;0.999;0.001
metron-analytics\metron-profiler-common\src\test\java\org\apache\metron\profiler\hbase\saltyrowkeybuildertest.java@org.apache.metron.profiler.hbase.saltyrowkeybuildertest.testrowkeys();False;False;0.997;0.003
metron-analytics\metron-profiler\src\main\java\org\apache\metron\profiler\bolt\fixedfrequencyflushsignal.java@org.apache.metron.profiler.bolt.fixedfrequencyflushsignal.fixedfrequencyflushsignal(long);False;False;0.9034152775648784;0.09658472243512224
metron-analytics\metron-profiler\src\main\java\org\apache\metron\profiler\bolt\fixedfrequencyflushsignal.java@org.apache.metron.profiler.bolt.fixedfrequencyflushsignal.currenttimemillis();False;False;0.9870016977227632;0.012998302277236747
metron-analytics\metron-profiler\src\main\java\org\apache\metron\profiler\bolt\fixedfrequencyflushsignal.java@org.apache.metron.profiler.bolt.fixedfrequencyflushsignal.istimetoflush();False;False;0.9339333333333334;0.06606666666666666
metron-analytics\metron-profiler\src\main\java\org\apache\metron\profiler\bolt\fixedfrequencyflushsignal.java@org.apache.metron.profiler.bolt.fixedfrequencyflushsignal.reset();False;False;0.9736666666666667;0.026333333333333334
metron-analytics\metron-profiler\src\main\java\org\apache\metron\profiler\bolt\fixedfrequencyflushsignal.java@org.apache.metron.profiler.bolt.fixedfrequencyflushsignal.timetonextflush();False;False;0.9981;0.0019
metron-analytics\metron-profiler\src\main\java\org\apache\metron\profiler\bolt\fixedfrequencyflushsignal.java@org.apache.metron.profiler.bolt.fixedfrequencyflushsignal.update(long);False;False;0.9321666666666666;0.06783333333333334
metron-analytics\metron-profiler\src\main\java\org\apache\metron\profiler\bolt\hbaseemitter.java@org.apache.metron.profiler.bolt.hbaseemitter.declareoutputfields(outputfieldsdeclarer);False;False;0.98695;0.01305
metron-analytics\metron-profiler\src\main\java\org\apache\metron\profiler\bolt\hbaseemitter.java@org.apache.metron.profiler.bolt.hbaseemitter.emit(profilemeasurement,outputcollector);False;False;0.9034152775648784;0.09658472243512224
metron-analytics\metron-profiler\src\main\java\org\apache\metron\profiler\bolt\hbaseemitter.java@org.apache.metron.profiler.bolt.hbaseemitter.getstreamid();False;False;1.0;0.0
metron-analytics\metron-profiler\src\main\java\org\apache\metron\profiler\bolt\hbaseemitter.java@org.apache.metron.profiler.bolt.hbaseemitter.setstreamid(string);False;False;0.9775952569781741;0.022404743021829047
metron-analytics\metron-profiler\src\main\java\org\apache\metron\profiler\bolt\kafkaemitter.java@org.apache.metron.profiler.bolt.kafkaemitter.appendtriagevalues(profilemeasurement,jsonobject);False;False;0.9034152775648784;0.09658472243512224
metron-analytics\metron-profiler\src\main\java\org\apache\metron\profiler\bolt\kafkaemitter.java@org.apache.metron.profiler.bolt.kafkaemitter.createmessage(profilemeasurement);False;False;0.901;0.099
metron-analytics\metron-profiler\src\main\java\org\apache\metron\profiler\bolt\kafkaemitter.java@org.apache.metron.profiler.bolt.kafkaemitter.declareoutputfields(outputfieldsdeclarer);False;False;0.988;0.012
metron-analytics\metron-profiler\src\main\java\org\apache\metron\profiler\bolt\kafkaemitter.java@org.apache.metron.profiler.bolt.kafkaemitter.emit(profilemeasurement,outputcollector);False;False;0.9034152775648784;0.09658472243512224
metron-analytics\metron-profiler\src\main\java\org\apache\metron\profiler\bolt\kafkaemitter.java@org.apache.metron.profiler.bolt.kafkaemitter.getstreamid();False;False;1.0;0.0
metron-analytics\metron-profiler\src\main\java\org\apache\metron\profiler\bolt\kafkaemitter.java@org.apache.metron.profiler.bolt.kafkaemitter.isvalidtype(object);False;False;0.963;0.037
metron-analytics\metron-profiler\src\main\java\org\apache\metron\profiler\bolt\kafkaemitter.java@org.apache.metron.profiler.bolt.kafkaemitter.setsourcetype(string);False;False;0.9775952569781741;0.022404743021829047
metron-analytics\metron-profiler\src\main\java\org\apache\metron\profiler\bolt\kafkaemitter.java@org.apache.metron.profiler.bolt.kafkaemitter.setstreamid(string);False;False;0.9775952569781741;0.022404743021829047
metron-analytics\metron-profiler\src\main\java\org\apache\metron\profiler\bolt\manualflushsignal.java@org.apache.metron.profiler.bolt.manualflushsignal.currenttimemillis();False;False;0.9951754714815905;0.0048245285184098305
metron-analytics\metron-profiler\src\main\java\org\apache\metron\profiler\bolt\manualflushsignal.java@org.apache.metron.profiler.bolt.manualflushsignal.istimetoflush();False;False;0.9417685107265211;0.05823148927348096
metron-analytics\metron-profiler\src\main\java\org\apache\metron\profiler\bolt\manualflushsignal.java@org.apache.metron.profiler.bolt.manualflushsignal.setflushnow(boolean);False;False;0.9950627017770222;0.004937298222978079
metron-analytics\metron-profiler\src\main\java\org\apache\metron\profiler\bolt\profilebuilderbolt.java@org.apache.metron.profiler.bolt.profilebuilderbolt.profilebuilderbolt();False;False;0.9034152775648784;0.09658472243512224
metron-analytics\metron-profiler\src\main\java\org\apache\metron\profiler\bolt\profilebuilderbolt.java@org.apache.metron.profiler.bolt.profilebuilderbolt.cleanup();False;False;0.9034152775648784;0.09658472243512224
metron-analytics\metron-profiler\src\main\java\org\apache\metron\profiler\bolt\profilebuilderbolt.java@org.apache.metron.profiler.bolt.profilebuilderbolt.createupdater();False;False;0.998;0.002
metron-analytics\metron-profiler\src\main\java\org\apache\metron\profiler\bolt\profilebuilderbolt.java@org.apache.metron.profiler.bolt.profilebuilderbolt.declareoutputfields(outputfieldsdeclarer);False;False;0.9034152775648784;0.09658472243512224
metron-analytics\metron-profiler\src\main\java\org\apache\metron\profiler\bolt\profilebuilderbolt.java@org.apache.metron.profiler.bolt.profilebuilderbolt.emitmeasurements(list);False;False;0.9034152775648784;0.09658472243512224
metron-analytics\metron-profiler\src\main\java\org\apache\metron\profiler\bolt\profilebuilderbolt.java@org.apache.metron.profiler.bolt.profilebuilderbolt.execute(tuplewindow);False;False;0.9034152775648784;0.09658472243512224
metron-analytics\metron-profiler\src\main\java\org\apache\metron\profiler\bolt\profilebuilderbolt.java@org.apache.metron.profiler.bolt.profilebuilderbolt.flushactive();False;False;0.92;0.08
metron-analytics\metron-profiler\src\main\java\org\apache\metron\profiler\bolt\profilebuilderbolt.java@org.apache.metron.profiler.bolt.profilebuilderbolt.flushexpired();False;False;0.877;0.123
metron-analytics\metron-profiler\src\main\java\org\apache\metron\profiler\bolt\profilebuilderbolt.java@org.apache.metron.profiler.bolt.profilebuilderbolt.getconfigurations();False;False;1.0;0.0
metron-analytics\metron-profiler\src\main\java\org\apache\metron\profiler\bolt\profilebuilderbolt.java@org.apache.metron.profiler.bolt.profilebuilderbolt.getfield(string,tuple,class);False;False;0.9034152775648784;0.09658472243512224
metron-analytics\metron-profiler\src\main\java\org\apache\metron\profiler\bolt\profilebuilderbolt.java@org.apache.metron.profiler.bolt.profilebuilderbolt.getmessagedistributor();False;False;1.0;0.0
metron-analytics\metron-profiler\src\main\java\org\apache\metron\profiler\bolt\profilebuilderbolt.java@org.apache.metron.profiler.bolt.profilebuilderbolt.getperioddurationmillis();False;False;1.0;0.0
metron-analytics\metron-profiler\src\main\java\org\apache\metron\profiler\bolt\profilebuilderbolt.java@org.apache.metron.profiler.bolt.profilebuilderbolt.getstellarcontext();False;False;0.972;0.028
metron-analytics\metron-profiler\src\main\java\org\apache\metron\profiler\bolt\profilebuilderbolt.java@org.apache.metron.profiler.bolt.profilebuilderbolt.getwindowdurationmillis();False;False;1.0;0.0
metron-analytics\metron-profiler\src\main\java\org\apache\metron\profiler\bolt\profilebuilderbolt.java@org.apache.metron.profiler.bolt.profilebuilderbolt.handlemessage(tuple);False;False;0.861;0.139
metron-analytics\metron-profiler\src\main\java\org\apache\metron\profiler\bolt\profilebuilderbolt.java@org.apache.metron.profiler.bolt.profilebuilderbolt.prepare(map,topologycontext,outputcollector);False;False;0.9034152775648784;0.09658472243512224
metron-analytics\metron-profiler\src\main\java\org\apache\metron\profiler\bolt\profilebuilderbolt.java@org.apache.metron.profiler.bolt.profilebuilderbolt.setupzookeeper();False;False;0.9034152775648784;0.09658472243512224
metron-analytics\metron-profiler\src\main\java\org\apache\metron\profiler\bolt\profilebuilderbolt.java@org.apache.metron.profiler.bolt.profilebuilderbolt.startflushingexpiredprofiles();True;False;0.91175;0.08825
metron-analytics\metron-profiler\src\main\java\org\apache\metron\profiler\bolt\profilebuilderbolt.java@org.apache.metron.profiler.bolt.profilebuilderbolt.withemitter(profilemeasurementemitter);False;False;0.9993333333333334;0.0006666666666666666
metron-analytics\metron-profiler\src\main\java\org\apache\metron\profiler\bolt\profilebuilderbolt.java@org.apache.metron.profiler.bolt.profilebuilderbolt.withflushsignal(flushsignal);False;False;1.0;0.0
metron-analytics\metron-profiler\src\main\java\org\apache\metron\profiler\bolt\profilebuilderbolt.java@org.apache.metron.profiler.bolt.profilebuilderbolt.withmaxnumberofroutes(long);False;False;1.0;0.0
metron-analytics\metron-profiler\src\main\java\org\apache\metron\profiler\bolt\profilebuilderbolt.java@org.apache.metron.profiler.bolt.profilebuilderbolt.withmessagedistributor(messagedistributor);False;False;1.0;0.0
metron-analytics\metron-profiler\src\main\java\org\apache\metron\profiler\bolt\profilebuilderbolt.java@org.apache.metron.profiler.bolt.profilebuilderbolt.withperiodduration(int,timeunit);False;False;0.9034152775648784;0.09658472243512224
metron-analytics\metron-profiler\src\main\java\org\apache\metron\profiler\bolt\profilebuilderbolt.java@org.apache.metron.profiler.bolt.profilebuilderbolt.withperioddurationmillis(long);False;False;1.0;0.0
metron-analytics\metron-profiler\src\main\java\org\apache\metron\profiler\bolt\profilebuilderbolt.java@org.apache.metron.profiler.bolt.profilebuilderbolt.withprofiletimetolive(int,timeunit);False;False;0.9034152775648784;0.09658472243512224
metron-analytics\metron-profiler\src\main\java\org\apache\metron\profiler\bolt\profilebuilderbolt.java@org.apache.metron.profiler.bolt.profilebuilderbolt.withprofiletimetolivemillis(long);False;False;1.0;0.0
metron-analytics\metron-profiler\src\main\java\org\apache\metron\profiler\bolt\profilebuilderbolt.java@org.apache.metron.profiler.bolt.profilebuilderbolt.withprofilerconfigurations(profilerconfigurations);False;False;1.0;0.0
metron-analytics\metron-profiler\src\main\java\org\apache\metron\profiler\bolt\profilebuilderbolt.java@org.apache.metron.profiler.bolt.profilebuilderbolt.withtumblingwindow(basewindowedbolt);False;False;0.9034152775648784;0.09658472243512224
metron-analytics\metron-profiler\src\main\java\org\apache\metron\profiler\bolt\profilebuilderbolt.java@org.apache.metron.profiler.bolt.profilebuilderbolt.withzookeepercache(zkcache);False;False;1.0;0.0
metron-analytics\metron-profiler\src\main\java\org\apache\metron\profiler\bolt\profilebuilderbolt.java@org.apache.metron.profiler.bolt.profilebuilderbolt.withzookeeperclient(curatorframework);False;False;1.0;0.0
metron-analytics\metron-profiler\src\main\java\org\apache\metron\profiler\bolt\profilebuilderbolt.java@org.apache.metron.profiler.bolt.profilebuilderbolt.withzookeeperurl(string);False;False;1.0;0.0
metron-analytics\metron-profiler\src\main\java\org\apache\metron\profiler\bolt\profilehbasemapper.java@org.apache.metron.profiler.bolt.profilehbasemapper.profilehbasemapper();False;False;0.9034152775648784;0.09658472243512224
metron-analytics\metron-profiler\src\main\java\org\apache\metron\profiler\bolt\profilehbasemapper.java@org.apache.metron.profiler.bolt.profilehbasemapper.profilehbasemapper(rowkeybuilder,columnbuilder);False;False;0.9034152775648784;0.09658472243512224
metron-analytics\metron-profiler\src\main\java\org\apache\metron\profiler\bolt\profilehbasemapper.java@org.apache.metron.profiler.bolt.profilehbasemapper.columns(tuple);False;False;1.0;0.0
metron-analytics\metron-profiler\src\main\java\org\apache\metron\profiler\bolt\profilehbasemapper.java@org.apache.metron.profiler.bolt.profilehbasemapper.getttl(tuple);False;False;0.9921666666666666;0.007833333333333333
metron-analytics\metron-profiler\src\main\java\org\apache\metron\profiler\bolt\profilehbasemapper.java@org.apache.metron.profiler.bolt.profilehbasemapper.rowkey(tuple);False;False;0.9958333333333333;0.004166666666666666
metron-analytics\metron-profiler\src\main\java\org\apache\metron\profiler\bolt\profilehbasemapper.java@org.apache.metron.profiler.bolt.profilehbasemapper.setcolumnbuilder(columnbuilder);False;False;1.0;0.0
metron-analytics\metron-profiler\src\main\java\org\apache\metron\profiler\bolt\profilehbasemapper.java@org.apache.metron.profiler.bolt.profilehbasemapper.setrowkeybuilder(rowkeybuilder);False;False;1.0;0.0
metron-analytics\metron-profiler\src\main\java\org\apache\metron\profiler\bolt\profilesplitterbolt.java@org.apache.metron.profiler.bolt.profilesplitterbolt.profilesplitterbolt(string);False;False;0.9034152775648784;0.09658472243512224
metron-analytics\metron-profiler\src\main\java\org\apache\metron\profiler\bolt\profilesplitterbolt.java@org.apache.metron.profiler.bolt.profilesplitterbolt.createvalues(jsonobject,long,messageroute);False;False;0.9034152775648784;0.09658472243512224
metron-analytics\metron-profiler\src\main\java\org\apache\metron\profiler\bolt\profilesplitterbolt.java@org.apache.metron.profiler.bolt.profilesplitterbolt.declareoutputfields(outputfieldsdeclarer);False;False;0.926;0.074
metron-analytics\metron-profiler\src\main\java\org\apache\metron\profiler\bolt\profilesplitterbolt.java@org.apache.metron.profiler.bolt.profilesplitterbolt.doexecute(tuple);True;False;0.9034152775648784;0.09658472243512224
metron-analytics\metron-profiler\src\main\java\org\apache\metron\profiler\bolt\profilesplitterbolt.java@org.apache.metron.profiler.bolt.profilesplitterbolt.execute(tuple);True;False;0.9034152775648784;0.09658472243512224
metron-analytics\metron-profiler\src\main\java\org\apache\metron\profiler\bolt\profilesplitterbolt.java@org.apache.metron.profiler.bolt.profilesplitterbolt.getmessagerouter();False;False;1.0;0.0
metron-analytics\metron-profiler\src\main\java\org\apache\metron\profiler\bolt\profilesplitterbolt.java@org.apache.metron.profiler.bolt.profilesplitterbolt.getstellarcontext();False;False;0.979;0.021
metron-analytics\metron-profiler\src\main\java\org\apache\metron\profiler\bolt\profilesplitterbolt.java@org.apache.metron.profiler.bolt.profilesplitterbolt.prepare(map,topologycontext,outputcollector);False;False;0.9034152775648784;0.09658472243512224
metron-analytics\metron-profiler\src\main\java\org\apache\metron\profiler\bolt\profilesplitterbolt.java@org.apache.metron.profiler.bolt.profilesplitterbolt.routemessage(tuple,jsonobject,profilerconfig,long);False;False;0.9034152775648784;0.09658472243512224
metron-analytics\metron-profiler\src\main\java\org\apache\metron\profiler\bolt\profilesplitterbolt.java@org.apache.metron.profiler.bolt.profilesplitterbolt.setclockfactory(clockfactory);False;False;1.0;0.0
metron-analytics\metron-profiler\src\test\java\org\apache\metron\profiler\bolt\fixedfrequencyflushsignaltest.java@org.apache.metron.profiler.bolt.fixedfrequencyflushsignaltest.testnegativefrequency();False;False;0.9416363636363636;0.05836363636363636
metron-analytics\metron-profiler\src\test\java\org\apache\metron\profiler\bolt\fixedfrequencyflushsignaltest.java@org.apache.metron.profiler.bolt.fixedfrequencyflushsignaltest.testoutofordertimestamps();False;False;0.98525;0.01475
metron-analytics\metron-profiler\src\test\java\org\apache\metron\profiler\bolt\fixedfrequencyflushsignaltest.java@org.apache.metron.profiler.bolt.fixedfrequencyflushsignaltest.testsignalflush();False;False;0.985;0.015
metron-analytics\metron-profiler\src\test\java\org\apache\metron\profiler\bolt\hbaseemittertest.java@org.apache.metron.profiler.bolt.hbaseemittertest.createdefinition(string);False;False;1.0;0.0
metron-analytics\metron-profiler\src\test\java\org\apache\metron\profiler\bolt\hbaseemittertest.java@org.apache.metron.profiler.bolt.hbaseemittertest.expectmeasurement(hbaseemitter,outputcollector);False;False;0.9034152775648784;0.09658472243512224
metron-analytics\metron-profiler\src\test\java\org\apache\metron\profiler\bolt\hbaseemittertest.java@org.apache.metron.profiler.bolt.hbaseemittertest.setup();False;False;0.9366666666666668;0.06333333333333334
metron-analytics\metron-profiler\src\test\java\org\apache\metron\profiler\bolt\hbaseemittertest.java@org.apache.metron.profiler.bolt.hbaseemittertest.testemit();False;False;0.9928833333333335;0.007116666666666667
metron-analytics\metron-profiler\src\test\java\org\apache\metron\profiler\bolt\kafkaemittertest.java@org.apache.metron.profiler.bolt.kafkaemittertest.createdefinition(string);False;False;1.0;0.0
metron-analytics\metron-profiler\src\test\java\org\apache\metron\profiler\bolt\kafkaemittertest.java@org.apache.metron.profiler.bolt.kafkaemittertest.expectjsonobject(kafkaemitter,outputcollector);False;False;0.9034152775648784;0.09658472243512224
metron-analytics\metron-profiler\src\test\java\org\apache\metron\profiler\bolt\kafkaemittertest.java@org.apache.metron.profiler.bolt.kafkaemittertest.setup();False;False;0.929;0.071
metron-analytics\metron-profiler\src\test\java\org\apache\metron\profiler\bolt\kafkaemittertest.java@org.apache.metron.profiler.bolt.kafkaemittertest.testdonotemit();False;False;0.9161;0.08389999999999999
metron-analytics\metron-profiler\src\test\java\org\apache\metron\profiler\bolt\kafkaemittertest.java@org.apache.metron.profiler.bolt.kafkaemittertest.testemit();False;False;0.9200333333333333;0.07996666666666666
metron-analytics\metron-profiler\src\test\java\org\apache\metron\profiler\bolt\kafkaemittertest.java@org.apache.metron.profiler.bolt.kafkaemittertest.testintegerisvalidtype();False;False;0.9005666666666666;0.09943333333333332
metron-analytics\metron-profiler\src\test\java\org\apache\metron\profiler\bolt\kafkaemittertest.java@org.apache.metron.profiler.bolt.kafkaemittertest.testinvalidtype();False;False;0.977;0.023
metron-analytics\metron-profiler\src\test\java\org\apache\metron\profiler\bolt\kafkaemittertest.java@org.apache.metron.profiler.bolt.kafkaemittertest.testmultipletriagevalueinmessage();False;False;0.968;0.032
metron-analytics\metron-profiler\src\test\java\org\apache\metron\profiler\bolt\kafkaemittertest.java@org.apache.metron.profiler.bolt.kafkaemittertest.teststringisvalidtype();False;False;0.92;0.08
metron-analytics\metron-profiler\src\test\java\org\apache\metron\profiler\bolt\kafkaemittertest.java@org.apache.metron.profiler.bolt.kafkaemittertest.testtriagevalueinmessage();False;False;0.902;0.098
metron-analytics\metron-profiler\src\test\java\org\apache\metron\profiler\bolt\profilebuilderbolttest.java@org.apache.metron.profiler.bolt.profilebuilderbolttest.testemitter(string);False;False;0.9034152775648784;0.09658472243512224
metron-analytics\metron-profiler\src\test\java\org\apache\metron\profiler\bolt\profilebuilderbolttest.java@org.apache.metron.profiler.bolt.profilebuilderbolttest.createbolt();False;False;0.8986666666666666;0.10133333333333333
metron-analytics\metron-profiler\src\test\java\org\apache\metron\profiler\bolt\profilebuilderbolttest.java@org.apache.metron.profiler.bolt.profilebuilderbolttest.createtuple(string,jsonobject,profileconfig,long);False;False;0.9034152775648784;0.09658472243512224
metron-analytics\metron-profiler\src\test\java\org\apache\metron\profiler\bolt\profilebuilderbolttest.java@org.apache.metron.profiler.bolt.profilebuilderbolttest.createwindow(tuple);False;False;0.998;0.002
metron-analytics\metron-profiler\src\test\java\org\apache\metron\profiler\bolt\profilebuilderbolttest.java@org.apache.metron.profiler.bolt.profilebuilderbolttest.declareoutputfields(outputfieldsdeclarer);False;False;0.9511333333333334;0.04886666666666667
metron-analytics\metron-profiler\src\test\java\org\apache\metron\profiler\bolt\profilebuilderbolttest.java@org.apache.metron.profiler.bolt.profilebuilderbolttest.emit(profilemeasurement,outputcollector);False;False;0.9034152775648784;0.09658472243512224
metron-analytics\metron-profiler\src\test\java\org\apache\metron\profiler\bolt\profilebuilderbolttest.java@org.apache.metron.profiler.bolt.profilebuilderbolttest.getprofilemeasurements(outputcollector,int);False;False;0.9034152775648784;0.09658472243512224
metron-analytics\metron-profiler\src\test\java\org\apache\metron\profiler\bolt\profilebuilderbolttest.java@org.apache.metron.profiler.bolt.profilebuilderbolttest.getstreamid();False;False;0.9925897461528966;0.007410253847103503
metron-analytics\metron-profiler\src\test\java\org\apache\metron\profiler\bolt\profilebuilderbolttest.java@org.apache.metron.profiler.bolt.profilebuilderbolttest.setup();False;False;0.789;0.211
metron-analytics\metron-profiler\src\test\java\org\apache\metron\profiler\bolt\profilebuilderbolttest.java@org.apache.metron.profiler.bolt.profilebuilderbolttest.testdonotflushactiveprofiles();False;False;0.992;0.008
metron-analytics\metron-profiler\src\test\java\org\apache\metron\profiler\bolt\profilebuilderbolttest.java@org.apache.metron.profiler.bolt.profilebuilderbolttest.testemitters();False;False;0.981;0.019
metron-analytics\metron-profiler\src\test\java\org\apache\metron\profiler\bolt\profilebuilderbolttest.java@org.apache.metron.profiler.bolt.profilebuilderbolttest.testextractmessage();False;False;0.993;0.007
metron-analytics\metron-profiler\src\test\java\org\apache\metron\profiler\bolt\profilebuilderbolttest.java@org.apache.metron.profiler.bolt.profilebuilderbolttest.testflushactiveprofiles();False;False;0.9835;0.0165
metron-analytics\metron-profiler\src\test\java\org\apache\metron\profiler\bolt\profilebuilderbolttest.java@org.apache.metron.profiler.bolt.profilebuilderbolttest.testflushexpiredprofiles();False;False;0.993;0.007
metron-analytics\metron-profiler\src\test\java\org\apache\metron\profiler\bolt\profilebuilderbolttest.java@org.apache.metron.profiler.bolt.testemitter.testemitter(string);False;False;0.9034152775648784;0.09658472243512224
metron-analytics\metron-profiler\src\test\java\org\apache\metron\profiler\bolt\profilebuilderbolttest.java@org.apache.metron.profiler.bolt.testemitter.declareoutputfields(outputfieldsdeclarer);False;False;0.9034152775648784;0.09658472243512224
metron-analytics\metron-profiler\src\test\java\org\apache\metron\profiler\bolt\profilebuilderbolttest.java@org.apache.metron.profiler.bolt.testemitter.emit(profilemeasurement,outputcollector);False;False;0.9034152775648784;0.09658472243512224
metron-analytics\metron-profiler\src\test\java\org\apache\metron\profiler\bolt\profilebuilderbolttest.java@org.apache.metron.profiler.bolt.testemitter.getstreamid();False;False;0.9851351218008023;0.014864878199197096
metron-analytics\metron-profiler\src\test\java\org\apache\metron\profiler\bolt\profilehbasemappertest.java@org.apache.metron.profiler.bolt.profilehbasemappertest.setup();False;False;0.994;0.006
metron-analytics\metron-profiler\src\test\java\org\apache\metron\profiler\bolt\profilehbasemappertest.java@org.apache.metron.profiler.bolt.profilehbasemappertest.testexpires();False;False;0.9946666666666667;0.005333333333333333
metron-analytics\metron-profiler\src\test\java\org\apache\metron\profiler\bolt\profilehbasemappertest.java@org.apache.metron.profiler.bolt.profilehbasemappertest.testexpiresundefined();False;False;0.982;0.018
metron-analytics\metron-profiler\src\test\java\org\apache\metron\profiler\bolt\profilesplitterbolttest.java@org.apache.metron.profiler.bolt.profilesplitterbolttest.createbolt(profilerconfig);False;False;0.8898333333333333;0.11016666666666666
metron-analytics\metron-profiler\src\test\java\org\apache\metron\profiler\bolt\profilesplitterbolttest.java@org.apache.metron.profiler.bolt.profilesplitterbolttest.setup();False;False;0.791;0.209
metron-analytics\metron-profiler\src\test\java\org\apache\metron\profiler\bolt\profilesplitterbolttest.java@org.apache.metron.profiler.bolt.profilesplitterbolttest.testemittuplewithoneprofile();False;False;0.982;0.018
metron-analytics\metron-profiler\src\test\java\org\apache\metron\profiler\bolt\profilesplitterbolttest.java@org.apache.metron.profiler.bolt.profilesplitterbolttest.testemittuplewithtwoprofiles();False;False;0.993;0.007
metron-analytics\metron-profiler\src\test\java\org\apache\metron\profiler\bolt\profilesplitterbolttest.java@org.apache.metron.profiler.bolt.profilesplitterbolttest.testnoprofilesdefined();False;False;0.992;0.008
metron-analytics\metron-profiler\src\test\java\org\apache\metron\profiler\bolt\profilesplitterbolttest.java@org.apache.metron.profiler.bolt.profilesplitterbolttest.testonlyiffalse();False;False;0.9685;0.0315
metron-analytics\metron-profiler\src\test\java\org\apache\metron\profiler\bolt\profilesplitterbolttest.java@org.apache.metron.profiler.bolt.profilesplitterbolttest.testonlyifinvalid();False;False;0.9487166666666667;0.051283333333333334
metron-analytics\metron-profiler\src\test\java\org\apache\metron\profiler\bolt\profilesplitterbolttest.java@org.apache.metron.profiler.bolt.profilesplitterbolttest.testonlyifmissing();False;False;0.9895;0.0105
metron-analytics\metron-profiler\src\test\java\org\apache\metron\profiler\bolt\profilesplitterbolttest.java@org.apache.metron.profiler.bolt.profilesplitterbolttest.testonlyiftrue();False;False;0.9895;0.0105
metron-analytics\metron-profiler\src\test\java\org\apache\metron\profiler\bolt\profilesplitterbolttest.java@org.apache.metron.profiler.bolt.profilesplitterbolttest.testresolveentityname();False;False;0.984;0.016
metron-analytics\metron-profiler\src\test\java\org\apache\metron\profiler\bolt\profilesplitterbolttest.java@org.apache.metron.profiler.bolt.profilesplitterbolttest.testwithnullmessage();True;False;0.9034152775648784;0.09658472243512224
metron-analytics\metron-profiler\src\test\java\org\apache\metron\profiler\bolt\profilesplitterbolttest.java@org.apache.metron.profiler.bolt.profilesplitterbolttest.toprofilerconfig(string);False;False;1.0;0.0
metron-analytics\metron-profiler\src\test\java\org\apache\metron\profiler\integration\configuploadcomponent.java@org.apache.metron.profiler.integration.configuploadcomponent.start();False;False;0.9034152775648784;0.09658472243512224
metron-analytics\metron-profiler\src\test\java\org\apache\metron\profiler\integration\configuploadcomponent.java@org.apache.metron.profiler.integration.configuploadcomponent.update();False;False;0.9034152775648784;0.09658472243512224
metron-analytics\metron-profiler\src\test\java\org\apache\metron\profiler\integration\configuploadcomponent.java@org.apache.metron.profiler.integration.configuploadcomponent.upload();False;False;0.9884999999999999;0.0115
metron-analytics\metron-profiler\src\test\java\org\apache\metron\profiler\integration\configuploadcomponent.java@org.apache.metron.profiler.integration.configuploadcomponent.uploadglobalconfig(curatorframework);False;False;0.9975;0.0025
metron-analytics\metron-profiler\src\test\java\org\apache\metron\profiler\integration\configuploadcomponent.java@org.apache.metron.profiler.integration.configuploadcomponent.uploadprofilerconfig(curatorframework);False;False;0.9975;0.0025
metron-analytics\metron-profiler\src\test\java\org\apache\metron\profiler\integration\configuploadcomponent.java@org.apache.metron.profiler.integration.configuploadcomponent.withglobalconfiguration(string);False;False;1.0;0.0
metron-analytics\metron-profiler\src\test\java\org\apache\metron\profiler\integration\configuploadcomponent.java@org.apache.metron.profiler.integration.configuploadcomponent.withprofilerconfiguration(string);False;False;1.0;0.0
metron-analytics\metron-profiler\src\test\java\org\apache\metron\profiler\integration\configuploadcomponent.java@org.apache.metron.profiler.integration.configuploadcomponent.withtopologyproperties(properties);False;False;1.0;0.0
metron-analytics\metron-profiler\src\test\java\org\apache\metron\profiler\integration\messagebuilder.java@org.apache.metron.profiler.integration.messagebuilder.messagebuilder();False;False;0.9034152775648784;0.09658472243512224
metron-analytics\metron-profiler\src\test\java\org\apache\metron\profiler\integration\messagebuilder.java@org.apache.metron.profiler.integration.messagebuilder.build();False;False;1.0;0.0
metron-analytics\metron-profiler\src\test\java\org\apache\metron\profiler\integration\messagebuilder.java@org.apache.metron.profiler.integration.messagebuilder.withfield(string,object);False;False;0.9034152775648784;0.09658472243512224
metron-analytics\metron-profiler\src\test\java\org\apache\metron\profiler\integration\messagebuilder.java@org.apache.metron.profiler.integration.messagebuilder.withfields(jsonobject);False;False;0.9034152775648784;0.09658472243512224
metron-analytics\metron-profiler\src\test\java\org\apache\metron\profiler\integration\profilerintegrationtest.java@org.apache.metron.profiler.integration.profilerintegrationtest.failmessage(byte[],byte[]);False;False;0.9034152775648784;0.09658472243512224
metron-analytics\metron-profiler\src\test\java\org\apache\metron\profiler\integration\profilerintegrationtest.java@org.apache.metron.profiler.integration.profilerintegrationtest.generateexpectedrowkey(string,string,long);False;False;0.9034152775648784;0.09658472243512224
metron-analytics\metron-profiler\src\test\java\org\apache\metron\profiler\integration\profilerintegrationtest.java@org.apache.metron.profiler.integration.profilerintegrationtest.read(list,string,byte[],class);False;False;0.9034152775648784;0.09658472243512224
metron-analytics\metron-profiler\src\test\java\org\apache\metron\profiler\integration\profilerintegrationtest.java@org.apache.metron.profiler.integration.profilerintegrationtest.setup();False;False;0.999;0.001
metron-analytics\metron-profiler\src\test\java\org\apache\metron\profiler\integration\profilerintegrationtest.java@org.apache.metron.profiler.integration.profilerintegrationtest.setupbeforeclass();True;False;0.763;0.237
metron-analytics\metron-profiler\src\test\java\org\apache\metron\profiler\integration\profilerintegrationtest.java@org.apache.metron.profiler.integration.profilerintegrationtest.teardown();False;False;0.9891666666666667;0.010833333333333332
metron-analytics\metron-profiler\src\test\java\org\apache\metron\profiler\integration\profilerintegrationtest.java@org.apache.metron.profiler.integration.profilerintegrationtest.teardownafterclass();False;False;0.98975;0.01025
metron-analytics\metron-profiler\src\test\java\org\apache\metron\profiler\integration\profilerintegrationtest.java@org.apache.metron.profiler.integration.profilerintegrationtest.testeventtime();False;False;0.933;0.067
metron-analytics\metron-profiler\src\test\java\org\apache\metron\profiler\integration\profilerintegrationtest.java@org.apache.metron.profiler.integration.profilerintegrationtest.testprocessingtime();False;False;0.7462000000000001;0.2538
metron-analytics\metron-profiler\src\test\java\org\apache\metron\profiler\integration\profilerintegrationtest.java@org.apache.metron.profiler.integration.profilerintegrationtest.testprofilewithstatsobject();False;False;0.967;0.033
metron-analytics\metron-profiler\src\test\java\org\apache\metron\profiler\integration\profilerintegrationtest.java@org.apache.metron.profiler.integration.profilerintegrationtest.uploadconfig(string);False;False;0.9734964285714285;0.02650357142857142
metron-analytics\metron-statistics\src\main\java\org\apache\metron\statistics\binfunctions.java@org.apache.metron.statistics.bin.apply(list);False;False;0.9034152775648784;0.09658472243512224
metron-analytics\metron-statistics\src\main\java\org\apache\metron\statistics\binfunctions.java@org.apache.metron.statistics.bin.getbin(double,int,function);False;False;0.9034152775648784;0.09658472243512224
metron-analytics\metron-statistics\src\main\java\org\apache\metron\statistics\binfunctions.java@org.apache.metron.statistics.binfunctions.apply(list);False;False;0.9034152775648784;0.09658472243512224
metron-analytics\metron-statistics\src\main\java\org\apache\metron\statistics\binfunctions.java@org.apache.metron.statistics.binfunctions.getbin(double,int,function);False;False;0.9034152775648784;0.09658472243512224
metron-analytics\metron-statistics\src\main\java\org\apache\metron\statistics\onlinestatisticsprovider.java@org.apache.metron.statistics.onlinestatisticsprovider.onlinestatisticsprovider();False;False;0.9034152775648784;0.09658472243512224
metron-analytics\metron-statistics\src\main\java\org\apache\metron\statistics\onlinestatisticsprovider.java@org.apache.metron.statistics.onlinestatisticsprovider.addvalue(double);False;False;0.918;0.082
metron-analytics\metron-statistics\src\main\java\org\apache\metron\statistics\onlinestatisticsprovider.java@org.apache.metron.statistics.onlinestatisticsprovider.checkflowerror(double,double,double);False;False;0.9034152775648784;0.09658472243512224
metron-analytics\metron-statistics\src\main\java\org\apache\metron\statistics\onlinestatisticsprovider.java@org.apache.metron.statistics.onlinestatisticsprovider.equals(object);False;False;0.887;0.113
metron-analytics\metron-statistics\src\main\java\org\apache\metron\statistics\onlinestatisticsprovider.java@org.apache.metron.statistics.onlinestatisticsprovider.getcount();False;False;0.9962958664261873;0.0037041335738124087
metron-analytics\metron-statistics\src\main\java\org\apache\metron\statistics\onlinestatisticsprovider.java@org.apache.metron.statistics.onlinestatisticsprovider.getgeometricmean();False;False;1.0;0.0
metron-analytics\metron-statistics\src\main\java\org\apache\metron\statistics\onlinestatisticsprovider.java@org.apache.metron.statistics.onlinestatisticsprovider.getkurtosis();False;False;0.9052857142857142;0.09471428571428572
metron-analytics\metron-statistics\src\main\java\org\apache\metron\statistics\onlinestatisticsprovider.java@org.apache.metron.statistics.onlinestatisticsprovider.getmax();False;False;0.9938369047619048;0.0061630952380952375
metron-analytics\metron-statistics\src\main\java\org\apache\metron\statistics\onlinestatisticsprovider.java@org.apache.metron.statistics.onlinestatisticsprovider.getmean();False;False;1.0;0.0
metron-analytics\metron-statistics\src\main\java\org\apache\metron\statistics\onlinestatisticsprovider.java@org.apache.metron.statistics.onlinestatisticsprovider.getmin();False;False;0.9938369047619048;0.0061630952380952375
metron-analytics\metron-statistics\src\main\java\org\apache\metron\statistics\onlinestatisticsprovider.java@org.apache.metron.statistics.onlinestatisticsprovider.getpercentile(double);False;False;1.0;0.0
metron-analytics\metron-statistics\src\main\java\org\apache\metron\statistics\onlinestatisticsprovider.java@org.apache.metron.statistics.onlinestatisticsprovider.getpopulationvariance();False;False;1.0;0.0
metron-analytics\metron-statistics\src\main\java\org\apache\metron\statistics\onlinestatisticsprovider.java@org.apache.metron.statistics.onlinestatisticsprovider.getquadraticmean();False;False;1.0;0.0
metron-analytics\metron-statistics\src\main\java\org\apache\metron\statistics\onlinestatisticsprovider.java@org.apache.metron.statistics.onlinestatisticsprovider.getskewness();False;False;0.9862857142857142;0.013714285714285715
metron-analytics\metron-statistics\src\main\java\org\apache\metron\statistics\onlinestatisticsprovider.java@org.apache.metron.statistics.onlinestatisticsprovider.getstandarddeviation();False;False;1.0;0.0
metron-analytics\metron-statistics\src\main\java\org\apache\metron\statistics\onlinestatisticsprovider.java@org.apache.metron.statistics.onlinestatisticsprovider.getsum();False;False;0.9870016977227632;0.012998302277236747
metron-analytics\metron-statistics\src\main\java\org\apache\metron\statistics\onlinestatisticsprovider.java@org.apache.metron.statistics.onlinestatisticsprovider.getsumlogs();False;False;1.0;0.0
metron-analytics\metron-statistics\src\main\java\org\apache\metron\statistics\onlinestatisticsprovider.java@org.apache.metron.statistics.onlinestatisticsprovider.getsumsquares();False;False;1.0;0.0
metron-analytics\metron-statistics\src\main\java\org\apache\metron\statistics\onlinestatisticsprovider.java@org.apache.metron.statistics.onlinestatisticsprovider.getvariance();False;False;0.9905333333333333;0.009466666666666667
metron-analytics\metron-statistics\src\main\java\org\apache\metron\statistics\onlinestatisticsprovider.java@org.apache.metron.statistics.onlinestatisticsprovider.hashcode();False;False;0.8985277777777778;0.10147222222222221
metron-analytics\metron-statistics\src\main\java\org\apache\metron\statistics\onlinestatisticsprovider.java@org.apache.metron.statistics.onlinestatisticsprovider.merge(statisticsprovider);False;False;0.929;0.071
metron-analytics\metron-statistics\src\main\java\org\apache\metron\statistics\onlinestatisticsprovider.java@org.apache.metron.statistics.onlinestatisticsprovider.read(kryo,input);False;False;0.9034152775648784;0.09658472243512224
metron-analytics\metron-statistics\src\main\java\org\apache\metron\statistics\onlinestatisticsprovider.java@org.apache.metron.statistics.onlinestatisticsprovider.write(kryo,output);False;False;0.9034152775648784;0.09658472243512224
metron-analytics\metron-statistics\src\main\java\org\apache\metron\statistics\stellarstatisticsfunctions.java@org.apache.metron.statistics.add.apply(list);False;False;0.9034152775648784;0.09658472243512224
metron-analytics\metron-statistics\src\main\java\org\apache\metron\statistics\stellarstatisticsfunctions.java@org.apache.metron.statistics.count.apply(list);False;False;0.9034152775648784;0.09658472243512224
metron-analytics\metron-statistics\src\main\java\org\apache\metron\statistics\stellarstatisticsfunctions.java@org.apache.metron.statistics.geometricmean.apply(list);False;False;0.9034152775648784;0.09658472243512224
metron-analytics\metron-statistics\src\main\java\org\apache\metron\statistics\stellarstatisticsfunctions.java@org.apache.metron.statistics.init.apply(list);False;False;0.9034152775648784;0.09658472243512224
metron-analytics\metron-statistics\src\main\java\org\apache\metron\statistics\stellarstatisticsfunctions.java@org.apache.metron.statistics.kurtosis.apply(list);False;False;0.9034152775648784;0.09658472243512224
metron-analytics\metron-statistics\src\main\java\org\apache\metron\statistics\stellarstatisticsfunctions.java@org.apache.metron.statistics.max.apply(list);False;False;0.9034152775648784;0.09658472243512224
metron-analytics\metron-statistics\src\main\java\org\apache\metron\statistics\stellarstatisticsfunctions.java@org.apache.metron.statistics.mean.apply(list);False;False;0.9034152775648784;0.09658472243512224
metron-analytics\metron-statistics\src\main\java\org\apache\metron\statistics\stellarstatisticsfunctions.java@org.apache.metron.statistics.merge.apply(list);False;False;0.9034152775648784;0.09658472243512224
metron-analytics\metron-statistics\src\main\java\org\apache\metron\statistics\stellarstatisticsfunctions.java@org.apache.metron.statistics.min.apply(list);False;False;0.9034152775648784;0.09658472243512224
metron-analytics\metron-statistics\src\main\java\org\apache\metron\statistics\stellarstatisticsfunctions.java@org.apache.metron.statistics.percentile.apply(list);False;False;0.9034152775648784;0.09658472243512224
metron-analytics\metron-statistics\src\main\java\org\apache\metron\statistics\stellarstatisticsfunctions.java@org.apache.metron.statistics.populationvariance.apply(list);False;False;0.9034152775648784;0.09658472243512224
metron-analytics\metron-statistics\src\main\java\org\apache\metron\statistics\stellarstatisticsfunctions.java@org.apache.metron.statistics.quadraticmean.apply(list);False;False;0.9034152775648784;0.09658472243512224
metron-analytics\metron-statistics\src\main\java\org\apache\metron\statistics\stellarstatisticsfunctions.java@org.apache.metron.statistics.skewness.apply(list);False;False;0.9034152775648784;0.09658472243512224
metron-analytics\metron-statistics\src\main\java\org\apache\metron\statistics\stellarstatisticsfunctions.java@org.apache.metron.statistics.standarddeviation.apply(list);False;False;0.9034152775648784;0.09658472243512224
metron-analytics\metron-statistics\src\main\java\org\apache\metron\statistics\stellarstatisticsfunctions.java@org.apache.metron.statistics.statsbin.binsplits(list);False;False;0.9034152775648784;0.09658472243512224
metron-analytics\metron-statistics\src\main\java\org\apache\metron\statistics\stellarstatisticsfunctions.java@org.apache.metron.statistics.statsbin.apply(list);False;False;0.9034152775648784;0.09658472243512224
metron-analytics\metron-statistics\src\main\java\org\apache\metron\statistics\stellarstatisticsfunctions.java@org.apache.metron.statistics.statsbin.getsplit(object);False;False;0.9620166666666666;0.037983333333333334
metron-analytics\metron-statistics\src\main\java\org\apache\metron\statistics\stellarstatisticsfunctions.java@org.apache.metron.statistics.stellarstatisticsfunctions.binsplits(list);False;False;0.9034152775648784;0.09658472243512224
metron-analytics\metron-statistics\src\main\java\org\apache\metron\statistics\stellarstatisticsfunctions.java@org.apache.metron.statistics.stellarstatisticsfunctions.apply(list);False;False;0.9034152775648784;0.09658472243512224
metron-analytics\metron-statistics\src\main\java\org\apache\metron\statistics\stellarstatisticsfunctions.java@org.apache.metron.statistics.stellarstatisticsfunctions.getsplit(object);False;False;0.9034152775648784;0.09658472243512224
metron-analytics\metron-statistics\src\main\java\org\apache\metron\statistics\stellarstatisticsfunctions.java@org.apache.metron.statistics.stellarstatisticsfunctions.statsinit(list);False;False;0.9034152775648784;0.09658472243512224
metron-analytics\metron-statistics\src\main\java\org\apache\metron\statistics\stellarstatisticsfunctions.java@org.apache.metron.statistics.sum.apply(list);False;False;0.9034152775648784;0.09658472243512224
metron-analytics\metron-statistics\src\main\java\org\apache\metron\statistics\stellarstatisticsfunctions.java@org.apache.metron.statistics.sumlogs.apply(list);False;False;0.9034152775648784;0.09658472243512224
metron-analytics\metron-statistics\src\main\java\org\apache\metron\statistics\stellarstatisticsfunctions.java@org.apache.metron.statistics.sumsquares.apply(list);False;False;0.9034152775648784;0.09658472243512224
metron-analytics\metron-statistics\src\main\java\org\apache\metron\statistics\stellarstatisticsfunctions.java@org.apache.metron.statistics.variance.apply(list);False;False;0.9034152775648784;0.09658472243512224
metron-analytics\metron-statistics\src\main\java\org\apache\metron\statistics\windowedstatisticsprovider.java@org.apache.metron.statistics.windowedstatisticsprovider.windowedstatisticsprovider(int);False;False;0.9034152775648784;0.09658472243512224
metron-analytics\metron-statistics\src\main\java\org\apache\metron\statistics\windowedstatisticsprovider.java@org.apache.metron.statistics.windowedstatisticsprovider.addvalue(double);False;False;0.999;0.001
metron-analytics\metron-statistics\src\main\java\org\apache\metron\statistics\windowedstatisticsprovider.java@org.apache.metron.statistics.windowedstatisticsprovider.equals(object);False;False;0.993;0.007
metron-analytics\metron-statistics\src\main\java\org\apache\metron\statistics\windowedstatisticsprovider.java@org.apache.metron.statistics.windowedstatisticsprovider.getcount();False;False;1.0;0.0
metron-analytics\metron-statistics\src\main\java\org\apache\metron\statistics\windowedstatisticsprovider.java@org.apache.metron.statistics.windowedstatisticsprovider.getgeometricmean();False;False;1.0;0.0
metron-analytics\metron-statistics\src\main\java\org\apache\metron\statistics\windowedstatisticsprovider.java@org.apache.metron.statistics.windowedstatisticsprovider.getkurtosis();False;False;1.0;0.0
metron-analytics\metron-statistics\src\main\java\org\apache\metron\statistics\windowedstatisticsprovider.java@org.apache.metron.statistics.windowedstatisticsprovider.getmax();False;False;1.0;0.0
metron-analytics\metron-statistics\src\main\java\org\apache\metron\statistics\windowedstatisticsprovider.java@org.apache.metron.statistics.windowedstatisticsprovider.getmean();False;False;1.0;0.0
metron-analytics\metron-statistics\src\main\java\org\apache\metron\statistics\windowedstatisticsprovider.java@org.apache.metron.statistics.windowedstatisticsprovider.getmin();False;False;1.0;0.0
metron-analytics\metron-statistics\src\main\java\org\apache\metron\statistics\windowedstatisticsprovider.java@org.apache.metron.statistics.windowedstatisticsprovider.getpercentile(double);False;False;1.0;0.0
metron-analytics\metron-statistics\src\main\java\org\apache\metron\statistics\windowedstatisticsprovider.java@org.apache.metron.statistics.windowedstatisticsprovider.getpopulationvariance();False;False;1.0;0.0
metron-analytics\metron-statistics\src\main\java\org\apache\metron\statistics\windowedstatisticsprovider.java@org.apache.metron.statistics.windowedstatisticsprovider.getquadraticmean();False;False;1.0;0.0
metron-analytics\metron-statistics\src\main\java\org\apache\metron\statistics\windowedstatisticsprovider.java@org.apache.metron.statistics.windowedstatisticsprovider.getskewness();False;False;1.0;0.0
metron-analytics\metron-statistics\src\main\java\org\apache\metron\statistics\windowedstatisticsprovider.java@org.apache.metron.statistics.windowedstatisticsprovider.getstandarddeviation();False;False;1.0;0.0
metron-analytics\metron-statistics\src\main\java\org\apache\metron\statistics\windowedstatisticsprovider.java@org.apache.metron.statistics.windowedstatisticsprovider.getsum();False;False;1.0;0.0
metron-analytics\metron-statistics\src\main\java\org\apache\metron\statistics\windowedstatisticsprovider.java@org.apache.metron.statistics.windowedstatisticsprovider.getsumlogs();False;False;1.0;0.0
metron-analytics\metron-statistics\src\main\java\org\apache\metron\statistics\windowedstatisticsprovider.java@org.apache.metron.statistics.windowedstatisticsprovider.getsumsquares();False;False;1.0;0.0
metron-analytics\metron-statistics\src\main\java\org\apache\metron\statistics\windowedstatisticsprovider.java@org.apache.metron.statistics.windowedstatisticsprovider.getvariance();False;False;1.0;0.0
metron-analytics\metron-statistics\src\main\java\org\apache\metron\statistics\windowedstatisticsprovider.java@org.apache.metron.statistics.windowedstatisticsprovider.hashcode();False;False;0.9423444444444441;0.05765555555555558
metron-analytics\metron-statistics\src\main\java\org\apache\metron\statistics\windowedstatisticsprovider.java@org.apache.metron.statistics.windowedstatisticsprovider.merge(statisticsprovider);False;False;0.957;0.043
metron-analytics\metron-statistics\src\main\java\org\apache\metron\statistics\approximation\hllpmeasurement.java@org.apache.metron.statistics.approximation.hllpmeasurement.measureresultformatter(descriptivestatistics,function,double);False;False;0.9034152775648784;0.09658472243512224
metron-analytics\metron-statistics\src\main\java\org\apache\metron\statistics\approximation\hllpmeasurement.java@org.apache.metron.statistics.approximation.hllpmeasurement.measureresultformatter(descriptivestatistics,function,double,boolean,string);False;False;0.9034152775648784;0.09658472243512224
metron-analytics\metron-statistics\src\main\java\org\apache\metron\statistics\approximation\hllpmeasurement.java@org.apache.metron.statistics.approximation.hllpmeasurement.parseroptions(string,function);False;False;0.9034152775648784;0.09658472243512224
metron-analytics\metron-statistics\src\main\java\org\apache\metron\statistics\approximation\hllpmeasurement.java@org.apache.metron.statistics.approximation.hllpmeasurement.buildtrialset(int);False;False;0.98;0.02
metron-analytics\metron-statistics\src\main\java\org\apache\metron\statistics\approximation\hllpmeasurement.java@org.apache.metron.statistics.approximation.hllpmeasurement.formatwithpadding(string[],int[],string);False;False;0.9034152775648784;0.09658472243512224
metron-analytics\metron-statistics\src\main\java\org\apache\metron\statistics\approximation\hllpmeasurement.java@org.apache.metron.statistics.approximation.hllpmeasurement.formatwithpadding(string[],int[],string,string);False;False;0.9034152775648784;0.09658472243512224
metron-analytics\metron-statistics\src\main\java\org\apache\metron\statistics\approximation\hllpmeasurement.java@org.apache.metron.statistics.approximation.hllpmeasurement.get(commandline);False;False;1.0;0.0
metron-analytics\metron-statistics\src\main\java\org\apache\metron\statistics\approximation\hllpmeasurement.java@org.apache.metron.statistics.approximation.hllpmeasurement.get(commandline,string);False;False;0.9034152775648784;0.09658472243512224
metron-analytics\metron-statistics\src\main\java\org\apache\metron\statistics\approximation\hllpmeasurement.java@org.apache.metron.statistics.approximation.hllpmeasurement.getformattedresults();False;False;0.9905833333333334;0.009416666666666669
metron-analytics\metron-statistics\src\main\java\org\apache\metron\statistics\approximation\hllpmeasurement.java@org.apache.metron.statistics.approximation.hllpmeasurement.getmax();False;False;0.9034152775648784;0.09658472243512224
metron-analytics\metron-statistics\src\main\java\org\apache\metron\statistics\approximation\hllpmeasurement.java@org.apache.metron.statistics.approximation.hllpmeasurement.getmin();False;False;0.9034152775648784;0.09658472243512224
metron-analytics\metron-statistics\src\main\java\org\apache\metron\statistics\approximation\hllpmeasurement.java@org.apache.metron.statistics.approximation.hllpmeasurement.getoptions();False;False;1.0;0.0
metron-analytics\metron-statistics\src\main\java\org\apache\metron\statistics\approximation\hllpmeasurement.java@org.apache.metron.statistics.approximation.hllpmeasurement.getpercentile();False;False;0.9034152775648784;0.09658472243512224
metron-analytics\metron-statistics\src\main\java\org\apache\metron\statistics\approximation\hllpmeasurement.java@org.apache.metron.statistics.approximation.hllpmeasurement.getstd();False;False;0.9034152775648784;0.09658472243512224
metron-analytics\metron-statistics\src\main\java\org\apache\metron\statistics\approximation\hllpmeasurement.java@org.apache.metron.statistics.approximation.hllpmeasurement.has(commandline);False;False;1.0;0.0
metron-analytics\metron-statistics\src\main\java\org\apache\metron\statistics\approximation\hllpmeasurement.java@org.apache.metron.statistics.approximation.hllpmeasurement.main(string[]);False;False;0.9034152775648784;0.09658472243512224
metron-analytics\metron-statistics\src\main\java\org\apache\metron\statistics\approximation\hllpmeasurement.java@org.apache.metron.statistics.approximation.hllpmeasurement.parse(commandlineparser,string[]);False;False;0.9034152775648784;0.09658472243512224
metron-analytics\metron-statistics\src\main\java\org\apache\metron\statistics\approximation\hllpmeasurement.java@org.apache.metron.statistics.approximation.hllpmeasurement.printchartspacer(int,int[],string,string);False;False;0.9034152775648784;0.09658472243512224
metron-analytics\metron-statistics\src\main\java\org\apache\metron\statistics\approximation\hllpmeasurement.java@org.apache.metron.statistics.approximation.hllpmeasurement.printdescription();False;False;0.981;0.019
metron-analytics\metron-statistics\src\main\java\org\apache\metron\statistics\approximation\hllpmeasurement.java@org.apache.metron.statistics.approximation.hllpmeasurement.printheaderrow(string[],int[],string);False;False;0.9034152775648784;0.09658472243512224
metron-analytics\metron-statistics\src\main\java\org\apache\metron\statistics\approximation\hllpmeasurement.java@org.apache.metron.statistics.approximation.hllpmeasurement.printheading(string[],string[],int[],string);False;False;0.9034152775648784;0.09658472243512224
metron-analytics\metron-statistics\src\main\java\org\apache\metron\statistics\approximation\hllpmeasurement.java@org.apache.metron.statistics.approximation.hllpmeasurement.printheadingkey(string[]);False;False;0.9034152775648784;0.09658472243512224
metron-analytics\metron-statistics\src\main\java\org\apache\metron\statistics\approximation\hllpmeasurement.java@org.apache.metron.statistics.approximation.hllpmeasurement.printhelp();False;False;1.0;0.0
metron-analytics\metron-statistics\src\main\java\org\apache\metron\statistics\approximation\hllpmeasurement.java@org.apache.metron.statistics.approximation.hllpmeasurement.println(string);False;False;0.9989098165723166;0.0010901834276834277
metron-analytics\metron-statistics\src\main\java\org\apache\metron\statistics\approximation\hllpmeasurement.java@org.apache.metron.statistics.approximation.hllpmeasurement.showstandarddeviation(boolean);False;False;0.9034152775648784;0.09658472243512224
metron-analytics\metron-statistics\src\main\java\org\apache\metron\statistics\approximation\hllpmeasurement.java@org.apache.metron.statistics.approximation.measureresultformatter.measureresultformatter(descriptivestatistics,function,double);False;False;0.9034152775648784;0.09658472243512224
metron-analytics\metron-statistics\src\main\java\org\apache\metron\statistics\approximation\hllpmeasurement.java@org.apache.metron.statistics.approximation.measureresultformatter.measureresultformatter(descriptivestatistics,function,double,boolean,string);False;False;0.9034152775648784;0.09658472243512224
metron-analytics\metron-statistics\src\main\java\org\apache\metron\statistics\approximation\hllpmeasurement.java@org.apache.metron.statistics.approximation.measureresultformatter.getformattedresults();False;False;1.0;0.0
metron-analytics\metron-statistics\src\main\java\org\apache\metron\statistics\approximation\hllpmeasurement.java@org.apache.metron.statistics.approximation.measureresultformatter.getmax();False;False;1.0;0.0
metron-analytics\metron-statistics\src\main\java\org\apache\metron\statistics\approximation\hllpmeasurement.java@org.apache.metron.statistics.approximation.measureresultformatter.getmin();False;False;1.0;0.0
metron-analytics\metron-statistics\src\main\java\org\apache\metron\statistics\approximation\hllpmeasurement.java@org.apache.metron.statistics.approximation.measureresultformatter.getpercentile();False;False;1.0;0.0
metron-analytics\metron-statistics\src\main\java\org\apache\metron\statistics\approximation\hllpmeasurement.java@org.apache.metron.statistics.approximation.measureresultformatter.getstd();False;False;1.0;0.0
metron-analytics\metron-statistics\src\main\java\org\apache\metron\statistics\approximation\hllpmeasurement.java@org.apache.metron.statistics.approximation.measureresultformatter.showstandarddeviation(boolean);False;False;1.0;0.0
metron-analytics\metron-statistics\src\main\java\org\apache\metron\statistics\approximation\hyperloglogplus.java@org.apache.metron.statistics.approximation.hyperloglogplus.hyperloglogplus();False;False;0.9034152775648784;0.09658472243512224
metron-analytics\metron-statistics\src\main\java\org\apache\metron\statistics\approximation\hyperloglogplus.java@org.apache.metron.statistics.approximation.hyperloglogplus.hyperloglogplus(int);False;False;0.9034152775648784;0.09658472243512224
metron-analytics\metron-statistics\src\main\java\org\apache\metron\statistics\approximation\hyperloglogplus.java@org.apache.metron.statistics.approximation.hyperloglogplus.hyperloglogplus(int,int);False;False;0.9034152775648784;0.09658472243512224
metron-analytics\metron-statistics\src\main\java\org\apache\metron\statistics\approximation\hyperloglogplus.java@org.apache.metron.statistics.approximation.hyperloglogplus.hyperloglogplus(int,int,com);False;False;0.9034152775648784;0.09658472243512224
metron-analytics\metron-statistics\src\main\java\org\apache\metron\statistics\approximation\hyperloglogplus.java@org.apache.metron.statistics.approximation.hyperloglogplus.add(object);False;False;1.0;0.0
metron-analytics\metron-statistics\src\main\java\org\apache\metron\statistics\approximation\hyperloglogplus.java@org.apache.metron.statistics.approximation.hyperloglogplus.addall(list);False;False;0.9034152775648784;0.09658472243512224
metron-analytics\metron-statistics\src\main\java\org\apache\metron\statistics\approximation\hyperloglogplus.java@org.apache.metron.statistics.approximation.hyperloglogplus.cardinality();False;False;1.0;0.0
metron-analytics\metron-statistics\src\main\java\org\apache\metron\statistics\approximation\hyperloglogplus.java@org.apache.metron.statistics.approximation.hyperloglogplus.equals(object);False;False;0.896;0.104
metron-analytics\metron-statistics\src\main\java\org\apache\metron\statistics\approximation\hyperloglogplus.java@org.apache.metron.statistics.approximation.hyperloglogplus.getp();False;False;0.9870016977227632;0.012998302277236747
metron-analytics\metron-statistics\src\main\java\org\apache\metron\statistics\approximation\hyperloglogplus.java@org.apache.metron.statistics.approximation.hyperloglogplus.getsp();False;False;0.9845;0.0155
metron-analytics\metron-statistics\src\main\java\org\apache\metron\statistics\approximation\hyperloglogplus.java@org.apache.metron.statistics.approximation.hyperloglogplus.hashcode();False;False;1.0;0.0
metron-analytics\metron-statistics\src\main\java\org\apache\metron\statistics\approximation\hyperloglogplus.java@org.apache.metron.statistics.approximation.hyperloglogplus.merge(list);False;False;0.9034152775648784;0.09658472243512224
metron-analytics\metron-statistics\src\main\java\org\apache\metron\statistics\approximation\hyperloglogplusfunctions.java@org.apache.metron.statistics.approximation.hllpadd.apply(list);False;False;0.9034152775648784;0.09658472243512224
metron-analytics\metron-statistics\src\main\java\org\apache\metron\statistics\approximation\hyperloglogplusfunctions.java@org.apache.metron.statistics.approximation.hllpcardinality.apply(list);False;False;0.9034152775648784;0.09658472243512224
metron-analytics\metron-statistics\src\main\java\org\apache\metron\statistics\approximation\hyperloglogplusfunctions.java@org.apache.metron.statistics.approximation.hllpinit.apply(list);False;False;0.9034152775648784;0.09658472243512224
metron-analytics\metron-statistics\src\main\java\org\apache\metron\statistics\approximation\hyperloglogplusfunctions.java@org.apache.metron.statistics.approximation.hllpmerge.apply(list);False;False;0.9034152775648784;0.09658472243512224
metron-analytics\metron-statistics\src\main\java\org\apache\metron\statistics\approximation\hyperloglogplusfunctions.java@org.apache.metron.statistics.approximation.hllpmerge.getestimatorsfromindex(list,int);False;False;0.9034152775648784;0.09658472243512224
metron-analytics\metron-statistics\src\main\java\org\apache\metron\statistics\approximation\hyperloglogplusfunctions.java@org.apache.metron.statistics.approximation.hyperloglogplusfunctions.apply(list);False;False;0.9034152775648784;0.09658472243512224
metron-analytics\metron-statistics\src\main\java\org\apache\metron\statistics\approximation\hyperloglogplusfunctions.java@org.apache.metron.statistics.approximation.hyperloglogplusfunctions.getestimatorsfromindex(list,int);False;False;0.9034152775648784;0.09658472243512224
metron-analytics\metron-statistics\src\main\java\org\apache\metron\statistics\informationtheory\informationtheoryfunctions.java@org.apache.metron.statistics.informationtheory.entropy.apply(list);False;False;0.9034152775648784;0.09658472243512224
metron-analytics\metron-statistics\src\main\java\org\apache\metron\statistics\informationtheory\informationtheoryfunctions.java@org.apache.metron.statistics.informationtheory.informationtheoryfunctions.apply(list);False;False;0.9034152775648784;0.09658472243512224
metron-analytics\metron-statistics\src\main\java\org\apache\metron\statistics\outlier\medianabsolutedeviationfunctions.java@org.apache.metron.statistics.outlier.medianabsolutedeviationfunctions.state();False;False;0.9034152775648784;0.09658472243512224
metron-analytics\metron-statistics\src\main\java\org\apache\metron\statistics\outlier\medianabsolutedeviationfunctions.java@org.apache.metron.statistics.outlier.medianabsolutedeviationfunctions.state(optional,optional);False;False;0.9034152775648784;0.09658472243512224
metron-analytics\metron-statistics\src\main\java\org\apache\metron\statistics\outlier\medianabsolutedeviationfunctions.java@org.apache.metron.statistics.outlier.medianabsolutedeviationfunctions.add(double);False;False;0.9815;0.0185
metron-analytics\metron-statistics\src\main\java\org\apache\metron\statistics\outlier\medianabsolutedeviationfunctions.java@org.apache.metron.statistics.outlier.medianabsolutedeviationfunctions.apply(list,context);False;False;0.9034152775648784;0.09658472243512224
metron-analytics\metron-statistics\src\main\java\org\apache\metron\statistics\outlier\medianabsolutedeviationfunctions.java@org.apache.metron.statistics.outlier.medianabsolutedeviationfunctions.isinitialized();False;False;1.0;0.0
metron-analytics\metron-statistics\src\main\java\org\apache\metron\statistics\outlier\medianabsolutedeviationfunctions.java@org.apache.metron.statistics.outlier.pointupdate.apply(list,context);False;False;0.9034152775648784;0.09658472243512224
metron-analytics\metron-statistics\src\main\java\org\apache\metron\statistics\outlier\medianabsolutedeviationfunctions.java@org.apache.metron.statistics.outlier.pointupdate.isinitialized();False;False;1.0;0.0
metron-analytics\metron-statistics\src\main\java\org\apache\metron\statistics\outlier\medianabsolutedeviationfunctions.java@org.apache.metron.statistics.outlier.score.apply(list,context);False;False;0.9034152775648784;0.09658472243512224
metron-analytics\metron-statistics\src\main\java\org\apache\metron\statistics\outlier\medianabsolutedeviationfunctions.java@org.apache.metron.statistics.outlier.score.isinitialized();False;False;0.9851351218008023;0.014864878199197096
metron-analytics\metron-statistics\src\main\java\org\apache\metron\statistics\outlier\medianabsolutedeviationfunctions.java@org.apache.metron.statistics.outlier.state.state();False;False;0.9034152775648784;0.09658472243512224
metron-analytics\metron-statistics\src\main\java\org\apache\metron\statistics\outlier\medianabsolutedeviationfunctions.java@org.apache.metron.statistics.outlier.state.state(optional,optional);False;False;0.9034152775648784;0.09658472243512224
metron-analytics\metron-statistics\src\main\java\org\apache\metron\statistics\outlier\medianabsolutedeviationfunctions.java@org.apache.metron.statistics.outlier.state.add(double);False;False;0.9034152775648784;0.09658472243512224
metron-analytics\metron-statistics\src\main\java\org\apache\metron\statistics\outlier\medianabsolutedeviationfunctions.java@org.apache.metron.statistics.outlier.stateupdate.apply(list,context);False;False;0.9034152775648784;0.09658472243512224
metron-analytics\metron-statistics\src\main\java\org\apache\metron\statistics\outlier\medianabsolutedeviationfunctions.java@org.apache.metron.statistics.outlier.stateupdate.isinitialized();False;False;0.9851351218008023;0.014864878199197096
metron-analytics\metron-statistics\src\main\java\org\apache\metron\statistics\sampling\samplinginitfunctions.java@org.apache.metron.statistics.sampling.samplinginitfunctions.apply(list,context);False;False;0.9034152775648784;0.09658472243512224
metron-analytics\metron-statistics\src\main\java\org\apache\metron\statistics\sampling\samplinginitfunctions.java@org.apache.metron.statistics.sampling.samplinginitfunctions.get(list,int,string,class);False;False;0.9034152775648784;0.09658472243512224
metron-analytics\metron-statistics\src\main\java\org\apache\metron\statistics\sampling\samplinginitfunctions.java@org.apache.metron.statistics.sampling.samplinginitfunctions.isinitialized();False;False;1.0;0.0
metron-analytics\metron-statistics\src\main\java\org\apache\metron\statistics\sampling\samplinginitfunctions.java@org.apache.metron.statistics.sampling.uniformsamplerinit.apply(list,context);False;False;0.9034152775648784;0.09658472243512224
metron-analytics\metron-statistics\src\main\java\org\apache\metron\statistics\sampling\samplinginitfunctions.java@org.apache.metron.statistics.sampling.uniformsamplerinit.isinitialized();False;False;0.9851351218008023;0.014864878199197096
metron-analytics\metron-statistics\src\main\java\org\apache\metron\statistics\sampling\samplingopsfunctions.java@org.apache.metron.statistics.sampling.add.apply(list,context);False;False;0.9034152775648784;0.09658472243512224
metron-analytics\metron-statistics\src\main\java\org\apache\metron\statistics\sampling\samplingopsfunctions.java@org.apache.metron.statistics.sampling.add.isinitialized();False;False;1.0;0.0
metron-analytics\metron-statistics\src\main\java\org\apache\metron\statistics\sampling\samplingopsfunctions.java@org.apache.metron.statistics.sampling.get.apply(list,context);False;False;0.9034152775648784;0.09658472243512224
metron-analytics\metron-statistics\src\main\java\org\apache\metron\statistics\sampling\samplingopsfunctions.java@org.apache.metron.statistics.sampling.get.isinitialized();False;False;0.9851351218008023;0.014864878199197096
metron-analytics\metron-statistics\src\main\java\org\apache\metron\statistics\sampling\samplingopsfunctions.java@org.apache.metron.statistics.sampling.merge.apply(list,context);False;False;0.9034152775648784;0.09658472243512224
metron-analytics\metron-statistics\src\main\java\org\apache\metron\statistics\sampling\samplingopsfunctions.java@org.apache.metron.statistics.sampling.merge.isinitialized();False;False;0.9851351218008023;0.014864878199197096
metron-analytics\metron-statistics\src\main\java\org\apache\metron\statistics\sampling\samplingopsfunctions.java@org.apache.metron.statistics.sampling.samplingopsfunctions.apply(list,context);False;False;0.9034152775648784;0.09658472243512224
metron-analytics\metron-statistics\src\main\java\org\apache\metron\statistics\sampling\samplingopsfunctions.java@org.apache.metron.statistics.sampling.samplingopsfunctions.isinitialized();False;False;0.818;0.182
metron-analytics\metron-statistics\src\main\java\org\apache\metron\statistics\sampling\uniformsampler.java@org.apache.metron.statistics.sampling.uniformsampler.uniformsampler();False;False;0.9034152775648784;0.09658472243512224
metron-analytics\metron-statistics\src\main\java\org\apache\metron\statistics\sampling\uniformsampler.java@org.apache.metron.statistics.sampling.uniformsampler.uniformsampler(int);False;False;0.9034152775648784;0.09658472243512224
metron-analytics\metron-statistics\src\main\java\org\apache\metron\statistics\sampling\uniformsampler.java@org.apache.metron.statistics.sampling.uniformsampler.add(object);False;False;0.9640666666666666;0.03593333333333333
metron-analytics\metron-statistics\src\main\java\org\apache\metron\statistics\sampling\uniformsampler.java@org.apache.metron.statistics.sampling.uniformsampler.cloneempty();False;False;0.9985284992784993;0.0014715007215007215
metron-analytics\metron-statistics\src\main\java\org\apache\metron\statistics\sampling\uniformsampler.java@org.apache.metron.statistics.sampling.uniformsampler.equals(object);False;False;1.0;0.0
metron-analytics\metron-statistics\src\main\java\org\apache\metron\statistics\sampling\uniformsampler.java@org.apache.metron.statistics.sampling.uniformsampler.get();False;False;0.998;0.002
metron-analytics\metron-statistics\src\main\java\org\apache\metron\statistics\sampling\uniformsampler.java@org.apache.metron.statistics.sampling.uniformsampler.getsize();False;False;0.9870016977227632;0.012998302277236747
metron-analytics\metron-statistics\src\main\java\org\apache\metron\statistics\sampling\uniformsampler.java@org.apache.metron.statistics.sampling.uniformsampler.hashcode();False;False;0.9916666666666666;0.008333333333333333
metron-analytics\metron-statistics\src\test\java\org\apache\metron\statistics\binfunctionstest.java@org.apache.metron.statistics.binfunctionstest.run(string,map);False;False;0.9034152775648784;0.09658472243512224
metron-analytics\metron-statistics\src\test\java\org\apache\metron\statistics\binfunctionstest.java@org.apache.metron.statistics.binfunctionstest.testbin();False;False;0.995;0.005
metron-analytics\metron-statistics\src\test\java\org\apache\metron\statistics\onlinestatisticsprovidertest.java@org.apache.metron.statistics.onlinestatisticsprovidertest.testnormallydistributedrandomdata();False;False;0.998;0.002
metron-analytics\metron-statistics\src\test\java\org\apache\metron\statistics\onlinestatisticsprovidertest.java@org.apache.metron.statistics.onlinestatisticsprovidertest.testnormallydistributedrandomdataallnegative();False;False;1.0;0.0
metron-analytics\metron-statistics\src\test\java\org\apache\metron\statistics\onlinestatisticsprovidertest.java@org.apache.metron.statistics.onlinestatisticsprovidertest.testnormallydistributedrandomdatashifted();False;False;1.0;0.0
metron-analytics\metron-statistics\src\test\java\org\apache\metron\statistics\onlinestatisticsprovidertest.java@org.apache.metron.statistics.onlinestatisticsprovidertest.testnormallydistributedrandomdatashiftedbackwards();False;False;1.0;0.0
metron-analytics\metron-statistics\src\test\java\org\apache\metron\statistics\onlinestatisticsprovidertest.java@org.apache.metron.statistics.onlinestatisticsprovidertest.testnormallydistributedrandomdataskewed();False;False;0.998;0.002
metron-analytics\metron-statistics\src\test\java\org\apache\metron\statistics\onlinestatisticsprovidertest.java@org.apache.metron.statistics.onlinestatisticsprovidertest.testoverflow();False;False;0.999;0.001
metron-analytics\metron-statistics\src\test\java\org\apache\metron\statistics\onlinestatisticsprovidertest.java@org.apache.metron.statistics.onlinestatisticsprovidertest.testunderflow();False;False;0.988;0.012
metron-analytics\metron-statistics\src\test\java\org\apache\metron\statistics\onlinestatisticsprovidertest.java@org.apache.metron.statistics.onlinestatisticsprovidertest.testuniformlydistributedrandomdata();False;False;0.996;0.004
metron-analytics\metron-statistics\src\test\java\org\apache\metron\statistics\onlinestatisticsprovidertest.java@org.apache.metron.statistics.onlinestatisticsprovidertest.validateequality(iterable);False;False;0.9034152775648784;0.09658472243512224
metron-analytics\metron-statistics\src\test\java\org\apache\metron\statistics\onlinestatisticsprovidertest.java@org.apache.metron.statistics.onlinestatisticsprovidertest.validatestatisticsprovider(statisticsprovider,summarystatistics,descriptivestatistics);False;False;0.9034152775648784;0.09658472243512224
metron-analytics\metron-statistics\src\test\java\org\apache\metron\statistics\statisticalbinningperformancedriver.java@org.apache.metron.statistics.statisticalbinningperformancedriver.main(string);False;False;0.992;0.008
metron-analytics\metron-statistics\src\test\java\org\apache\metron\statistics\stellarstatisticsfunctionstest.java@org.apache.metron.statistics.stellarstatisticsfunctionstest.stellarstatisticsfunctionstest(int);False;False;0.9034152775648784;0.09658472243512224
metron-analytics\metron-statistics\src\test\java\org\apache\metron\statistics\stellarstatisticsfunctionstest.java@org.apache.metron.statistics.stellarstatisticsfunctionstest.data();False;False;0.99;0.01
metron-analytics\metron-statistics\src\test\java\org\apache\metron\statistics\stellarstatisticsfunctionstest.java@org.apache.metron.statistics.stellarstatisticsfunctionstest.ensuredeterminism();False;False;0.987;0.013
metron-analytics\metron-statistics\src\test\java\org\apache\metron\statistics\stellarstatisticsfunctionstest.java@org.apache.metron.statistics.stellarstatisticsfunctionstest.run(string,map);False;False;0.9034152775648784;0.09658472243512224
metron-analytics\metron-statistics\src\test\java\org\apache\metron\statistics\stellarstatisticsfunctionstest.java@org.apache.metron.statistics.stellarstatisticsfunctionstest.setup();False;False;0.9034152775648784;0.09658472243512224
metron-analytics\metron-statistics\src\test\java\org\apache\metron\statistics\stellarstatisticsfunctionstest.java@org.apache.metron.statistics.stellarstatisticsfunctionstest.statsbinrunner(list);False;False;0.9034152775648784;0.09658472243512224
metron-analytics\metron-statistics\src\test\java\org\apache\metron\statistics\stellarstatisticsfunctionstest.java@org.apache.metron.statistics.stellarstatisticsfunctionstest.statsbinrunner(list,string);False;False;0.9034152775648784;0.09658472243512224
metron-analytics\metron-statistics\src\test\java\org\apache\metron\statistics\stellarstatisticsfunctionstest.java@org.apache.metron.statistics.stellarstatisticsfunctionstest.statsinit(int);False;False;0.9034152775648784;0.09658472243512224
metron-analytics\metron-statistics\src\test\java\org\apache\metron\statistics\stellarstatisticsfunctionstest.java@org.apache.metron.statistics.stellarstatisticsfunctionstest.testaddallmanyintegers();False;False;1.0;0.0
metron-analytics\metron-statistics\src\test\java\org\apache\metron\statistics\stellarstatisticsfunctionstest.java@org.apache.metron.statistics.stellarstatisticsfunctionstest.testaddmanyfloats();False;False;1.0;0.0
metron-analytics\metron-statistics\src\test\java\org\apache\metron\statistics\stellarstatisticsfunctionstest.java@org.apache.metron.statistics.stellarstatisticsfunctionstest.testaddmanyintegers();False;False;1.0;0.0
metron-analytics\metron-statistics\src\test\java\org\apache\metron\statistics\stellarstatisticsfunctionstest.java@org.apache.metron.statistics.stellarstatisticsfunctionstest.testallmanyfloat();False;False;1.0;0.0
metron-analytics\metron-statistics\src\test\java\org\apache\metron\statistics\stellarstatisticsfunctionstest.java@org.apache.metron.statistics.stellarstatisticsfunctionstest.testcount();False;False;1.0;0.0
metron-analytics\metron-statistics\src\test\java\org\apache\metron\statistics\stellarstatisticsfunctionstest.java@org.apache.metron.statistics.stellarstatisticsfunctionstest.testgeometricmean();False;False;1.0;0.0
metron-analytics\metron-statistics\src\test\java\org\apache\metron\statistics\stellarstatisticsfunctionstest.java@org.apache.metron.statistics.stellarstatisticsfunctionstest.testkurtosis();False;False;1.0;0.0
metron-analytics\metron-statistics\src\test\java\org\apache\metron\statistics\stellarstatisticsfunctionstest.java@org.apache.metron.statistics.stellarstatisticsfunctionstest.testmax();False;False;1.0;0.0
metron-analytics\metron-statistics\src\test\java\org\apache\metron\statistics\stellarstatisticsfunctionstest.java@org.apache.metron.statistics.stellarstatisticsfunctionstest.testmean();False;False;1.0;0.0
metron-analytics\metron-statistics\src\test\java\org\apache\metron\statistics\stellarstatisticsfunctionstest.java@org.apache.metron.statistics.stellarstatisticsfunctionstest.testmergeproviders();False;False;0.998;0.002
metron-analytics\metron-statistics\src\test\java\org\apache\metron\statistics\stellarstatisticsfunctionstest.java@org.apache.metron.statistics.stellarstatisticsfunctionstest.testmin();False;False;1.0;0.0
metron-analytics\metron-statistics\src\test\java\org\apache\metron\statistics\stellarstatisticsfunctionstest.java@org.apache.metron.statistics.stellarstatisticsfunctionstest.testoverflow();False;False;1.0;0.0
metron-analytics\metron-statistics\src\test\java\org\apache\metron\statistics\stellarstatisticsfunctionstest.java@org.apache.metron.statistics.stellarstatisticsfunctionstest.testpercentilenowindow();False;False;1.0;0.0
metron-analytics\metron-statistics\src\test\java\org\apache\metron\statistics\stellarstatisticsfunctionstest.java@org.apache.metron.statistics.stellarstatisticsfunctionstest.testpercentilewithwindow();False;False;1.0;0.0
metron-analytics\metron-statistics\src\test\java\org\apache\metron\statistics\stellarstatisticsfunctionstest.java@org.apache.metron.statistics.stellarstatisticsfunctionstest.testpopulationvariance();False;False;1.0;0.0
metron-analytics\metron-statistics\src\test\java\org\apache\metron\statistics\stellarstatisticsfunctionstest.java@org.apache.metron.statistics.stellarstatisticsfunctionstest.testquadraticmean();False;False;1.0;0.0
metron-analytics\metron-statistics\src\test\java\org\apache\metron\statistics\stellarstatisticsfunctionstest.java@org.apache.metron.statistics.stellarstatisticsfunctionstest.testskewness();False;False;1.0;0.0
metron-analytics\metron-statistics\src\test\java\org\apache\metron\statistics\stellarstatisticsfunctionstest.java@org.apache.metron.statistics.stellarstatisticsfunctionstest.teststandarddeviation();False;False;1.0;0.0
metron-analytics\metron-statistics\src\test\java\org\apache\metron\statistics\stellarstatisticsfunctionstest.java@org.apache.metron.statistics.stellarstatisticsfunctionstest.teststatsbin();False;False;0.968;0.032
metron-analytics\metron-statistics\src\test\java\org\apache\metron\statistics\stellarstatisticsfunctionstest.java@org.apache.metron.statistics.stellarstatisticsfunctionstest.teststatsbin_singlevalue();False;False;0.993;0.007
metron-analytics\metron-statistics\src\test\java\org\apache\metron\statistics\stellarstatisticsfunctionstest.java@org.apache.metron.statistics.stellarstatisticsfunctionstest.testsum();False;False;1.0;0.0
metron-analytics\metron-statistics\src\test\java\org\apache\metron\statistics\stellarstatisticsfunctionstest.java@org.apache.metron.statistics.stellarstatisticsfunctionstest.testsumlogsnowindow();False;False;0.999;0.001
metron-analytics\metron-statistics\src\test\java\org\apache\metron\statistics\stellarstatisticsfunctionstest.java@org.apache.metron.statistics.stellarstatisticsfunctionstest.testsumlogswithwindow();False;False;0.9975642857142857;0.002435714285714286
metron-analytics\metron-statistics\src\test\java\org\apache\metron\statistics\stellarstatisticsfunctionstest.java@org.apache.metron.statistics.stellarstatisticsfunctionstest.testsumsquares();False;False;1.0;0.0
metron-analytics\metron-statistics\src\test\java\org\apache\metron\statistics\stellarstatisticsfunctionstest.java@org.apache.metron.statistics.stellarstatisticsfunctionstest.testvariance();False;False;1.0;0.0
metron-analytics\metron-statistics\src\test\java\org\apache\metron\statistics\stellarstatisticsfunctionstest.java@org.apache.metron.statistics.stellarstatisticsfunctionstest.testwithnull();False;False;0.978;0.022
metron-analytics\metron-statistics\src\test\java\org\apache\metron\statistics\stellarstatisticsfunctionstest.java@org.apache.metron.statistics.stellarstatisticsfunctionstest.tolerantassertequals(function,statisticsprovider,statisticsprovider);False;False;0.9034152775648784;0.09658472243512224
metron-analytics\metron-statistics\src\test\java\org\apache\metron\statistics\stellarstatisticsfunctionstest.java@org.apache.metron.statistics.stellarstatisticsfunctionstest.tolerantassertequals(function,statisticsprovider,statisticsprovider,double);False;False;0.9034152775648784;0.09658472243512224
metron-analytics\metron-statistics\src\test\java\org\apache\metron\statistics\approximation\hyperloglogplusfunctionsintegrationtest.java@org.apache.metron.statistics.approximation.hyperloglogplusfunctionsintegrationtest.cardinality_gives_distinct_value_estimate_for_default_constructor();False;False;0.988;0.012
metron-analytics\metron-statistics\src\test\java\org\apache\metron\statistics\approximation\hyperloglogplusfunctionsintegrationtest.java@org.apache.metron.statistics.approximation.hyperloglogplusfunctionsintegrationtest.cardinality_gives_distinct_value_estimate_with_precisions_set();False;False;0.999;0.001
metron-analytics\metron-statistics\src\test\java\org\apache\metron\statistics\approximation\hyperloglogplusfunctionsintegrationtest.java@org.apache.metron.statistics.approximation.hyperloglogplusfunctionsintegrationtest.cardinality_of_null_value_is_0();False;False;1.0;0.0
metron-analytics\metron-statistics\src\test\java\org\apache\metron\statistics\approximation\hyperloglogplusfunctionsintegrationtest.java@org.apache.metron.statistics.approximation.hyperloglogplusfunctionsintegrationtest.hllp_add_accepts_multiple_items();False;False;1.0;0.0
metron-analytics\metron-statistics\src\test\java\org\apache\metron\statistics\approximation\hyperloglogplusfunctionsintegrationtest.java@org.apache.metron.statistics.approximation.hyperloglogplusfunctionsintegrationtest.merges_estimators();False;False;0.999;0.001
metron-analytics\metron-statistics\src\test\java\org\apache\metron\statistics\approximation\hyperloglogplusfunctionstest.java@org.apache.metron.statistics.approximation.hyperloglogplusfunctionstest.hllp_add_returns_hllp_with_item_added_to_set();False;False;0.998;0.002
metron-analytics\metron-statistics\src\test\java\org\apache\metron\statistics\approximation\hyperloglogplusfunctionstest.java@org.apache.metron.statistics.approximation.hyperloglogplusfunctionstest.hllp_add_throws_exception_with_incorrect_args();False;False;0.9976666666666666;0.0023333333333333335
metron-analytics\metron-statistics\src\test\java\org\apache\metron\statistics\approximation\hyperloglogplusfunctionstest.java@org.apache.metron.statistics.approximation.hyperloglogplusfunctionstest.hllp_add_with_null_set_inits_and_returns_new_hllp_with_item_added_to_set();False;False;0.979;0.021
metron-analytics\metron-statistics\src\test\java\org\apache\metron\statistics\approximation\hyperloglogplusfunctionstest.java@org.apache.metron.statistics.approximation.hyperloglogplusfunctionstest.hllp_cardinality_returns_0_for_null_set();False;False;1.0;0.0
metron-analytics\metron-statistics\src\test\java\org\apache\metron\statistics\approximation\hyperloglogplusfunctionstest.java@org.apache.metron.statistics.approximation.hyperloglogplusfunctionstest.hllp_cardinality_returns_number_of_distinct_values();False;False;0.9925;0.0075
metron-analytics\metron-statistics\src\test\java\org\apache\metron\statistics\approximation\hyperloglogplusfunctionstest.java@org.apache.metron.statistics.approximation.hyperloglogplusfunctionstest.hllp_init_creates_hyperloglogplus_set();False;False;0.9946666666666666;0.005333333333333333
metron-analytics\metron-statistics\src\test\java\org\apache\metron\statistics\approximation\hyperloglogplusfunctionstest.java@org.apache.metron.statistics.approximation.hyperloglogplusfunctionstest.hllp_init_with_incorrect_args_throws_exception();False;False;1.0;0.0
metron-analytics\metron-statistics\src\test\java\org\apache\metron\statistics\approximation\hyperloglogplusfunctionstest.java@org.apache.metron.statistics.approximation.hyperloglogplusfunctionstest.hllp_merge_combines_hllp_sets();False;False;0.999;0.001
metron-analytics\metron-statistics\src\test\java\org\apache\metron\statistics\approximation\hyperloglogplusfunctionstest.java@org.apache.metron.statistics.approximation.hyperloglogplusfunctionstest.hllp_merge_throws_exception_on_invalid_arguments();False;False;1.0;0.0
metron-analytics\metron-statistics\src\test\java\org\apache\metron\statistics\approximation\hyperloglogplusfunctionstest.java@org.apache.metron.statistics.approximation.hyperloglogplusfunctionstest.hllp_merge_throws_exception_with_no_arguments();False;False;0.997;0.003
metron-analytics\metron-statistics\src\test\java\org\apache\metron\statistics\approximation\hyperloglogplusfunctionstest.java@org.apache.metron.statistics.approximation.hyperloglogplusfunctionstest.hllp_merge_with_single_estimator_acts_as_identity_function();False;False;0.999;0.001
metron-analytics\metron-statistics\src\test\java\org\apache\metron\statistics\approximation\hyperloglogplusfunctionstest.java@org.apache.metron.statistics.approximation.hyperloglogplusfunctionstest.merge_returns_null_if_passed_an_empty_list_to_merge();False;False;0.9645714285714285;0.03542857142857143
metron-analytics\metron-statistics\src\test\java\org\apache\metron\statistics\informationtheory\entropytest.java@org.apache.metron.statistics.informationtheory.entropytest.entropytest();False;False;0.951;0.049
metron-analytics\metron-statistics\src\test\java\org\apache\metron\statistics\outlier\medianabsolutedeviationtest.java@org.apache.metron.statistics.outlier.medianabsolutedeviationtest.assertscoreequals(medianabsolutedeviationfunctions,medianabsolutedeviationfunctions,double);False;False;0.9034152775648784;0.09658472243512224
metron-analytics\metron-statistics\src\test\java\org\apache\metron\statistics\outlier\medianabsolutedeviationtest.java@org.apache.metron.statistics.outlier.medianabsolutedeviationtest.run(string,map);False;False;0.9034152775648784;0.09658472243512224
metron-analytics\metron-statistics\src\test\java\org\apache\metron\statistics\outlier\medianabsolutedeviationtest.java@org.apache.metron.statistics.outlier.medianabsolutedeviationtest.test();False;False;0.979;0.021
metron-analytics\metron-statistics\src\test\java\org\apache\metron\statistics\outlier\medianabsolutedeviationtest.java@org.apache.metron.statistics.outlier.medianabsolutedeviationtest.testlongtailed();False;False;0.979;0.021
metron-analytics\metron-statistics\src\test\java\org\apache\metron\statistics\outlier\medianabsolutedeviationtest.java@org.apache.metron.statistics.outlier.medianabsolutedeviationtest.testserialization();False;False;0.995;0.005
metron-analytics\metron-statistics\src\test\java\org\apache\metron\statistics\sampling\samplerfunctionstest.java@org.apache.metron.statistics.sampling.samplerfunctionstest.beforeclass();False;False;0.9647666666666667;0.035233333333333325
metron-analytics\metron-statistics\src\test\java\org\apache\metron\statistics\sampling\samplerfunctionstest.java@org.apache.metron.statistics.sampling.samplerfunctionstest.testaddall();False;False;0.9790000000000001;0.021
metron-analytics\metron-statistics\src\test\java\org\apache\metron\statistics\sampling\samplerfunctionstest.java@org.apache.metron.statistics.sampling.samplerfunctionstest.testaddsingle();False;False;0.9887;0.0113
metron-analytics\metron-statistics\src\test\java\org\apache\metron\statistics\sampling\samplerfunctionstest.java@org.apache.metron.statistics.sampling.samplerfunctionstest.testget();False;False;0.9955000000000002;0.0045
metron-analytics\metron-statistics\src\test\java\org\apache\metron\statistics\sampling\samplerfunctionstest.java@org.apache.metron.statistics.sampling.samplerfunctionstest.testinvalidinit();False;False;0.999;0.001
metron-analytics\metron-statistics\src\test\java\org\apache\metron\statistics\sampling\samplerfunctionstest.java@org.apache.metron.statistics.sampling.samplerfunctionstest.testmerge();False;False;0.999;0.001
metron-analytics\metron-statistics\src\test\java\org\apache\metron\statistics\sampling\samplerfunctionstest.java@org.apache.metron.statistics.sampling.samplerfunctionstest.testvalidinit_default();False;False;0.986;0.014
metron-analytics\metron-statistics\src\test\java\org\apache\metron\statistics\sampling\samplerfunctionstest.java@org.apache.metron.statistics.sampling.samplerfunctionstest.testvalidinit_withsize();False;False;0.997;0.003
metron-analytics\metron-statistics\src\test\java\org\apache\metron\statistics\sampling\uniformsamplertest.java@org.apache.metron.statistics.sampling.uniformsamplertest.beforeclass();False;False;0.961;0.039
metron-analytics\metron-statistics\src\test\java\org\apache\metron\statistics\sampling\uniformsamplertest.java@org.apache.metron.statistics.sampling.uniformsamplertest.getsubsamples(list);False;False;0.9034152775648784;0.09658472243512224
metron-analytics\metron-statistics\src\test\java\org\apache\metron\statistics\sampling\uniformsamplertest.java@org.apache.metron.statistics.sampling.uniformsamplertest.testgaussiandistributionispreserved();False;False;0.97225;0.02775
metron-analytics\metron-statistics\src\test\java\org\apache\metron\statistics\sampling\uniformsamplertest.java@org.apache.metron.statistics.sampling.uniformsamplertest.testmerge();False;False;0.9914;0.0086
metron-analytics\metron-statistics\src\test\java\org\apache\metron\statistics\sampling\uniformsamplertest.java@org.apache.metron.statistics.sampling.uniformsamplertest.testmergegaussian();False;False;0.998;0.002
metron-analytics\metron-statistics\src\test\java\org\apache\metron\statistics\sampling\uniformsamplertest.java@org.apache.metron.statistics.sampling.uniformsamplertest.testmergeuniform();False;False;0.998;0.002
metron-analytics\metron-statistics\src\test\java\org\apache\metron\statistics\sampling\uniformsamplertest.java@org.apache.metron.statistics.sampling.uniformsamplertest.testuniformdistributionispreserved();False;False;0.97225;0.02775
metron-analytics\metron-statistics\src\test\java\org\apache\metron\statistics\sampling\uniformsamplertest.java@org.apache.metron.statistics.sampling.uniformsamplertest.validatedistribution(sampler,descriptivestatistics);False;False;0.9034152775648784;0.09658472243512224
metron-contrib\metron-performance\src\main\java\org\apache\metron\performance\load\loadgenerator.java@org.apache.metron.performance.load.loadgenerator.main(string[]);False;False;0.9034152775648784;0.09658472243512224
metron-contrib\metron-performance\src\main\java\org\apache\metron\performance\load\loadgenerator.java@org.apache.metron.performance.load.loadgenerator.run();False;False;0.7892333333333333;0.21076666666666669
metron-contrib\metron-performance\src\main\java\org\apache\metron\performance\load\messagegenerator.java@org.apache.metron.performance.load.messagegenerator.messagegenerator(list,sampler);False;False;0.9034152775648784;0.09658472243512224
metron-contrib\metron-performance\src\main\java\org\apache\metron\performance\load\messagegenerator.java@org.apache.metron.performance.load.messagegenerator.get();False;False;0.956;0.044
metron-contrib\metron-performance\src\main\java\org\apache\metron\performance\load\sendtokafka.java@org.apache.metron.performance.load.sendtokafka.sendtokafka(string,long,int,supplier,executorservice,atomiclong,threadlocal);False;False;0.9034152775648784;0.09658472243512224
metron-contrib\metron-performance\src\main\java\org\apache\metron\performance\load\sendtokafka.java@org.apache.metron.performance.load.sendtokafka.run();False;False;0.9034152775648784;0.09658472243512224
metron-contrib\metron-performance\src\main\java\org\apache\metron\performance\load\sendtokafka.java@org.apache.metron.performance.load.sendtokafka.sendtokafka(kafkaproducer,string,string);False;False;0.9034152775648784;0.09658472243512224
metron-contrib\metron-performance\src\main\java\org\apache\metron\performance\load\monitor\abstractmonitor.java@org.apache.metron.performance.load.monitor.abstractmonitor.abstractmonitor(optional);False;False;0.9034152775648784;0.09658472243512224
metron-contrib\metron-performance\src\main\java\org\apache\metron\performance\load\monitor\abstractmonitor.java@org.apache.metron.performance.load.monitor.abstractmonitor.get();False;False;0.9283666666666667;0.07163333333333334
metron-contrib\metron-performance\src\main\java\org\apache\metron\performance\load\monitor\epsgeneratedmonitor.java@org.apache.metron.performance.load.monitor.epsgeneratedmonitor.epsgeneratedmonitor(optional,atomiclong);False;False;0.9034152775648784;0.09658472243512224
metron-contrib\metron-performance\src\main\java\org\apache\metron\performance\load\monitor\epsgeneratedmonitor.java@org.apache.metron.performance.load.monitor.epsgeneratedmonitor.format();False;False;1.0;0.0
metron-contrib\metron-performance\src\main\java\org\apache\metron\performance\load\monitor\epsgeneratedmonitor.java@org.apache.metron.performance.load.monitor.epsgeneratedmonitor.monitor(double);False;False;0.9368333333333334;0.06316666666666666
metron-contrib\metron-performance\src\main\java\org\apache\metron\performance\load\monitor\epsgeneratedmonitor.java@org.apache.metron.performance.load.monitor.epsgeneratedmonitor.name();False;False;0.999;0.001
metron-contrib\metron-performance\src\main\java\org\apache\metron\performance\load\monitor\epsthroughputwrittenmonitor.java@org.apache.metron.performance.load.monitor.epsthroughputwrittenmonitor.epsthroughputwrittenmonitor(optional,map);False;False;0.9034152775648784;0.09658472243512224
metron-contrib\metron-performance\src\main\java\org\apache\metron\performance\load\monitor\epsthroughputwrittenmonitor.java@org.apache.metron.performance.load.monitor.epsthroughputwrittenmonitor.format();False;False;1.0;0.0
metron-contrib\metron-performance\src\main\java\org\apache\metron\performance\load\monitor\epsthroughputwrittenmonitor.java@org.apache.metron.performance.load.monitor.epsthroughputwrittenmonitor.monitor(double);False;False;0.978;0.022
metron-contrib\metron-performance\src\main\java\org\apache\metron\performance\load\monitor\epsthroughputwrittenmonitor.java@org.apache.metron.performance.load.monitor.epsthroughputwrittenmonitor.name();False;False;0.999;0.001
metron-contrib\metron-performance\src\main\java\org\apache\metron\performance\load\monitor\epsthroughputwrittenmonitor.java@org.apache.metron.performance.load.monitor.epsthroughputwrittenmonitor.writtensince(map,map);False;False;0.9034152775648784;0.09658472243512224
metron-contrib\metron-performance\src\main\java\org\apache\metron\performance\load\monitor\monitortask.java@org.apache.metron.performance.load.monitor.monitortask.monitortask(writer);False;False;0.9034152775648784;0.09658472243512224
metron-contrib\metron-performance\src\main\java\org\apache\metron\performance\load\monitor\monitortask.java@org.apache.metron.performance.load.monitor.monitortask.run();False;False;0.997;0.003
metron-contrib\metron-performance\src\main\java\org\apache\metron\performance\load\monitor\results.java@org.apache.metron.performance.load.monitor.results.results(string,string,long,optional);False;False;0.9034152775648784;0.09658472243512224
metron-contrib\metron-performance\src\main\java\org\apache\metron\performance\load\monitor\results.java@org.apache.metron.performance.load.monitor.results.geteps();False;False;1.0;0.0
metron-contrib\metron-performance\src\main\java\org\apache\metron\performance\load\monitor\results.java@org.apache.metron.performance.load.monitor.results.getformat();False;False;0.9870016977227632;0.012998302277236747
metron-contrib\metron-performance\src\main\java\org\apache\metron\performance\load\monitor\results.java@org.apache.metron.performance.load.monitor.results.gethistory();False;False;1.0;0.0
metron-contrib\metron-performance\src\main\java\org\apache\metron\performance\load\monitor\results.java@org.apache.metron.performance.load.monitor.results.getname();False;False;0.998;0.002
metron-contrib\metron-performance\src\main\java\org\apache\metron\performance\load\monitor\writers\csvwriter.java@org.apache.metron.performance.load.monitor.writers.csvwriter.csvwriter(file);False;False;0.9034152775648784;0.09658472243512224
metron-contrib\metron-performance\src\main\java\org\apache\metron\performance\load\monitor\writers\csvwriter.java@org.apache.metron.performance.load.monitor.writers.csvwriter.accept(writable);False;False;0.9536666666666668;0.04633333333333333
metron-contrib\metron-performance\src\main\java\org\apache\metron\performance\load\monitor\writers\csvwriter.java@org.apache.metron.performance.load.monitor.writers.csvwriter.close();False;False;0.9582999999999999;0.0417
metron-contrib\metron-performance\src\main\java\org\apache\metron\performance\load\monitor\writers\consolewriter.java@org.apache.metron.performance.load.monitor.writers.consolewriter.accept(writable);False;False;0.9325;0.0675
metron-contrib\metron-performance\src\main\java\org\apache\metron\performance\load\monitor\writers\consolewriter.java@org.apache.metron.performance.load.monitor.writers.consolewriter.getsummary(descriptivestatistics);False;False;0.9443333333333334;0.05566666666666666
metron-contrib\metron-performance\src\main\java\org\apache\metron\performance\load\monitor\writers\writable.java@org.apache.metron.performance.load.monitor.writers.writable.writable(date,list);False;False;0.9034152775648784;0.09658472243512224
metron-contrib\metron-performance\src\main\java\org\apache\metron\performance\load\monitor\writers\writable.java@org.apache.metron.performance.load.monitor.writers.writable.getdate();False;False;0.996;0.004
metron-contrib\metron-performance\src\main\java\org\apache\metron\performance\load\monitor\writers\writable.java@org.apache.metron.performance.load.monitor.writers.writable.getresults();False;False;1.0;0.0
metron-contrib\metron-performance\src\main\java\org\apache\metron\performance\load\monitor\writers\writer.java@org.apache.metron.performance.load.monitor.writers.writer.writer(list,int,list);False;False;0.9034152775648784;0.09658472243512224
metron-contrib\metron-performance\src\main\java\org\apache\metron\performance\load\monitor\writers\writer.java@org.apache.metron.performance.load.monitor.writers.writer.addtolookback(double,linkedlist);False;False;0.9034152775648784;0.09658472243512224
metron-contrib\metron-performance\src\main\java\org\apache\metron\performance\load\monitor\writers\writer.java@org.apache.metron.performance.load.monitor.writers.writer.getstats(list);False;False;0.9034152775648784;0.09658472243512224
metron-contrib\metron-performance\src\main\java\org\apache\metron\performance\load\monitor\writers\writer.java@org.apache.metron.performance.load.monitor.writers.writer.writeall();False;False;0.9362416666666666;0.06375833333333333
metron-contrib\metron-performance\src\main\java\org\apache\metron\performance\sampler\biasedsampler.java@org.apache.metron.performance.sampler.biasedsampler.biasedsampler(list,int);False;False;0.9034152775648784;0.09658472243512224
metron-contrib\metron-performance\src\main\java\org\apache\metron\performance\sampler\biasedsampler.java@org.apache.metron.performance.sampler.biasedsampler.createdistribution(list,int);False;False;0.9034152775648784;0.09658472243512224
metron-contrib\metron-performance\src\main\java\org\apache\metron\performance\sampler\biasedsampler.java@org.apache.metron.performance.sampler.biasedsampler.readdistribution(bufferedreader);False;False;0.981;0.019
metron-contrib\metron-performance\src\main\java\org\apache\metron\performance\sampler\biasedsampler.java@org.apache.metron.performance.sampler.biasedsampler.readdistribution(bufferedreader,boolean);False;False;0.9034152775648784;0.09658472243512224
metron-contrib\metron-performance\src\main\java\org\apache\metron\performance\sampler\biasedsampler.java@org.apache.metron.performance.sampler.biasedsampler.sample(random,int);False;False;0.9034152775648784;0.09658472243512224
metron-contrib\metron-performance\src\main\java\org\apache\metron\performance\sampler\unbiasedsampler.java@org.apache.metron.performance.sampler.unbiasedsampler.sample(random,int);False;False;0.9034152775648784;0.09658472243512224
metron-contrib\metron-performance\src\test\java\org\apache\metron\performance\load\loadoptionstest.java@org.apache.metron.performance.load.loadoptionstest.testcsvmissing();False;False;0.9766666666666668;0.02333333333333333
metron-contrib\metron-performance\src\test\java\org\apache\metron\performance\load\loadoptionstest.java@org.apache.metron.performance.load.loadoptionstest.testcsvpresent();False;False;0.975;0.025
metron-contrib\metron-performance\src\test\java\org\apache\metron\performance\load\loadoptionstest.java@org.apache.metron.performance.load.loadoptionstest.testhappypath();False;False;0.976;0.024
metron-contrib\metron-performance\src\test\java\org\apache\metron\performance\load\loadoptionstest.java@org.apache.metron.performance.load.loadoptionstest.testtemplatemissing();False;False;0.9913333333333334;0.008666666666666668
metron-contrib\metron-performance\src\test\java\org\apache\metron\performance\load\loadoptionstest.java@org.apache.metron.performance.load.loadoptionstest.testtemplatepresent();False;False;0.896;0.104
metron-contrib\metron-performance\src\test\java\org\apache\metron\performance\load\loadoptionstest.java@org.apache.metron.performance.load.loadoptionstest.testthreadsbycores();False;False;0.9421666666666666;0.05783333333333333
metron-contrib\metron-performance\src\test\java\org\apache\metron\performance\load\loadoptionstest.java@org.apache.metron.performance.load.loadoptionstest.testthreadsbynum();False;False;0.987;0.013
metron-contrib\metron-performance\src\test\java\org\apache\metron\performance\load\sendtokafkatest.java@org.apache.metron.performance.load.sendtokafkatest.sendtokafka(kafkaproducer,string,string);False;False;0.9034152775648784;0.09658472243512224
metron-contrib\metron-performance\src\test\java\org\apache\metron\performance\load\sendtokafkatest.java@org.apache.metron.performance.load.sendtokafkatest.testwritescorrectnumber();False;False;0.9034152775648784;0.09658472243512224
metron-contrib\metron-performance\src\test\java\org\apache\metron\performance\sampler\samplertest.java@org.apache.metron.performance.sampler.samplertest.testbiasedsampler();False;False;0.8833452380952382;0.11665476190476191
metron-contrib\metron-performance\src\test\java\org\apache\metron\performance\sampler\samplertest.java@org.apache.metron.performance.sampler.samplertest.testdistributionread();False;False;0.9860833333333334;0.013916666666666666
metron-contrib\metron-performance\src\test\java\org\apache\metron\performance\sampler\samplertest.java@org.apache.metron.performance.sampler.samplertest.testdistributionreadlonger();False;False;0.9836;0.016399999999999998
metron-contrib\metron-performance\src\test\java\org\apache\metron\performance\sampler\samplertest.java@org.apache.metron.performance.sampler.samplertest.testdistributionread_garbage();False;False;0.989;0.011
metron-contrib\metron-performance\src\test\java\org\apache\metron\performance\sampler\samplertest.java@org.apache.metron.performance.sampler.samplertest.testdistributionread_negative();False;False;0.989;0.011
metron-contrib\metron-performance\src\test\java\org\apache\metron\performance\sampler\samplertest.java@org.apache.metron.performance.sampler.samplertest.testdistributionread_over100();False;False;0.989;0.011
metron-contrib\metron-performance\src\test\java\org\apache\metron\performance\sampler\samplertest.java@org.apache.metron.performance.sampler.samplertest.testsampler(sampler,map);False;False;0.9034152775648784;0.09658472243512224
metron-contrib\metron-performance\src\test\java\org\apache\metron\performance\sampler\samplertest.java@org.apache.metron.performance.sampler.samplertest.testunbiasedsampler();False;False;0.9305833333333332;0.06941666666666667
metron-interface\metron-rest-client\src\main\java\org\apache\metron\rest\converter\jsonconverter.java@org.apache.metron.rest.converter.jsonconverter.converttodatabasecolumn(object);False;False;0.9034152775648784;0.09658472243512224
metron-interface\metron-rest-client\src\main\java\org\apache\metron\rest\converter\jsonconverter.java@org.apache.metron.rest.converter.jsonconverter.converttoentityattribute(string);False;False;0.9034152775648784;0.09658472243512224
metron-interface\metron-rest-client\src\main\java\org\apache\metron\rest\model\alertsuiusersettings.java@org.apache.metron.rest.model.alertsuiusersettings.equals(object);False;True;0.343;0.657
metron-interface\metron-rest-client\src\main\java\org\apache\metron\rest\model\alertsuiusersettings.java@org.apache.metron.rest.model.alertsuiusersettings.getfacetfields();False;False;1.0;0.0
metron-interface\metron-rest-client\src\main\java\org\apache\metron\rest\model\alertsuiusersettings.java@org.apache.metron.rest.model.alertsuiusersettings.getsavedsearches();False;False;1.0;0.0
metron-interface\metron-rest-client\src\main\java\org\apache\metron\rest\model\alertsuiusersettings.java@org.apache.metron.rest.model.alertsuiusersettings.gettablecolumns();False;False;1.0;0.0
metron-interface\metron-rest-client\src\main\java\org\apache\metron\rest\model\alertsuiusersettings.java@org.apache.metron.rest.model.alertsuiusersettings.getuser();False;False;0.9089008686067924;0.0910991313932075
metron-interface\metron-rest-client\src\main\java\org\apache\metron\rest\model\alertsuiusersettings.java@org.apache.metron.rest.model.alertsuiusersettings.hashcode();False;False;0.993;0.007
metron-interface\metron-rest-client\src\main\java\org\apache\metron\rest\model\alertsuiusersettings.java@org.apache.metron.rest.model.alertsuiusersettings.setfacetfields(list);False;False;0.9034152775648784;0.09658472243512224
metron-interface\metron-rest-client\src\main\java\org\apache\metron\rest\model\alertsuiusersettings.java@org.apache.metron.rest.model.alertsuiusersettings.setsavedsearches(list);False;False;0.9034152775648784;0.09658472243512224
metron-interface\metron-rest-client\src\main\java\org\apache\metron\rest\model\alertsuiusersettings.java@org.apache.metron.rest.model.alertsuiusersettings.settablecolumns(list);False;False;0.9034152775648784;0.09658472243512224
metron-interface\metron-rest-client\src\main\java\org\apache\metron\rest\model\alertsuiusersettings.java@org.apache.metron.rest.model.alertsuiusersettings.setuser(string);False;False;0.9863333374684377;0.013666662531561671
metron-interface\metron-rest-client\src\main\java\org\apache\metron\rest\model\grokvalidation.java@org.apache.metron.rest.model.grokvalidation.equals(object);False;False;0.997;0.003
metron-interface\metron-rest-client\src\main\java\org\apache\metron\rest\model\grokvalidation.java@org.apache.metron.rest.model.grokvalidation.getpatternlabel();False;False;0.985;0.015
metron-interface\metron-rest-client\src\main\java\org\apache\metron\rest\model\grokvalidation.java@org.apache.metron.rest.model.grokvalidation.getresults();False;False;0.9976;0.0024
metron-interface\metron-rest-client\src\main\java\org\apache\metron\rest\model\grokvalidation.java@org.apache.metron.rest.model.grokvalidation.getsampledata();False;False;1.0;0.0
metron-interface\metron-rest-client\src\main\java\org\apache\metron\rest\model\grokvalidation.java@org.apache.metron.rest.model.grokvalidation.getstatement();False;False;0.9870016977227632;0.012998302277236747
metron-interface\metron-rest-client\src\main\java\org\apache\metron\rest\model\grokvalidation.java@org.apache.metron.rest.model.grokvalidation.hashcode();False;False;0.994;0.006
metron-interface\metron-rest-client\src\main\java\org\apache\metron\rest\model\grokvalidation.java@org.apache.metron.rest.model.grokvalidation.setpatternlabel(string);False;False;0.9775952569781741;0.022404743021829047
metron-interface\metron-rest-client\src\main\java\org\apache\metron\rest\model\grokvalidation.java@org.apache.metron.rest.model.grokvalidation.setresults(map);False;False;0.9034152775648784;0.09658472243512224
metron-interface\metron-rest-client\src\main\java\org\apache\metron\rest\model\grokvalidation.java@org.apache.metron.rest.model.grokvalidation.setsampledata(string);False;False;0.9775952569781741;0.022404743021829047
metron-interface\metron-rest-client\src\main\java\org\apache\metron\rest\model\grokvalidation.java@org.apache.metron.rest.model.grokvalidation.setstatement(string);False;False;0.9863333374684377;0.013666662531561671
metron-interface\metron-rest-client\src\main\java\org\apache\metron\rest\model\kafkatopic.java@org.apache.metron.rest.model.kafkatopic.equals(object);False;False;0.99;0.01
metron-interface\metron-rest-client\src\main\java\org\apache\metron\rest\model\kafkatopic.java@org.apache.metron.rest.model.kafkatopic.getname();False;False;0.995;0.005
metron-interface\metron-rest-client\src\main\java\org\apache\metron\rest\model\kafkatopic.java@org.apache.metron.rest.model.kafkatopic.getnumpartitions();False;False;1.0;0.0
metron-interface\metron-rest-client\src\main\java\org\apache\metron\rest\model\kafkatopic.java@org.apache.metron.rest.model.kafkatopic.getproperties();False;False;0.9870016977227632;0.012998302277236747
metron-interface\metron-rest-client\src\main\java\org\apache\metron\rest\model\kafkatopic.java@org.apache.metron.rest.model.kafkatopic.getreplicationfactor();False;False;1.0;0.0
metron-interface\metron-rest-client\src\main\java\org\apache\metron\rest\model\kafkatopic.java@org.apache.metron.rest.model.kafkatopic.hashcode();False;False;0.99;0.01
metron-interface\metron-rest-client\src\main\java\org\apache\metron\rest\model\kafkatopic.java@org.apache.metron.rest.model.kafkatopic.setname(string);False;False;0.9863333374684377;0.013666662531561671
metron-interface\metron-rest-client\src\main\java\org\apache\metron\rest\model\kafkatopic.java@org.apache.metron.rest.model.kafkatopic.setnumpartitions(int);False;False;0.9775952569781741;0.022404743021829047
metron-interface\metron-rest-client\src\main\java\org\apache\metron\rest\model\kafkatopic.java@org.apache.metron.rest.model.kafkatopic.setproperties(properties);False;False;0.9863333374684377;0.013666662531561671
metron-interface\metron-rest-client\src\main\java\org\apache\metron\rest\model\kafkatopic.java@org.apache.metron.rest.model.kafkatopic.setreplicationfactor(int);False;False;0.9775952569781741;0.022404743021829047
metron-interface\metron-rest-client\src\main\java\org\apache\metron\rest\model\parsemessagerequest.java@org.apache.metron.rest.model.parsemessagerequest.getgrokstatement();False;False;1.0;0.0
metron-interface\metron-rest-client\src\main\java\org\apache\metron\rest\model\parsemessagerequest.java@org.apache.metron.rest.model.parsemessagerequest.getsampledata();False;False;1.0;0.0
metron-interface\metron-rest-client\src\main\java\org\apache\metron\rest\model\parsemessagerequest.java@org.apache.metron.rest.model.parsemessagerequest.getsensorparserconfig();False;False;1.0;0.0
metron-interface\metron-rest-client\src\main\java\org\apache\metron\rest\model\parsemessagerequest.java@org.apache.metron.rest.model.parsemessagerequest.setgrokstatement(string);False;False;0.9775952569781741;0.022404743021829047
metron-interface\metron-rest-client\src\main\java\org\apache\metron\rest\model\parsemessagerequest.java@org.apache.metron.rest.model.parsemessagerequest.setsampledata(string);False;False;0.9775952569781741;0.022404743021829047
metron-interface\metron-rest-client\src\main\java\org\apache\metron\rest\model\parsemessagerequest.java@org.apache.metron.rest.model.parsemessagerequest.setsensorparserconfig(sensorparserconfig);False;False;1.0;0.0
metron-interface\metron-rest-client\src\main\java\org\apache\metron\rest\model\resterror.java@org.apache.metron.rest.model.resterror.resterror(int,string,string);False;False;0.9034152775648784;0.09658472243512224
metron-interface\metron-rest-client\src\main\java\org\apache\metron\rest\model\resterror.java@org.apache.metron.rest.model.resterror.getfullmessage();False;False;1.0;0.0
metron-interface\metron-rest-client\src\main\java\org\apache\metron\rest\model\resterror.java@org.apache.metron.rest.model.resterror.getmessage();False;False;0.9870016977227632;0.012998302277236747
metron-interface\metron-rest-client\src\main\java\org\apache\metron\rest\model\resterror.java@org.apache.metron.rest.model.resterror.getresponsecode();False;False;1.0;0.0
metron-interface\metron-rest-client\src\main\java\org\apache\metron\rest\model\savedsearch.java@org.apache.metron.rest.model.savedsearch.equals(object);False;False;0.976;0.024
metron-interface\metron-rest-client\src\main\java\org\apache\metron\rest\model\savedsearch.java@org.apache.metron.rest.model.savedsearch.getname();False;False;1.0;0.0
metron-interface\metron-rest-client\src\main\java\org\apache\metron\rest\model\savedsearch.java@org.apache.metron.rest.model.savedsearch.getsearchrequest();False;False;1.0;0.0
metron-interface\metron-rest-client\src\main\java\org\apache\metron\rest\model\savedsearch.java@org.apache.metron.rest.model.savedsearch.hashcode();False;False;1.0;0.0
metron-interface\metron-rest-client\src\main\java\org\apache\metron\rest\model\savedsearch.java@org.apache.metron.rest.model.savedsearch.setname(string);False;False;0.9863333374684377;0.013666662531561671
metron-interface\metron-rest-client\src\main\java\org\apache\metron\rest\model\savedsearch.java@org.apache.metron.rest.model.savedsearch.setsearchrequest(searchrequest);False;False;1.0;0.0
metron-interface\metron-rest-client\src\main\java\org\apache\metron\rest\model\sensorparsercontext.java@org.apache.metron.rest.model.sensorparsercontext.getsampledata();False;False;0.999;0.001
metron-interface\metron-rest-client\src\main\java\org\apache\metron\rest\model\sensorparsercontext.java@org.apache.metron.rest.model.sensorparsercontext.getsensorparserconfig();False;False;0.996;0.004
metron-interface\metron-rest-client\src\main\java\org\apache\metron\rest\model\sensorparsercontext.java@org.apache.metron.rest.model.sensorparsercontext.setsampledata(map);False;False;0.9034152775648784;0.09658472243512224
metron-interface\metron-rest-client\src\main\java\org\apache\metron\rest\model\sensorparsercontext.java@org.apache.metron.rest.model.sensorparsercontext.setsensorparserconfig(sensorparserconfig);False;False;1.0;0.0
metron-interface\metron-rest-client\src\main\java\org\apache\metron\rest\model\stellarfunctiondescription.java@org.apache.metron.rest.model.stellarfunctiondescription.stellarfunctiondescription(string,string,string[],string);False;False;0.9034152775648784;0.09658472243512224
metron-interface\metron-rest-client\src\main\java\org\apache\metron\rest\model\stellarfunctiondescription.java@org.apache.metron.rest.model.stellarfunctiondescription.getdescription();False;False;0.9870016977227632;0.012998302277236747
metron-interface\metron-rest-client\src\main\java\org\apache\metron\rest\model\stellarfunctiondescription.java@org.apache.metron.rest.model.stellarfunctiondescription.getname();False;False;0.999;0.001
metron-interface\metron-rest-client\src\main\java\org\apache\metron\rest\model\stellarfunctiondescription.java@org.apache.metron.rest.model.stellarfunctiondescription.getparams();False;False;0.9882916666666668;0.011708333333333333
metron-interface\metron-rest-client\src\main\java\org\apache\metron\rest\model\stellarfunctiondescription.java@org.apache.metron.rest.model.stellarfunctiondescription.getreturns();False;False;0.9870016977227632;0.012998302277236747
metron-interface\metron-rest-client\src\main\java\org\apache\metron\rest\model\supervisorstatus.java@org.apache.metron.rest.model.supervisorstatus.supervisorstatus(string,string,string,int,int);False;False;0.9034152775648784;0.09658472243512224
metron-interface\metron-rest-client\src\main\java\org\apache\metron\rest\model\supervisorstatus.java@org.apache.metron.rest.model.supervisorstatus.equals(object);False;False;0.995;0.005
metron-interface\metron-rest-client\src\main\java\org\apache\metron\rest\model\supervisorstatus.java@org.apache.metron.rest.model.supervisorstatus.gethost();False;False;0.9870016977227632;0.012998302277236747
metron-interface\metron-rest-client\src\main\java\org\apache\metron\rest\model\supervisorstatus.java@org.apache.metron.rest.model.supervisorstatus.getid();False;False;0.996;0.004
metron-interface\metron-rest-client\src\main\java\org\apache\metron\rest\model\supervisorstatus.java@org.apache.metron.rest.model.supervisorstatus.getslotstotal();False;False;1.0;0.0
metron-interface\metron-rest-client\src\main\java\org\apache\metron\rest\model\supervisorstatus.java@org.apache.metron.rest.model.supervisorstatus.getslotsused();False;False;1.0;0.0
metron-interface\metron-rest-client\src\main\java\org\apache\metron\rest\model\supervisorstatus.java@org.apache.metron.rest.model.supervisorstatus.getuptime();False;False;0.9870016977227632;0.012998302277236747
metron-interface\metron-rest-client\src\main\java\org\apache\metron\rest\model\supervisorstatus.java@org.apache.metron.rest.model.supervisorstatus.hashcode();False;False;0.98875;0.01125
metron-interface\metron-rest-client\src\main\java\org\apache\metron\rest\model\supervisorstatus.java@org.apache.metron.rest.model.supervisorstatus.sethost(string);False;False;0.9863333374684377;0.013666662531561671
metron-interface\metron-rest-client\src\main\java\org\apache\metron\rest\model\supervisorstatus.java@org.apache.metron.rest.model.supervisorstatus.setid(string);False;False;0.9863333374684377;0.013666662531561671
metron-interface\metron-rest-client\src\main\java\org\apache\metron\rest\model\supervisorstatus.java@org.apache.metron.rest.model.supervisorstatus.setslotstotal(int);False;False;0.9775952569781741;0.022404743021829047
metron-interface\metron-rest-client\src\main\java\org\apache\metron\rest\model\supervisorstatus.java@org.apache.metron.rest.model.supervisorstatus.setslotsused(int);False;False;0.9775952569781741;0.022404743021829047
metron-interface\metron-rest-client\src\main\java\org\apache\metron\rest\model\supervisorstatus.java@org.apache.metron.rest.model.supervisorstatus.setuptime(string);False;False;0.9775952569781741;0.022404743021829047
metron-interface\metron-rest-client\src\main\java\org\apache\metron\rest\model\supervisorsummary.java@org.apache.metron.rest.model.supervisorsummary.supervisorsummary(supervisorstatus[]);False;False;0.9034152775648784;0.09658472243512224
metron-interface\metron-rest-client\src\main\java\org\apache\metron\rest\model\supervisorsummary.java@org.apache.metron.rest.model.supervisorsummary.equals(object);False;False;0.932;0.068
metron-interface\metron-rest-client\src\main\java\org\apache\metron\rest\model\supervisorsummary.java@org.apache.metron.rest.model.supervisorsummary.getsupervisors();False;False;1.0;0.0
metron-interface\metron-rest-client\src\main\java\org\apache\metron\rest\model\supervisorsummary.java@org.apache.metron.rest.model.supervisorsummary.hashcode();False;False;0.7483292929292922;0.251670707070707
metron-interface\metron-rest-client\src\main\java\org\apache\metron\rest\model\supervisorsummary.java@org.apache.metron.rest.model.supervisorsummary.setsupervisors(supervisorstatus[]);False;False;0.9034152775648784;0.09658472243512224
metron-interface\metron-rest-client\src\main\java\org\apache\metron\rest\model\topologyresponse.java@org.apache.metron.rest.model.topologyresponse.equals(object);False;False;1.0;0.0
metron-interface\metron-rest-client\src\main\java\org\apache\metron\rest\model\topologyresponse.java@org.apache.metron.rest.model.topologyresponse.getmessage();False;False;0.9870016977227632;0.012998302277236747
metron-interface\metron-rest-client\src\main\java\org\apache\metron\rest\model\topologyresponse.java@org.apache.metron.rest.model.topologyresponse.getstatus();False;False;0.9981419913419913;0.0018580086580086577
metron-interface\metron-rest-client\src\main\java\org\apache\metron\rest\model\topologyresponse.java@org.apache.metron.rest.model.topologyresponse.hashcode();False;False;1.0;0.0
metron-interface\metron-rest-client\src\main\java\org\apache\metron\rest\model\topologyresponse.java@org.apache.metron.rest.model.topologyresponse.seterrormessage(string);False;False;0.9972734200789835;0.0027265799210166586
metron-interface\metron-rest-client\src\main\java\org\apache\metron\rest\model\topologyresponse.java@org.apache.metron.rest.model.topologyresponse.setsuccessmessage(string);False;False;0.9972734200789835;0.0027265799210166586
metron-interface\metron-rest-client\src\main\java\org\apache\metron\rest\model\topologystatus.java@org.apache.metron.rest.model.topologystatus.equals(object);False;False;0.989;0.011
metron-interface\metron-rest-client\src\main\java\org\apache\metron\rest\model\topologystatus.java@org.apache.metron.rest.model.topologystatus.getacked();False;False;0.9870016977227632;0.012998302277236747
metron-interface\metron-rest-client\src\main\java\org\apache\metron\rest\model\topologystatus.java@org.apache.metron.rest.model.topologystatus.getemitted();False;False;1.0;0.0
metron-interface\metron-rest-client\src\main\java\org\apache\metron\rest\model\topologystatus.java@org.apache.metron.rest.model.topologystatus.getid();False;False;0.999;0.001
metron-interface\metron-rest-client\src\main\java\org\apache\metron\rest\model\topologystatus.java@org.apache.metron.rest.model.topologystatus.getlatency();False;False;0.9870016977227632;0.012998302277236747
metron-interface\metron-rest-client\src\main\java\org\apache\metron\rest\model\topologystatus.java@org.apache.metron.rest.model.topologystatus.getname();False;False;0.9870016977227632;0.012998302277236747
metron-interface\metron-rest-client\src\main\java\org\apache\metron\rest\model\topologystatus.java@org.apache.metron.rest.model.topologystatus.getstatus();False;False;1.0;0.0
metron-interface\metron-rest-client\src\main\java\org\apache\metron\rest\model\topologystatus.java@org.apache.metron.rest.model.topologystatus.getthroughput();False;False;0.9870016977227632;0.012998302277236747
metron-interface\metron-rest-client\src\main\java\org\apache\metron\rest\model\topologystatus.java@org.apache.metron.rest.model.topologystatus.hashcode();False;False;0.9945714285714286;0.0054285714285714284
metron-interface\metron-rest-client\src\main\java\org\apache\metron\rest\model\topologystatus.java@org.apache.metron.rest.model.topologystatus.setid(string);False;False;0.9863333374684377;0.013666662531561671
metron-interface\metron-rest-client\src\main\java\org\apache\metron\rest\model\topologystatus.java@org.apache.metron.rest.model.topologystatus.setname(string);False;False;0.9863333374684377;0.013666662531561671
metron-interface\metron-rest-client\src\main\java\org\apache\metron\rest\model\topologystatus.java@org.apache.metron.rest.model.topologystatus.setstatus(topologystatuscode);False;False;1.0;0.0
metron-interface\metron-rest-client\src\main\java\org\apache\metron\rest\model\topologystatus.java@org.apache.metron.rest.model.topologystatus.settopologystats(list);False;False;0.9034152775648784;0.09658472243512224
metron-interface\metron-rest-client\src\main\java\org\apache\metron\rest\model\topologysummary.java@org.apache.metron.rest.model.topologysummary.equals(object);False;False;0.932;0.068
metron-interface\metron-rest-client\src\main\java\org\apache\metron\rest\model\topologysummary.java@org.apache.metron.rest.model.topologysummary.gettopologies();False;False;0.9984;0.0016
metron-interface\metron-rest-client\src\main\java\org\apache\metron\rest\model\topologysummary.java@org.apache.metron.rest.model.topologysummary.hashcode();False;False;0.7483292929292922;0.251670707070707
metron-interface\metron-rest-client\src\main\java\org\apache\metron\rest\model\topologysummary.java@org.apache.metron.rest.model.topologysummary.settopologies(topologystatus[]);False;False;0.9034152775648784;0.09658472243512224
metron-interface\metron-rest\src\main\java\org\apache\metron\rest\metronrestapplication.java@org.apache.metron.rest.metronrestapplication.main(string[]);False;False;0.9034152775648784;0.09658472243512224
metron-interface\metron-rest\src\main\java\org\apache\metron\rest\restexception.java@org.apache.metron.rest.restexception.restexception(exception);False;False;0.9034152775648784;0.09658472243512224
metron-interface\metron-rest\src\main\java\org\apache\metron\rest\restexception.java@org.apache.metron.rest.restexception.restexception(string);False;False;0.9034152775648784;0.09658472243512224
metron-interface\metron-rest\src\main\java\org\apache\metron\rest\restexception.java@org.apache.metron.rest.restexception.restexception(string,string,throwable);False;False;0.9034152775648784;0.09658472243512224
metron-interface\metron-rest\src\main\java\org\apache\metron\rest\restexception.java@org.apache.metron.rest.restexception.restexception(string,throwable);False;False;0.9034152775648784;0.09658472243512224
metron-interface\metron-rest\src\main\java\org\apache\metron\rest\restexception.java@org.apache.metron.rest.restexception.getfullmessage();False;False;0.9999855072463768;1.4492753623188407e-05
metron-interface\metron-rest\src\main\java\org\apache\metron\rest\config\grokconfig.java@org.apache.metron.rest.config.grokconfig.commongrok();False;False;0.9774999999999999;0.0225
metron-interface\metron-rest\src\main\java\org\apache\metron\rest\config\hbaseconfig.java@org.apache.metron.rest.config.hbaseconfig.hbaseconfig(globalconfigservice);False;False;0.9034152775648784;0.09658472243512224
metron-interface\metron-rest\src\main\java\org\apache\metron\rest\config\hbaseconfig.java@org.apache.metron.rest.config.hbaseconfig.usersettingsclient();False;False;0.9034152775648784;0.09658472243512224
metron-interface\metron-rest\src\main\java\org\apache\metron\rest\config\hadoopconfig.java@org.apache.metron.rest.config.hadoopconfig.hadoopconfig(environment);False;False;0.9034152775648784;0.09658472243512224
metron-interface\metron-rest\src\main\java\org\apache\metron\rest\config\hadoopconfig.java@org.apache.metron.rest.config.hadoopconfig.configuration();False;False;0.977;0.023
metron-interface\metron-rest\src\main\java\org\apache\metron\rest\config\indexconfig.java@org.apache.metron.rest.config.indexconfig.indexconfig(environment);False;False;0.9034152775648784;0.09658472243512224
metron-interface\metron-rest\src\main\java\org\apache\metron\rest\config\indexconfig.java@org.apache.metron.rest.config.indexconfig.indexdao();False;False;0.9034152775648784;0.09658472243512224
metron-interface\metron-rest\src\main\java\org\apache\metron\rest\config\jpaconfiguration.java@org.apache.metron.rest.config.jpaconfiguration.jpaconfiguration(datasource,jpaproperties,objectprovider,objectprovider);False;False;0.9034152775648784;0.09658472243512224
metron-interface\metron-rest\src\main\java\org\apache\metron\rest\config\jpaconfiguration.java@org.apache.metron.rest.config.jpaconfiguration.createjpavendoradapter();False;False;0.987;0.013
metron-interface\metron-rest\src\main\java\org\apache\metron\rest\config\jpaconfiguration.java@org.apache.metron.rest.config.jpaconfiguration.getvendorproperties();False;False;0.9989999999999999;0.001
metron-interface\metron-rest\src\main\java\org\apache\metron\rest\config\kafkaconfig.java@org.apache.metron.rest.config.kafkaconfig.kafkaconfig(environment);False;False;0.9034152775648784;0.09658472243512224
metron-interface\metron-rest\src\main\java\org\apache\metron\rest\config\kafkaconfig.java@org.apache.metron.rest.config.kafkaconfig.adminutils();False;False;1.0;0.0
metron-interface\metron-rest\src\main\java\org\apache\metron\rest\config\kafkaconfig.java@org.apache.metron.rest.config.kafkaconfig.consumerproperties();False;False;0.987;0.013
metron-interface\metron-rest\src\main\java\org\apache\metron\rest\config\kafkaconfig.java@org.apache.metron.rest.config.kafkaconfig.createconsumerfactory();False;False;0.9369;0.0631
metron-interface\metron-rest\src\main\java\org\apache\metron\rest\config\kafkaconfig.java@org.apache.metron.rest.config.kafkaconfig.kafkaproducer();False;False;0.9915;0.0085
metron-interface\metron-rest\src\main\java\org\apache\metron\rest\config\kafkaconfig.java@org.apache.metron.rest.config.kafkaconfig.producerproperties();False;False;0.983;0.017
metron-interface\metron-rest\src\main\java\org\apache\metron\rest\config\kafkaconfig.java@org.apache.metron.rest.config.kafkaconfig.zkutils();False;False;1.0;0.0
metron-interface\metron-rest\src\main\java\org\apache\metron\rest\config\mvcconfig.java@org.apache.metron.rest.config.mvcconfig.addcorsmappings(corsregistry);False;False;1.0;0.0
metron-interface\metron-rest\src\main\java\org\apache\metron\rest\config\resttemplateconfig.java@org.apache.metron.rest.config.resttemplateconfig.resttemplateconfig(environment);False;False;0.9034152775648784;0.09658472243512224
metron-interface\metron-rest\src\main\java\org\apache\metron\rest\config\resttemplateconfig.java@org.apache.metron.rest.config.resttemplateconfig.resttemplate();False;False;0.9866666666666666;0.013333333333333334
metron-interface\metron-rest\src\main\java\org\apache\metron\rest\config\stormconfig.java@org.apache.metron.rest.config.stormconfig.stormcliclientwrapper();False;False;0.99;0.01
metron-interface\metron-rest\src\main\java\org\apache\metron\rest\config\swaggerconfig.java@org.apache.metron.rest.config.swaggerconfig.api();False;True;0.4630000000000001;0.537
metron-interface\metron-rest\src\main\java\org\apache\metron\rest\config\websecurityconfig.java@org.apache.metron.rest.config.websecurityconfig.configure(httpsecurity);False;False;0.9913333333333334;0.008666666666666668
metron-interface\metron-rest\src\main\java\org\apache\metron\rest\config\websecurityconfig.java@org.apache.metron.rest.config.websecurityconfig.configurejdbc(authenticationmanagerbuilder);False;False;0.9916666666666666;0.008333333333333331
metron-interface\metron-rest\src\main\java\org\apache\metron\rest\config\websecurityconfig.java@org.apache.metron.rest.config.websecurityconfig.handlengrequests();False;False;0.9902321428571428;0.009767857142857142
metron-interface\metron-rest\src\main\java\org\apache\metron\rest\config\websecurityconfig.java@org.apache.metron.rest.config.websecurityconfig.passwordencoder();False;False;1.0;0.0
metron-interface\metron-rest\src\main\java\org\apache\metron\rest\config\zookeeperconfig.java@org.apache.metron.rest.config.zookeeperconfig.cache(curatorframework);False;False;0.988;0.012
metron-interface\metron-rest\src\main\java\org\apache\metron\rest\config\zookeeperconfig.java@org.apache.metron.rest.config.zookeeperconfig.client(environment);False;False;0.968;0.032
metron-interface\metron-rest\src\main\java\org\apache\metron\rest\config\zookeeperconfig.java@org.apache.metron.rest.config.zookeeperconfig.zkclient(environment);False;False;0.994;0.006
metron-interface\metron-rest\src\main\java\org\apache\metron\rest\controller\alertsuicontroller.java@org.apache.metron.rest.controller.alertsuicontroller.delete(string);False;False;0.9865;0.0135
metron-interface\metron-rest\src\main\java\org\apache\metron\rest\controller\alertsuicontroller.java@org.apache.metron.rest.controller.alertsuicontroller.escalate(list);False;False;0.9034152775648784;0.09658472243512224
metron-interface\metron-rest\src\main\java\org\apache\metron\rest\controller\alertsuicontroller.java@org.apache.metron.rest.controller.alertsuicontroller.findall();False;False;0.9395833333333333;0.06041666666666667
metron-interface\metron-rest\src\main\java\org\apache\metron\rest\controller\alertsuicontroller.java@org.apache.metron.rest.controller.alertsuicontroller.get();False;False;0.6833619047619051;0.31663809523809544
metron-interface\metron-rest\src\main\java\org\apache\metron\rest\controller\alertsuicontroller.java@org.apache.metron.rest.controller.alertsuicontroller.save(alertsuiusersettings);False;False;0.9776199715513502;0.0223800284486498
metron-interface\metron-rest\src\main\java\org\apache\metron\rest\controller\globalconfigcontroller.java@org.apache.metron.rest.controller.globalconfigcontroller.delete();False;False;0.9852499999999998;0.01475
metron-interface\metron-rest\src\main\java\org\apache\metron\rest\controller\globalconfigcontroller.java@org.apache.metron.rest.controller.globalconfigcontroller.get();False;False;0.8892666666666665;0.11073333333333332
metron-interface\metron-rest\src\main\java\org\apache\metron\rest\controller\globalconfigcontroller.java@org.apache.metron.rest.controller.globalconfigcontroller.save(map);False;False;0.9034152775648784;0.09658472243512224
metron-interface\metron-rest\src\main\java\org\apache\metron\rest\controller\grokcontroller.java@org.apache.metron.rest.controller.grokcontroller.get(string);False;False;0.9747499999999999;0.025249999999999998
metron-interface\metron-rest\src\main\java\org\apache\metron\rest\controller\grokcontroller.java@org.apache.metron.rest.controller.grokcontroller.list();False;False;0.992;0.008
metron-interface\metron-rest\src\main\java\org\apache\metron\rest\controller\grokcontroller.java@org.apache.metron.rest.controller.grokcontroller.post(grokvalidation);False;False;0.988;0.012
metron-interface\metron-rest\src\main\java\org\apache\metron\rest\controller\hdfscontroller.java@org.apache.metron.rest.controller.hdfscontroller.delete(string,boolean);False;False;0.9034152775648784;0.09658472243512224
metron-interface\metron-rest\src\main\java\org\apache\metron\rest\controller\hdfscontroller.java@org.apache.metron.rest.controller.hdfscontroller.list(string);False;False;0.998;0.002
metron-interface\metron-rest\src\main\java\org\apache\metron\rest\controller\hdfscontroller.java@org.apache.metron.rest.controller.hdfscontroller.read(string);False;False;0.9509333333333334;0.049066666666666654
metron-interface\metron-rest\src\main\java\org\apache\metron\rest\controller\hdfscontroller.java@org.apache.metron.rest.controller.hdfscontroller.write(string,string,string,string,string);False;False;0.9034152775648784;0.09658472243512224
metron-interface\metron-rest\src\main\java\org\apache\metron\rest\controller\kafkacontroller.java@org.apache.metron.rest.controller.kafkacontroller.delete(string);False;False;0.999;0.001
metron-interface\metron-rest\src\main\java\org\apache\metron\rest\controller\kafkacontroller.java@org.apache.metron.rest.controller.kafkacontroller.get(string);False;False;0.998;0.002
metron-interface\metron-rest\src\main\java\org\apache\metron\rest\controller\kafkacontroller.java@org.apache.metron.rest.controller.kafkacontroller.getsample(string);False;False;0.9566666666666668;0.04333333333333332
metron-interface\metron-rest\src\main\java\org\apache\metron\rest\controller\kafkacontroller.java@org.apache.metron.rest.controller.kafkacontroller.list();False;False;0.9715865384615385;0.028413461538461544
metron-interface\metron-rest\src\main\java\org\apache\metron\rest\controller\kafkacontroller.java@org.apache.metron.rest.controller.kafkacontroller.produce(string,string);False;False;0.9034152775648784;0.09658472243512224
metron-interface\metron-rest\src\main\java\org\apache\metron\rest\controller\kafkacontroller.java@org.apache.metron.rest.controller.kafkacontroller.save(kafkatopic);False;False;0.93;0.07
metron-interface\metron-rest\src\main\java\org\apache\metron\rest\controller\metaalertcontroller.java@org.apache.metron.rest.controller.metaalertcontroller.addalertstometaalert(metaalertaddremoverequest);False;False;0.991;0.009
metron-interface\metron-rest\src\main\java\org\apache\metron\rest\controller\metaalertcontroller.java@org.apache.metron.rest.controller.metaalertcontroller.create(metaalertcreaterequest);False;False;0.88;0.12
metron-interface\metron-rest\src\main\java\org\apache\metron\rest\controller\metaalertcontroller.java@org.apache.metron.rest.controller.metaalertcontroller.removealertsfrommetaalert(metaalertaddremoverequest);False;False;0.991;0.009
metron-interface\metron-rest\src\main\java\org\apache\metron\rest\controller\metaalertcontroller.java@org.apache.metron.rest.controller.metaalertcontroller.searchbyalert(string);False;False;0.993;0.007
metron-interface\metron-rest\src\main\java\org\apache\metron\rest\controller\metaalertcontroller.java@org.apache.metron.rest.controller.metaalertcontroller.updatemetaalertstatus(string,string);False;False;0.9034152775648784;0.09658472243512224
metron-interface\metron-rest\src\main\java\org\apache\metron\rest\controller\restexceptionhandler.java@org.apache.metron.rest.controller.restexceptionhandler.getstatus(httpservletrequest);False;False;0.997;0.003
metron-interface\metron-rest\src\main\java\org\apache\metron\rest\controller\restexceptionhandler.java@org.apache.metron.rest.controller.restexceptionhandler.handlecontrollerexception(httpservletrequest,throwable);False;False;0.9034152775648784;0.09658472243512224
metron-interface\metron-rest\src\main\java\org\apache\metron\rest\controller\searchcontroller.java@org.apache.metron.rest.controller.searchcontroller.getcolumnmetadata(list);False;False;0.9034152775648784;0.09658472243512224
metron-interface\metron-rest\src\main\java\org\apache\metron\rest\controller\searchcontroller.java@org.apache.metron.rest.controller.searchcontroller.getlatest(getrequest);False;False;0.96475;0.03525
metron-interface\metron-rest\src\main\java\org\apache\metron\rest\controller\searchcontroller.java@org.apache.metron.rest.controller.searchcontroller.group(grouprequest);False;False;0.9397506128515586;0.060249387148441434
metron-interface\metron-rest\src\main\java\org\apache\metron\rest\controller\searchcontroller.java@org.apache.metron.rest.controller.searchcontroller.search(searchrequest);False;False;0.9872619047619048;0.012738095238095238
metron-interface\metron-rest\src\main\java\org\apache\metron\rest\controller\sensorenrichmentconfigcontroller.java@org.apache.metron.rest.controller.sensorenrichmentconfigcontroller.delete(string);False;False;0.999;0.001
metron-interface\metron-rest\src\main\java\org\apache\metron\rest\controller\sensorenrichmentconfigcontroller.java@org.apache.metron.rest.controller.sensorenrichmentconfigcontroller.findone(string);False;False;0.9917333333333332;0.008266666666666665
metron-interface\metron-rest\src\main\java\org\apache\metron\rest\controller\sensorenrichmentconfigcontroller.java@org.apache.metron.rest.controller.sensorenrichmentconfigcontroller.getall();False;False;0.9844337606837605;0.015566239316239315
metron-interface\metron-rest\src\main\java\org\apache\metron\rest\controller\sensorenrichmentconfigcontroller.java@org.apache.metron.rest.controller.sensorenrichmentconfigcontroller.getavailableenrichments();False;False;0.9881424977799979;0.011857502220002218
metron-interface\metron-rest\src\main\java\org\apache\metron\rest\controller\sensorenrichmentconfigcontroller.java@org.apache.metron.rest.controller.sensorenrichmentconfigcontroller.getavailablethreattriageaggregators();False;False;0.995984126984127;0.004015873015873016
metron-interface\metron-rest\src\main\java\org\apache\metron\rest\controller\sensorenrichmentconfigcontroller.java@org.apache.metron.rest.controller.sensorenrichmentconfigcontroller.save(string,sensorenrichmentconfig);False;False;0.9034152775648784;0.09658472243512224
metron-interface\metron-rest\src\main\java\org\apache\metron\rest\controller\sensorindexingconfigcontroller.java@org.apache.metron.rest.controller.sensorindexingconfigcontroller.delete(string);False;False;0.999;0.001
metron-interface\metron-rest\src\main\java\org\apache\metron\rest\controller\sensorindexingconfigcontroller.java@org.apache.metron.rest.controller.sensorindexingconfigcontroller.findone(string);False;False;0.9868000000000001;0.013200000000000002
metron-interface\metron-rest\src\main\java\org\apache\metron\rest\controller\sensorindexingconfigcontroller.java@org.apache.metron.rest.controller.sensorindexingconfigcontroller.getall();False;False;0.9592841089466091;0.040715891053391046
metron-interface\metron-rest\src\main\java\org\apache\metron\rest\controller\sensorindexingconfigcontroller.java@org.apache.metron.rest.controller.sensorindexingconfigcontroller.getallindices(string);False;False;0.9934999999999999;0.0065
metron-interface\metron-rest\src\main\java\org\apache\metron\rest\controller\sensorindexingconfigcontroller.java@org.apache.metron.rest.controller.sensorindexingconfigcontroller.save(string,map);False;False;0.9034152775648784;0.09658472243512224
metron-interface\metron-rest\src\main\java\org\apache\metron\rest\controller\sensorparserconfigcontroller.java@org.apache.metron.rest.controller.sensorparserconfigcontroller.delete(string);False;False;0.999;0.001
metron-interface\metron-rest\src\main\java\org\apache\metron\rest\controller\sensorparserconfigcontroller.java@org.apache.metron.rest.controller.sensorparserconfigcontroller.findall();False;False;0.9904785714285714;0.009521428571428571
metron-interface\metron-rest\src\main\java\org\apache\metron\rest\controller\sensorparserconfigcontroller.java@org.apache.metron.rest.controller.sensorparserconfigcontroller.findone(string);False;False;0.9917333333333332;0.008266666666666665
metron-interface\metron-rest\src\main\java\org\apache\metron\rest\controller\sensorparserconfigcontroller.java@org.apache.metron.rest.controller.sensorparserconfigcontroller.getavailable();False;False;0.994984126984127;0.005015873015873016
metron-interface\metron-rest\src\main\java\org\apache\metron\rest\controller\sensorparserconfigcontroller.java@org.apache.metron.rest.controller.sensorparserconfigcontroller.parsemessage(parsemessagerequest);False;False;0.948;0.052
metron-interface\metron-rest\src\main\java\org\apache\metron\rest\controller\sensorparserconfigcontroller.java@org.apache.metron.rest.controller.sensorparserconfigcontroller.reloadavailable();False;False;0.997984126984127;0.0020158730158730156
metron-interface\metron-rest\src\main\java\org\apache\metron\rest\controller\sensorparserconfigcontroller.java@org.apache.metron.rest.controller.sensorparserconfigcontroller.save(string,sensorparserconfig);False;False;0.9034152775648784;0.09658472243512224
metron-interface\metron-rest\src\main\java\org\apache\metron\rest\controller\stellarcontroller.java@org.apache.metron.rest.controller.stellarcontroller.applytransformations(sensorparsercontext);False;False;0.958;0.042
metron-interface\metron-rest\src\main\java\org\apache\metron\rest\controller\stellarcontroller.java@org.apache.metron.rest.controller.stellarcontroller.list();False;False;0.9228401459651459;0.07715985403485406
metron-interface\metron-rest\src\main\java\org\apache\metron\rest\controller\stellarcontroller.java@org.apache.metron.rest.controller.stellarcontroller.listfunctions();False;False;0.9772781746031746;0.02272182539682539
metron-interface\metron-rest\src\main\java\org\apache\metron\rest\controller\stellarcontroller.java@org.apache.metron.rest.controller.stellarcontroller.listsimplefunctions();False;False;0.9771615079365079;0.022838492063492057
metron-interface\metron-rest\src\main\java\org\apache\metron\rest\controller\stellarcontroller.java@org.apache.metron.rest.controller.stellarcontroller.validaterules(list);False;False;0.9034152775648784;0.09658472243512224
metron-interface\metron-rest\src\main\java\org\apache\metron\rest\controller\stormcontroller.java@org.apache.metron.rest.controller.stormcontroller.activate(string);False;False;0.9862838744588746;0.013716125541125543
metron-interface\metron-rest\src\main\java\org\apache\metron\rest\controller\stormcontroller.java@org.apache.metron.rest.controller.stormcontroller.activatebatchindexing();False;False;0.7446787670662663;0.25532123293373293
metron-interface\metron-rest\src\main\java\org\apache\metron\rest\controller\stormcontroller.java@org.apache.metron.rest.controller.stormcontroller.activateenrichment();False;False;0.5017363428238432;0.49826365717615695
metron-interface\metron-rest\src\main\java\org\apache\metron\rest\controller\stormcontroller.java@org.apache.metron.rest.controller.stormcontroller.activaterandomaccessindexing();False;False;0.8094507714507707;0.1905492285492286
metron-interface\metron-rest\src\main\java\org\apache\metron\rest\controller\stormcontroller.java@org.apache.metron.rest.controller.stormcontroller.clientstatus();False;False;0.9893674977799979;0.01063250222000222
metron-interface\metron-rest\src\main\java\org\apache\metron\rest\controller\stormcontroller.java@org.apache.metron.rest.controller.stormcontroller.deactivate(string);False;False;0.9956666666666666;0.004333333333333333
metron-interface\metron-rest\src\main\java\org\apache\metron\rest\controller\stormcontroller.java@org.apache.metron.rest.controller.stormcontroller.deactivatebatchindexing();False;False;0.7446787670662663;0.25532123293373293
metron-interface\metron-rest\src\main\java\org\apache\metron\rest\controller\stormcontroller.java@org.apache.metron.rest.controller.stormcontroller.deactivateenrichment();False;False;0.9247413003663001;0.07525869963369963
metron-interface\metron-rest\src\main\java\org\apache\metron\rest\controller\stormcontroller.java@org.apache.metron.rest.controller.stormcontroller.deactivaterandomaccessindexing();False;False;0.8094507714507707;0.1905492285492286
metron-interface\metron-rest\src\main\java\org\apache\metron\rest\controller\stormcontroller.java@org.apache.metron.rest.controller.stormcontroller.get(string);False;False;0.997;0.003
metron-interface\metron-rest\src\main\java\org\apache\metron\rest\controller\stormcontroller.java@org.apache.metron.rest.controller.stormcontroller.getall();False;False;0.981;0.019
metron-interface\metron-rest\src\main\java\org\apache\metron\rest\controller\stormcontroller.java@org.apache.metron.rest.controller.stormcontroller.getbatchindexing();False;False;0.603588095238095;0.3964119047619049
metron-interface\metron-rest\src\main\java\org\apache\metron\rest\controller\stormcontroller.java@org.apache.metron.rest.controller.stormcontroller.getenrichment();False;False;0.9634433406716018;0.036556659328398404
metron-interface\metron-rest\src\main\java\org\apache\metron\rest\controller\stormcontroller.java@org.apache.metron.rest.controller.stormcontroller.getrandomaccessindexing();False;False;0.9692719121001732;0.030728087899826968
metron-interface\metron-rest\src\main\java\org\apache\metron\rest\controller\stormcontroller.java@org.apache.metron.rest.controller.stormcontroller.getsupervisorsummary();False;False;0.887;0.113
metron-interface\metron-rest\src\main\java\org\apache\metron\rest\controller\stormcontroller.java@org.apache.metron.rest.controller.stormcontroller.start(string);False;False;0.9862838744588746;0.013716125541125543
metron-interface\metron-rest\src\main\java\org\apache\metron\rest\controller\stormcontroller.java@org.apache.metron.rest.controller.stormcontroller.startbatchindexing();False;False;0.7446787670662663;0.25532123293373293
metron-interface\metron-rest\src\main\java\org\apache\metron\rest\controller\stormcontroller.java@org.apache.metron.rest.controller.stormcontroller.startenrichment();False;False;0.5017363428238432;0.49826365717615695
metron-interface\metron-rest\src\main\java\org\apache\metron\rest\controller\stormcontroller.java@org.apache.metron.rest.controller.stormcontroller.startrandomaccessindexing();False;False;0.8094507714507707;0.1905492285492286
metron-interface\metron-rest\src\main\java\org\apache\metron\rest\controller\stormcontroller.java@org.apache.metron.rest.controller.stormcontroller.stop(string,boolean);False;False;0.9034152775648784;0.09658472243512224
metron-interface\metron-rest\src\main\java\org\apache\metron\rest\controller\stormcontroller.java@org.apache.metron.rest.controller.stormcontroller.stopbatchindexing(boolean);False;True;0.395;0.605
metron-interface\metron-rest\src\main\java\org\apache\metron\rest\controller\stormcontroller.java@org.apache.metron.rest.controller.stormcontroller.stopenrichment(boolean);False;False;0.78;0.22
metron-interface\metron-rest\src\main\java\org\apache\metron\rest\controller\stormcontroller.java@org.apache.metron.rest.controller.stormcontroller.stoprandomaccessindexing(boolean);False;False;0.513;0.487
metron-interface\metron-rest\src\main\java\org\apache\metron\rest\controller\updatecontroller.java@org.apache.metron.rest.controller.updatecontroller.patch(patchrequest);False;False;0.9034152775648784;0.09658472243512224
metron-interface\metron-rest\src\main\java\org\apache\metron\rest\controller\updatecontroller.java@org.apache.metron.rest.controller.updatecontroller.replace(replacerequest);False;False;0.9823714285714286;0.01762857142857143
metron-interface\metron-rest\src\main\java\org\apache\metron\rest\controller\usercontroller.java@org.apache.metron.rest.controller.usercontroller.user(principal);False;False;0.991;0.009
metron-interface\metron-rest\src\main\java\org\apache\metron\rest\security\securityutils.java@org.apache.metron.rest.security.securityutils.getcurrentuser();False;False;0.9966666666666667;0.003333333333333333
metron-interface\metron-rest\src\main\java\org\apache\metron\rest\service\impl\alertsuiserviceimpl.java@org.apache.metron.rest.service.impl.alertsuiserviceimpl.alertsuiserviceimpl(kafkaservice,environment,usersettingsclient);False;False;0.9034152775648784;0.09658472243512224
metron-interface\metron-rest\src\main\java\org\apache\metron\rest\service\impl\alertsuiserviceimpl.java@org.apache.metron.rest.service.impl.alertsuiserviceimpl.deletealertsuiusersettings(string);False;False;0.9034152775648784;0.09658472243512224
metron-interface\metron-rest\src\main\java\org\apache\metron\rest\service\impl\alertsuiserviceimpl.java@org.apache.metron.rest.service.impl.alertsuiserviceimpl.escalatealerts(list);False;False;0.9034152775648784;0.09658472243512224
metron-interface\metron-rest\src\main\java\org\apache\metron\rest\service\impl\alertsuiserviceimpl.java@org.apache.metron.rest.service.impl.alertsuiserviceimpl.findallalertsuiusersettings();False;False;0.9034152775648784;0.09658472243512224
metron-interface\metron-rest\src\main\java\org\apache\metron\rest\service\impl\alertsuiserviceimpl.java@org.apache.metron.rest.service.impl.alertsuiserviceimpl.getalertsuiusersettings();False;False;0.9034152775648784;0.09658472243512224
metron-interface\metron-rest\src\main\java\org\apache\metron\rest\service\impl\alertsuiserviceimpl.java@org.apache.metron.rest.service.impl.alertsuiserviceimpl.savealertsuiusersettings(alertsuiusersettings);False;False;0.9034152775648784;0.09658472243512224
metron-interface\metron-rest\src\main\java\org\apache\metron\rest\service\impl\dockerstormcliwrapper.java@org.apache.metron.rest.service.impl.dockerstormcliwrapper.dockerstormcliwrapper(environment);False;False;0.9034152775648784;0.09658472243512224
metron-interface\metron-rest\src\main\java\org\apache\metron\rest\service\impl\dockerstormcliwrapper.java@org.apache.metron.rest.service.impl.dockerstormcliwrapper.getdockerenvironmentprocessbuilder();False;False;0.9961179487179487;0.003882051282051282
metron-interface\metron-rest\src\main\java\org\apache\metron\rest\service\impl\dockerstormcliwrapper.java@org.apache.metron.rest.service.impl.dockerstormcliwrapper.getprocessbuilder(string);False;False;0.99;0.01
metron-interface\metron-rest\src\main\java\org\apache\metron\rest\service\impl\dockerstormcliwrapper.java@org.apache.metron.rest.service.impl.dockerstormcliwrapper.setdockerenvironment(map);False;False;0.9034152775648784;0.09658472243512224
metron-interface\metron-rest\src\main\java\org\apache\metron\rest\service\impl\globalconfigserviceimpl.java@org.apache.metron.rest.service.impl.globalconfigserviceimpl.globalconfigserviceimpl(curatorframework,configurationscache);False;False;0.9034152775648784;0.09658472243512224
metron-interface\metron-rest\src\main\java\org\apache\metron\rest\service\impl\globalconfigserviceimpl.java@org.apache.metron.rest.service.impl.globalconfigserviceimpl.delete();False;False;0.9034152775648784;0.09658472243512224
metron-interface\metron-rest\src\main\java\org\apache\metron\rest\service\impl\globalconfigserviceimpl.java@org.apache.metron.rest.service.impl.globalconfigserviceimpl.get();False;False;0.9034152775648784;0.09658472243512224
metron-interface\metron-rest\src\main\java\org\apache\metron\rest\service\impl\globalconfigserviceimpl.java@org.apache.metron.rest.service.impl.globalconfigserviceimpl.save(map);False;False;0.9034152775648784;0.09658472243512224
metron-interface\metron-rest\src\main\java\org\apache\metron\rest\service\impl\globalconfigserviceimpl.java@org.apache.metron.rest.service.impl.globalconfigserviceimpl.setcache(configurationscache);False;False;0.998;0.002
metron-interface\metron-rest\src\main\java\org\apache\metron\rest\service\impl\grokserviceimpl.java@org.apache.metron.rest.service.impl.grokserviceimpl.grokserviceimpl(environment,grok,hdfsservice);False;False;0.9034152775648784;0.09658472243512224
metron-interface\metron-rest\src\main\java\org\apache\metron\rest\service\impl\grokserviceimpl.java@org.apache.metron.rest.service.impl.grokserviceimpl.deletetemporary();False;False;1.0;0.0
metron-interface\metron-rest\src\main\java\org\apache\metron\rest\service\impl\grokserviceimpl.java@org.apache.metron.rest.service.impl.grokserviceimpl.getcommongrokpatterns();False;False;1.0;0.0
metron-interface\metron-rest\src\main\java\org\apache\metron\rest\service\impl\grokserviceimpl.java@org.apache.metron.rest.service.impl.grokserviceimpl.getstatementfromclasspath(string);False;False;0.9034152775648784;0.09658472243512224
metron-interface\metron-rest\src\main\java\org\apache\metron\rest\service\impl\grokserviceimpl.java@org.apache.metron.rest.service.impl.grokserviceimpl.gettemporarygrokrootpath();False;False;0.991;0.009
metron-interface\metron-rest\src\main\java\org\apache\metron\rest\service\impl\grokserviceimpl.java@org.apache.metron.rest.service.impl.grokserviceimpl.savetemporary(string,string);False;False;0.9034152775648784;0.09658472243512224
metron-interface\metron-rest\src\main\java\org\apache\metron\rest\service\impl\grokserviceimpl.java@org.apache.metron.rest.service.impl.grokserviceimpl.validategrokstatement(grokvalidation);False;False;0.9034152775648784;0.09658472243512224
metron-interface\metron-rest\src\main\java\org\apache\metron\rest\service\impl\hdfsserviceimpl.java@org.apache.metron.rest.service.impl.hdfsserviceimpl.hdfsserviceimpl(configuration);False;False;0.9034152775648784;0.09658472243512224
metron-interface\metron-rest\src\main\java\org\apache\metron\rest\service\impl\hdfsserviceimpl.java@org.apache.metron.rest.service.impl.hdfsserviceimpl.delete(path,boolean);False;False;0.9034152775648784;0.09658472243512224
metron-interface\metron-rest\src\main\java\org\apache\metron\rest\service\impl\hdfsserviceimpl.java@org.apache.metron.rest.service.impl.hdfsserviceimpl.list(path);False;False;0.9034152775648784;0.09658472243512224
metron-interface\metron-rest\src\main\java\org\apache\metron\rest\service\impl\hdfsserviceimpl.java@org.apache.metron.rest.service.impl.hdfsserviceimpl.mkdirs(path);False;False;0.9034152775648784;0.09658472243512224
metron-interface\metron-rest\src\main\java\org\apache\metron\rest\service\impl\hdfsserviceimpl.java@org.apache.metron.rest.service.impl.hdfsserviceimpl.read(path);False;False;0.9034152775648784;0.09658472243512224
metron-interface\metron-rest\src\main\java\org\apache\metron\rest\service\impl\hdfsserviceimpl.java@org.apache.metron.rest.service.impl.hdfsserviceimpl.write(path,byte[],string,string,string);False;False;0.9034152775648784;0.09658472243512224
metron-interface\metron-rest\src\main\java\org\apache\metron\rest\service\impl\kafkaserviceimpl.java@org.apache.metron.rest.service.impl.kafkaserviceimpl.kafkaserviceimpl(zkutils,consumerfactory,kafkaproducer,adminutils$);False;False;0.9034152775648784;0.09658472243512224
metron-interface\metron-rest\src\main\java\org\apache\metron\rest\service\impl\kafkaserviceimpl.java@org.apache.metron.rest.service.impl.kafkaserviceimpl.addacltocurrentuser(string);False;False;0.9835;0.0165
metron-interface\metron-rest\src\main\java\org\apache\metron\rest\service\impl\kafkaserviceimpl.java@org.apache.metron.rest.service.impl.kafkaserviceimpl.createtopic(kafkatopic);False;False;0.9034152775648784;0.09658472243512224
metron-interface\metron-rest\src\main\java\org\apache\metron\rest\service\impl\kafkaserviceimpl.java@org.apache.metron.rest.service.impl.kafkaserviceimpl.deletetopic(string);False;False;0.9959666666666666;0.004033333333333333
metron-interface\metron-rest\src\main\java\org\apache\metron\rest\service\impl\kafkaserviceimpl.java@org.apache.metron.rest.service.impl.kafkaserviceimpl.getsamplemessage(string);False;False;0.9034152775648784;0.09658472243512224
metron-interface\metron-rest\src\main\java\org\apache\metron\rest\service\impl\kafkaserviceimpl.java@org.apache.metron.rest.service.impl.kafkaserviceimpl.gettopic(string);False;False;0.97225;0.02775
metron-interface\metron-rest\src\main\java\org\apache\metron\rest\service\impl\kafkaserviceimpl.java@org.apache.metron.rest.service.impl.kafkaserviceimpl.listtopics();False;False;0.9825;0.0175
metron-interface\metron-rest\src\main\java\org\apache\metron\rest\service\impl\kafkaserviceimpl.java@org.apache.metron.rest.service.impl.kafkaserviceimpl.producemessage(string,string);False;False;0.9034152775648784;0.09658472243512224
metron-interface\metron-rest\src\main\java\org\apache\metron\rest\service\impl\metaalertserviceimpl.java@org.apache.metron.rest.service.impl.metaalertserviceimpl.metaalertserviceimpl(indexdao,environment);False;False;0.9034152775648784;0.09658472243512224
metron-interface\metron-rest\src\main\java\org\apache\metron\rest\service\impl\metaalertserviceimpl.java@org.apache.metron.rest.service.impl.metaalertserviceimpl.addalertstometaalert(metaalertaddremoverequest);False;False;0.9034152775648784;0.09658472243512224
metron-interface\metron-rest\src\main\java\org\apache\metron\rest\service\impl\metaalertserviceimpl.java@org.apache.metron.rest.service.impl.metaalertserviceimpl.create(metaalertcreaterequest);False;False;0.9034152775648784;0.09658472243512224
metron-interface\metron-rest\src\main\java\org\apache\metron\rest\service\impl\metaalertserviceimpl.java@org.apache.metron.rest.service.impl.metaalertserviceimpl.getallmetaalertsforalert(string);False;False;0.9034152775648784;0.09658472243512224
metron-interface\metron-rest\src\main\java\org\apache\metron\rest\service\impl\metaalertserviceimpl.java@org.apache.metron.rest.service.impl.metaalertserviceimpl.removealertsfrommetaalert(metaalertaddremoverequest);False;False;0.9034152775648784;0.09658472243512224
metron-interface\metron-rest\src\main\java\org\apache\metron\rest\service\impl\metaalertserviceimpl.java@org.apache.metron.rest.service.impl.metaalertserviceimpl.updatemetaalertstatus(string,metaalertstatus);False;False;0.9034152775648784;0.09658472243512224
metron-interface\metron-rest\src\main\java\org\apache\metron\rest\service\impl\searchserviceimpl.java@org.apache.metron.rest.service.impl.searchserviceimpl.searchserviceimpl(indexdao,environment,sensorindexingconfigservice,globalconfigservice,alertsuiservice);False;False;0.9034152775648784;0.09658472243512224
metron-interface\metron-rest\src\main\java\org\apache\metron\rest\service\impl\searchserviceimpl.java@org.apache.metron.rest.service.impl.searchserviceimpl.getcolumnmetadata(list);False;False;0.9034152775648784;0.09658472243512224
metron-interface\metron-rest\src\main\java\org\apache\metron\rest\service\impl\searchserviceimpl.java@org.apache.metron.rest.service.impl.searchserviceimpl.getdefaultfacetfields();True;False;0.8939285714285714;0.10607142857142857
metron-interface\metron-rest\src\main\java\org\apache\metron\rest\service\impl\searchserviceimpl.java@org.apache.metron.rest.service.impl.searchserviceimpl.getdefaultindices();False;False;0.9888333333333332;0.011166666666666667
metron-interface\metron-rest\src\main\java\org\apache\metron\rest\service\impl\searchserviceimpl.java@org.apache.metron.rest.service.impl.searchserviceimpl.getlatest(getrequest);False;False;0.9034152775648784;0.09658472243512224
metron-interface\metron-rest\src\main\java\org\apache\metron\rest\service\impl\searchserviceimpl.java@org.apache.metron.rest.service.impl.searchserviceimpl.group(grouprequest);False;False;0.9034152775648784;0.09658472243512224
metron-interface\metron-rest\src\main\java\org\apache\metron\rest\service\impl\searchserviceimpl.java@org.apache.metron.rest.service.impl.searchserviceimpl.search(searchrequest);False;False;0.9034152775648784;0.09658472243512224
metron-interface\metron-rest\src\main\java\org\apache\metron\rest\service\impl\sensorenrichmentconfigserviceimpl.java@org.apache.metron.rest.service.impl.sensorenrichmentconfigserviceimpl.sensorenrichmentconfigserviceimpl(objectmapper,curatorframework,configurationscache);False;False;0.9034152775648784;0.09658472243512224
metron-interface\metron-rest\src\main\java\org\apache\metron\rest\service\impl\sensorenrichmentconfigserviceimpl.java@org.apache.metron.rest.service.impl.sensorenrichmentconfigserviceimpl.delete(string);False;False;0.9034152775648784;0.09658472243512224
metron-interface\metron-rest\src\main\java\org\apache\metron\rest\service\impl\sensorenrichmentconfigserviceimpl.java@org.apache.metron.rest.service.impl.sensorenrichmentconfigserviceimpl.findone(string);False;False;0.9973333333333334;0.0026666666666666666
metron-interface\metron-rest\src\main\java\org\apache\metron\rest\service\impl\sensorenrichmentconfigserviceimpl.java@org.apache.metron.rest.service.impl.sensorenrichmentconfigserviceimpl.getall();False;False;0.5539416666666664;0.4460583333333335
metron-interface\metron-rest\src\main\java\org\apache\metron\rest\service\impl\sensorenrichmentconfigserviceimpl.java@org.apache.metron.rest.service.impl.sensorenrichmentconfigserviceimpl.getalltypes();False;False;1.0;0.0
metron-interface\metron-rest\src\main\java\org\apache\metron\rest\service\impl\sensorenrichmentconfigserviceimpl.java@org.apache.metron.rest.service.impl.sensorenrichmentconfigserviceimpl.getavailableenrichments();False;False;0.9626666666666668;0.037333333333333336
metron-interface\metron-rest\src\main\java\org\apache\metron\rest\service\impl\sensorenrichmentconfigserviceimpl.java@org.apache.metron.rest.service.impl.sensorenrichmentconfigserviceimpl.getavailablethreattriageaggregators();False;False;0.9885;0.0115
metron-interface\metron-rest\src\main\java\org\apache\metron\rest\service\impl\sensorenrichmentconfigserviceimpl.java@org.apache.metron.rest.service.impl.sensorenrichmentconfigserviceimpl.save(string,sensorenrichmentconfig);False;False;0.9034152775648784;0.09658472243512224
metron-interface\metron-rest\src\main\java\org\apache\metron\rest\service\impl\sensorindexingconfigserviceimpl.java@org.apache.metron.rest.service.impl.sensorindexingconfigserviceimpl.sensorindexingconfigserviceimpl(objectmapper,curatorframework,configurationscache);False;False;0.9034152775648784;0.09658472243512224
metron-interface\metron-rest\src\main\java\org\apache\metron\rest\service\impl\sensorindexingconfigserviceimpl.java@org.apache.metron.rest.service.impl.sensorindexingconfigserviceimpl.delete(string);False;False;0.9034152775648784;0.09658472243512224
metron-interface\metron-rest\src\main\java\org\apache\metron\rest\service\impl\sensorindexingconfigserviceimpl.java@org.apache.metron.rest.service.impl.sensorindexingconfigserviceimpl.findone(string);False;False;0.999;0.001
metron-interface\metron-rest\src\main\java\org\apache\metron\rest\service\impl\sensorindexingconfigserviceimpl.java@org.apache.metron.rest.service.impl.sensorindexingconfigserviceimpl.getall();False;False;0.8797500000000003;0.12025000000000002
metron-interface\metron-rest\src\main\java\org\apache\metron\rest\service\impl\sensorindexingconfigserviceimpl.java@org.apache.metron.rest.service.impl.sensorindexingconfigserviceimpl.getallindices(string);False;False;0.9841666666666667;0.01583333333333333
metron-interface\metron-rest\src\main\java\org\apache\metron\rest\service\impl\sensorindexingconfigserviceimpl.java@org.apache.metron.rest.service.impl.sensorindexingconfigserviceimpl.getalltypes();False;False;1.0;0.0
metron-interface\metron-rest\src\main\java\org\apache\metron\rest\service\impl\sensorindexingconfigserviceimpl.java@org.apache.metron.rest.service.impl.sensorindexingconfigserviceimpl.save(string,map);False;False;0.9034152775648784;0.09658472243512224
metron-interface\metron-rest\src\main\java\org\apache\metron\rest\service\impl\sensorparserconfigserviceimpl.java@org.apache.metron.rest.service.impl.sensorparserconfigserviceimpl.sensorparserconfigserviceimpl(objectmapper,curatorframework,grokservice,configurationscache);False;False;0.9034152775648784;0.09658472243512224
metron-interface\metron-rest\src\main\java\org\apache\metron\rest\service\impl\sensorparserconfigserviceimpl.java@org.apache.metron.rest.service.impl.sensorparserconfigserviceimpl.delete(string);False;False;0.9034152775648784;0.09658472243512224
metron-interface\metron-rest\src\main\java\org\apache\metron\rest\service\impl\sensorparserconfigserviceimpl.java@org.apache.metron.rest.service.impl.sensorparserconfigserviceimpl.findone(string);False;False;0.9973333333333334;0.0026666666666666666
metron-interface\metron-rest\src\main\java\org\apache\metron\rest\service\impl\sensorparserconfigserviceimpl.java@org.apache.metron.rest.service.impl.sensorparserconfigserviceimpl.getall();False;False;0.5539416666666664;0.4460583333333335
metron-interface\metron-rest\src\main\java\org\apache\metron\rest\service\impl\sensorparserconfigserviceimpl.java@org.apache.metron.rest.service.impl.sensorparserconfigserviceimpl.getalltypes();False;False;1.0;0.0
metron-interface\metron-rest\src\main\java\org\apache\metron\rest\service\impl\sensorparserconfigserviceimpl.java@org.apache.metron.rest.service.impl.sensorparserconfigserviceimpl.getavailableparsers();False;False;1.0;0.0
metron-interface\metron-rest\src\main\java\org\apache\metron\rest\service\impl\sensorparserconfigserviceimpl.java@org.apache.metron.rest.service.impl.sensorparserconfigserviceimpl.isgrokconfig(sensorparserconfig);False;False;1.0;0.0
metron-interface\metron-rest\src\main\java\org\apache\metron\rest\service\impl\sensorparserconfigserviceimpl.java@org.apache.metron.rest.service.impl.sensorparserconfigserviceimpl.parsemessage(parsemessagerequest);False;False;0.9034152775648784;0.09658472243512224
metron-interface\metron-rest\src\main\java\org\apache\metron\rest\service\impl\sensorparserconfigserviceimpl.java@org.apache.metron.rest.service.impl.sensorparserconfigserviceimpl.reloadavailableparsers();False;False;0.8883166666666665;0.11168333333333333
metron-interface\metron-rest\src\main\java\org\apache\metron\rest\service\impl\sensorparserconfigserviceimpl.java@org.apache.metron.rest.service.impl.sensorparserconfigserviceimpl.save(string,sensorparserconfig);False;False;0.9034152775648784;0.09658472243512224
metron-interface\metron-rest\src\main\java\org\apache\metron\rest\service\impl\stellarserviceimpl.java@org.apache.metron.rest.service.impl.stellarserviceimpl.stellarserviceimpl(curatorframework);False;False;0.9034152775648784;0.09658472243512224
metron-interface\metron-rest\src\main\java\org\apache\metron\rest\service\impl\stellarserviceimpl.java@org.apache.metron.rest.service.impl.stellarserviceimpl.applytransformations(sensorparsercontext);False;False;0.9034152775648784;0.09658472243512224
metron-interface\metron-rest\src\main\java\org\apache\metron\rest\service\impl\stellarserviceimpl.java@org.apache.metron.rest.service.impl.stellarserviceimpl.getsimplestellarfunctions();False;False;0.9034152775648784;0.09658472243512224
metron-interface\metron-rest\src\main\java\org\apache\metron\rest\service\impl\stellarserviceimpl.java@org.apache.metron.rest.service.impl.stellarserviceimpl.getstellarfunctions();False;False;0.979;0.021
metron-interface\metron-rest\src\main\java\org\apache\metron\rest\service\impl\stellarserviceimpl.java@org.apache.metron.rest.service.impl.stellarserviceimpl.gettransformations();False;False;1.0;0.0
metron-interface\metron-rest\src\main\java\org\apache\metron\rest\service\impl\stellarserviceimpl.java@org.apache.metron.rest.service.impl.stellarserviceimpl.validaterules(list);False;False;0.9034152775648784;0.09658472243512224
metron-interface\metron-rest\src\main\java\org\apache\metron\rest\service\impl\stormadminserviceimpl.java@org.apache.metron.rest.service.impl.stormadminserviceimpl.stormadminserviceimpl(stormcliwrapper,globalconfigservice,sensorparserconfigservice);False;False;0.9034152775648784;0.09658472243512224
metron-interface\metron-rest\src\main\java\org\apache\metron\rest\service\impl\stormadminserviceimpl.java@org.apache.metron.rest.service.impl.stormadminserviceimpl.createresponse(int,topologystatuscode,topologystatuscode);False;False;0.9034152775648784;0.09658472243512224
metron-interface\metron-rest\src\main\java\org\apache\metron\rest\service\impl\stormadminserviceimpl.java@org.apache.metron.rest.service.impl.stormadminserviceimpl.getstormclientstatus();False;False;0.9959536255411254;0.0040463744588744585
metron-interface\metron-rest\src\main\java\org\apache\metron\rest\service\impl\stormadminserviceimpl.java@org.apache.metron.rest.service.impl.stormadminserviceimpl.startenrichmenttopology();False;False;0.571513095238095;0.4284869047619049
metron-interface\metron-rest\src\main\java\org\apache\metron\rest\service\impl\stormadminserviceimpl.java@org.apache.metron.rest.service.impl.stormadminserviceimpl.startindexingtopology(string);False;False;0.64385;0.35614999999999997
metron-interface\metron-rest\src\main\java\org\apache\metron\rest\service\impl\stormadminserviceimpl.java@org.apache.metron.rest.service.impl.stormadminserviceimpl.startparsertopology(string);True;False;0.9843333333333333;0.015666666666666666
metron-interface\metron-rest\src\main\java\org\apache\metron\rest\service\impl\stormadminserviceimpl.java@org.apache.metron.rest.service.impl.stormadminserviceimpl.stopenrichmenttopology(boolean);False;False;0.5564023809523814;0.4435976190476189
metron-interface\metron-rest\src\main\java\org\apache\metron\rest\service\impl\stormadminserviceimpl.java@org.apache.metron.rest.service.impl.stormadminserviceimpl.stopindexingtopology(string,boolean);False;False;0.9034152775648784;0.09658472243512224
metron-interface\metron-rest\src\main\java\org\apache\metron\rest\service\impl\stormadminserviceimpl.java@org.apache.metron.rest.service.impl.stormadminserviceimpl.stopparsertopology(string,boolean);True;False;0.9034152775648784;0.09658472243512224
metron-interface\metron-rest\src\main\java\org\apache\metron\rest\service\impl\stormcliwrapper.java@org.apache.metron.rest.service.impl.stormcliwrapper.getenrichmentstartcommand();False;False;0.80915;0.19085000000000002
metron-interface\metron-rest\src\main\java\org\apache\metron\rest\service\impl\stormcliwrapper.java@org.apache.metron.rest.service.impl.stormcliwrapper.getindexingstartcommand(string);False;False;0.79;0.21
metron-interface\metron-rest\src\main\java\org\apache\metron\rest\service\impl\stormcliwrapper.java@org.apache.metron.rest.service.impl.stormcliwrapper.getparserstartcommand(string);True;False;0.981;0.019
metron-interface\metron-rest\src\main\java\org\apache\metron\rest\service\impl\stormcliwrapper.java@org.apache.metron.rest.service.impl.stormcliwrapper.getprocessbuilder(string);False;False;1.0;0.0
metron-interface\metron-rest\src\main\java\org\apache\metron\rest\service\impl\stormcliwrapper.java@org.apache.metron.rest.service.impl.stormcliwrapper.getstopcommand(string,boolean);False;False;0.9034152775648784;0.09658472243512224
metron-interface\metron-rest\src\main\java\org\apache\metron\rest\service\impl\stormcliwrapper.java@org.apache.metron.rest.service.impl.stormcliwrapper.getstormclientstatus();False;False;0.6615;0.3385
metron-interface\metron-rest\src\main\java\org\apache\metron\rest\service\impl\stormcliwrapper.java@org.apache.metron.rest.service.impl.stormcliwrapper.kinit();False;False;0.98325;0.01675
metron-interface\metron-rest\src\main\java\org\apache\metron\rest\service\impl\stormcliwrapper.java@org.apache.metron.rest.service.impl.stormcliwrapper.runcommand(string[]);False;False;0.9034152775648784;0.09658472243512224
metron-interface\metron-rest\src\main\java\org\apache\metron\rest\service\impl\stormcliwrapper.java@org.apache.metron.rest.service.impl.stormcliwrapper.setenvironment(environment);False;False;0.996;0.004
metron-interface\metron-rest\src\main\java\org\apache\metron\rest\service\impl\stormcliwrapper.java@org.apache.metron.rest.service.impl.stormcliwrapper.startenrichmenttopology();False;False;0.5549285714285711;0.4450714285714284
metron-interface\metron-rest\src\main\java\org\apache\metron\rest\service\impl\stormcliwrapper.java@org.apache.metron.rest.service.impl.stormcliwrapper.startindexingtopology(string);False;False;0.7033142857142851;0.296685714285714
metron-interface\metron-rest\src\main\java\org\apache\metron\rest\service\impl\stormcliwrapper.java@org.apache.metron.rest.service.impl.stormcliwrapper.startparsertopology(string);False;False;0.666540476190476;0.33345952380952343
metron-interface\metron-rest\src\main\java\org\apache\metron\rest\service\impl\stormcliwrapper.java@org.apache.metron.rest.service.impl.stormcliwrapper.stopenrichmenttopology(boolean);False;False;0.666540476190476;0.33345952380952343
metron-interface\metron-rest\src\main\java\org\apache\metron\rest\service\impl\stormcliwrapper.java@org.apache.metron.rest.service.impl.stormcliwrapper.stopindexingtopology(string,boolean);False;False;0.9034152775648784;0.09658472243512224
metron-interface\metron-rest\src\main\java\org\apache\metron\rest\service\impl\stormcliwrapper.java@org.apache.metron.rest.service.impl.stormcliwrapper.stopparsertopology(string,boolean);False;False;0.9034152775648784;0.09658472243512224
metron-interface\metron-rest\src\main\java\org\apache\metron\rest\service\impl\stormcliwrapper.java@org.apache.metron.rest.service.impl.stormcliwrapper.stormclientversioninstalled();False;False;0.9034152775648784;0.09658472243512224
metron-interface\metron-rest\src\main\java\org\apache\metron\rest\service\impl\stormstatusserviceimpl.java@org.apache.metron.rest.service.impl.stormstatusserviceimpl.stormstatusserviceimpl(environment,resttemplate);False;False;0.9034152775648784;0.09658472243512224
metron-interface\metron-rest\src\main\java\org\apache\metron\rest\service\impl\stormstatusserviceimpl.java@org.apache.metron.rest.service.impl.stormstatusserviceimpl.activatetopology(string);False;False;1.0;0.0
metron-interface\metron-rest\src\main\java\org\apache\metron\rest\service\impl\stormstatusserviceimpl.java@org.apache.metron.rest.service.impl.stormstatusserviceimpl.deactivatetopology(string);False;False;1.0;0.0
metron-interface\metron-rest\src\main\java\org\apache\metron\rest\service\impl\stormstatusserviceimpl.java@org.apache.metron.rest.service.impl.stormstatusserviceimpl.getalltopologystatus();False;False;0.99;0.01
metron-interface\metron-rest\src\main\java\org\apache\metron\rest\service\impl\stormstatusserviceimpl.java@org.apache.metron.rest.service.impl.stormstatusserviceimpl.getstormuiproperty();False;False;0.9946;0.0054
metron-interface\metron-rest\src\main\java\org\apache\metron\rest\service\impl\stormstatusserviceimpl.java@org.apache.metron.rest.service.impl.stormstatusserviceimpl.getsupervisorsummary();False;False;0.9953333333333334;0.004666666666666666
metron-interface\metron-rest\src\main\java\org\apache\metron\rest\service\impl\stormstatusserviceimpl.java@org.apache.metron.rest.service.impl.stormstatusserviceimpl.gettopologystatus(string);False;False;0.991;0.009
metron-interface\metron-rest\src\main\java\org\apache\metron\rest\service\impl\stormstatusserviceimpl.java@org.apache.metron.rest.service.impl.stormstatusserviceimpl.gettopologysummary();False;False;0.9936666666666667;0.006333333333333333
metron-interface\metron-rest\src\main\java\org\apache\metron\rest\service\impl\updateserviceimpl.java@org.apache.metron.rest.service.impl.updateserviceimpl.updateserviceimpl(indexdao);False;False;0.9034152775648784;0.09658472243512224
metron-interface\metron-rest\src\main\java\org\apache\metron\rest\service\impl\updateserviceimpl.java@org.apache.metron.rest.service.impl.updateserviceimpl.patch(patchrequest);False;False;0.9034152775648784;0.09658472243512224
metron-interface\metron-rest\src\main\java\org\apache\metron\rest\service\impl\updateserviceimpl.java@org.apache.metron.rest.service.impl.updateserviceimpl.replace(replacerequest);False;False;0.9034152775648784;0.09658472243512224
metron-interface\metron-rest\src\test\java\org\apache\metron\rest\metronrestapplicationtest.java@org.apache.metron.rest.metronrestapplicationtest.test();False;False;0.999;0.001
metron-interface\metron-rest\src\test\java\org\apache\metron\rest\config\hbaseconfigtest.java@org.apache.metron.rest.config.hbaseconfigtest.setup();False;False;0.9606666666666668;0.03933333333333334
metron-interface\metron-rest\src\test\java\org\apache\metron\rest\config\hbaseconfigtest.java@org.apache.metron.rest.config.hbaseconfigtest.usersettingstableshouldbereturnedfromglobalconfigbydefault();False;False;0.954;0.046
metron-interface\metron-rest\src\test\java\org\apache\metron\rest\config\hadoopconfigtest.java@org.apache.metron.rest.config.hadoopconfigtest.configurationshouldreturnproperconfiguration();False;False;0.9855583333333333;0.014441666666666667
metron-interface\metron-rest\src\test\java\org\apache\metron\rest\config\hadoopconfigtest.java@org.apache.metron.rest.config.hadoopconfigtest.configurationshouldreturnproperkerberosconfiguration();False;False;0.96;0.04
metron-interface\metron-rest\src\test\java\org\apache\metron\rest\config\hadoopconfigtest.java@org.apache.metron.rest.config.hadoopconfigtest.setup();False;False;0.9906666666666667;0.009333333333333334
metron-interface\metron-rest\src\test\java\org\apache\metron\rest\config\kafkaconfigtest.java@org.apache.metron.rest.config.kafkaconfigtest.kafkaconfigshouldproperlyreturnconsumerproperties();False;False;0.999;0.001
metron-interface\metron-rest\src\test\java\org\apache\metron\rest\config\kafkaconfigtest.java@org.apache.metron.rest.config.kafkaconfigtest.kafkaconfigshouldproperlyreturnproducerproperties();False;False;1.0;0.0
metron-interface\metron-rest\src\test\java\org\apache\metron\rest\config\kafkaconfigtest.java@org.apache.metron.rest.config.kafkaconfigtest.setup();False;False;0.998;0.002
metron-interface\metron-rest\src\test\java\org\apache\metron\rest\config\resttemplateconfigtest.java@org.apache.metron.rest.config.resttemplateconfigtest.resttemplateshouldreturnpropertemplate();False;False;0.999;0.001
metron-interface\metron-rest\src\test\java\org\apache\metron\rest\config\resttemplateconfigtest.java@org.apache.metron.rest.config.resttemplateconfigtest.setup();False;False;0.988;0.012
metron-interface\metron-rest\src\test\java\org\apache\metron\rest\config\testconfig.java@org.apache.metron.rest.config.testconfig.adminutils();False;False;1.0;0.0
metron-interface\metron-rest\src\test\java\org\apache\metron\rest\config\testconfig.java@org.apache.metron.rest.config.testconfig.cache(curatorframework);False;False;0.9961333333333332;0.0038666666666666667
metron-interface\metron-rest\src\test\java\org\apache\metron\rest\config\testconfig.java@org.apache.metron.rest.config.testconfig.client(componentrunner);False;False;0.9692480158730159;0.030751984126984128
metron-interface\metron-rest\src\test\java\org\apache\metron\rest\config\testconfig.java@org.apache.metron.rest.config.testconfig.componentrunner(zkservercomponent,kafkacomponent);False;False;0.9034152775648784;0.09658472243512224
metron-interface\metron-rest\src\test\java\org\apache\metron\rest\config\testconfig.java@org.apache.metron.rest.config.testconfig.createconsumerfactory();False;False;0.9338380952380954;0.06616190476190477
metron-interface\metron-rest\src\test\java\org\apache\metron\rest\config\testconfig.java@org.apache.metron.rest.config.testconfig.kafkaconsumer(kafkacomponent);False;False;0.986;0.014
metron-interface\metron-rest\src\test\java\org\apache\metron\rest\config\testconfig.java@org.apache.metron.rest.config.testconfig.kafkaproducer(kafkacomponent);False;False;0.9804166666666667;0.019583333333333335
metron-interface\metron-rest\src\test\java\org\apache\metron\rest\config\testconfig.java@org.apache.metron.rest.config.testconfig.kafkawithzkcomponent(properties);False;False;1.0;0.0
metron-interface\metron-rest\src\test\java\org\apache\metron\rest\config\testconfig.java@org.apache.metron.rest.config.testconfig.producerproperties(kafkacomponent);False;False;0.975;0.025
metron-interface\metron-rest\src\test\java\org\apache\metron\rest\config\testconfig.java@org.apache.metron.rest.config.testconfig.resttemplate(stormcliwrapper);False;False;0.984;0.016
metron-interface\metron-rest\src\test\java\org\apache\metron\rest\config\testconfig.java@org.apache.metron.rest.config.testconfig.stormcliclientwrapper();False;False;0.9686166666666666;0.03138333333333333
metron-interface\metron-rest\src\test\java\org\apache\metron\rest\config\testconfig.java@org.apache.metron.rest.config.testconfig.usersettingsclient();False;False;0.9526166666666668;0.04738333333333333
metron-interface\metron-rest\src\test\java\org\apache\metron\rest\config\testconfig.java@org.apache.metron.rest.config.testconfig.zkclient(componentrunner);False;False;0.9985;0.0015
metron-interface\metron-rest\src\test\java\org\apache\metron\rest\config\testconfig.java@org.apache.metron.rest.config.testconfig.zkproperties();False;False;0.995;0.005
metron-interface\metron-rest\src\test\java\org\apache\metron\rest\config\testconfig.java@org.apache.metron.rest.config.testconfig.zkservercomponent(properties);False;False;0.9034152775648784;0.09658472243512224
metron-interface\metron-rest\src\test\java\org\apache\metron\rest\config\testconfig.java@org.apache.metron.rest.config.testconfig.zkutils(zkclient);False;False;1.0;0.0
metron-interface\metron-rest\src\test\java\org\apache\metron\rest\controller\alertsuicontrollerintegrationtest.java@org.apache.metron.rest.controller.alertsuicontrollerintegrationtest.alertsprofilesshouldbecreatedorupdated();False;False;0.958;0.042
metron-interface\metron-rest\src\test\java\org\apache\metron\rest\controller\alertsuicontrollerintegrationtest.java@org.apache.metron.rest.controller.alertsuicontrollerintegrationtest.alertsprofilesshouldbeproperlydeleted();False;False;0.969;0.031
metron-interface\metron-rest\src\test\java\org\apache\metron\rest\controller\alertsuicontrollerintegrationtest.java@org.apache.metron.rest.controller.alertsuicontrollerintegrationtest.emptyprofileshouldreturnnotfound();False;False;0.9673130952380953;0.032686904761904764
metron-interface\metron-rest\src\test\java\org\apache\metron\rest\controller\alertsuicontrollerintegrationtest.java@org.apache.metron.rest.controller.alertsuicontrollerintegrationtest.escalateshouldescalatealerts();False;False;0.9726119047619048;0.027388095238095243
metron-interface\metron-rest\src\test\java\org\apache\metron\rest\controller\alertsuicontrollerintegrationtest.java@org.apache.metron.rest.controller.alertsuicontrollerintegrationtest.setup();False;False;0.877;0.123
metron-interface\metron-rest\src\test\java\org\apache\metron\rest\controller\alertsuicontrollerintegrationtest.java@org.apache.metron.rest.controller.alertsuicontrollerintegrationtest.startkafka();False;False;0.9034152775648784;0.09658472243512224
metron-interface\metron-rest\src\test\java\org\apache\metron\rest\controller\alertsuicontrollerintegrationtest.java@org.apache.metron.rest.controller.alertsuicontrollerintegrationtest.stopkafka();False;False;1.0;0.0
metron-interface\metron-rest\src\test\java\org\apache\metron\rest\controller\alertsuicontrollerintegrationtest.java@org.apache.metron.rest.controller.alertsuicontrollerintegrationtest.testalertprofiles();False;False;0.997;0.003
metron-interface\metron-rest\src\test\java\org\apache\metron\rest\controller\alertsuicontrollerintegrationtest.java@org.apache.metron.rest.controller.alertsuicontrollerintegrationtest.testsecurity();False;False;0.9886130952380952;0.011386904761904763
metron-interface\metron-rest\src\test\java\org\apache\metron\rest\controller\daocontrollertest.java@org.apache.metron.rest.controller.daocontrollertest.loadtestdata(map);False;False;0.9034152775648784;0.09658472243512224
metron-interface\metron-rest\src\test\java\org\apache\metron\rest\controller\globalconfigcontrollerintegrationtest.java@org.apache.metron.rest.controller.globalconfigcontrollerintegrationtest.setup();False;False;0.994;0.006
metron-interface\metron-rest\src\test\java\org\apache\metron\rest\controller\globalconfigcontrollerintegrationtest.java@org.apache.metron.rest.controller.globalconfigcontrollerintegrationtest.test();False;False;0.8760666666666668;0.12393333333333333
metron-interface\metron-rest\src\test\java\org\apache\metron\rest\controller\globalconfigcontrollerintegrationtest.java@org.apache.metron.rest.controller.globalconfigcontrollerintegrationtest.testsecurity();False;False;0.9753833333333334;0.024616666666666665
metron-interface\metron-rest\src\test\java\org\apache\metron\rest\controller\grokcontrollerintegrationtest.java@org.apache.metron.rest.controller.grokcontrollerintegrationtest.setup();False;False;0.998;0.002
metron-interface\metron-rest\src\test\java\org\apache\metron\rest\controller\grokcontrollerintegrationtest.java@org.apache.metron.rest.controller.grokcontrollerintegrationtest.test();False;False;0.9605;0.0395
metron-interface\metron-rest\src\test\java\org\apache\metron\rest\controller\grokcontrollerintegrationtest.java@org.apache.metron.rest.controller.grokcontrollerintegrationtest.testsecurity();False;False;0.8776119047619048;0.12238809523809524
metron-interface\metron-rest\src\test\java\org\apache\metron\rest\controller\hdfscontrollerintegrationtest.java@org.apache.metron.rest.controller.hdfscontrollerintegrationtest.setup();False;False;0.995;0.005
metron-interface\metron-rest\src\test\java\org\apache\metron\rest\controller\hdfscontrollerintegrationtest.java@org.apache.metron.rest.controller.hdfscontrollerintegrationtest.test();False;False;0.9790833333333333;0.020916666666666663
metron-interface\metron-rest\src\test\java\org\apache\metron\rest\controller\hdfscontrollerintegrationtest.java@org.apache.metron.rest.controller.hdfscontrollerintegrationtest.testsecurity();False;False;0.9753833333333334;0.024616666666666665
metron-interface\metron-rest\src\test\java\org\apache\metron\rest\controller\kafkacontrollerintegrationtest.java@org.apache.metron.rest.controller.kafkacontrollerintegrationtest.setup();False;False;0.9034152775648784;0.09658472243512224
metron-interface\metron-rest\src\test\java\org\apache\metron\rest\controller\kafkacontrollerintegrationtest.java@org.apache.metron.rest.controller.kafkacontrollerintegrationtest.teardown();False;False;1.0;0.0
metron-interface\metron-rest\src\test\java\org\apache\metron\rest\controller\kafkacontrollerintegrationtest.java@org.apache.metron.rest.controller.kafkacontrollerintegrationtest.test();False;False;0.9034152775648784;0.09658472243512224
metron-interface\metron-rest\src\test\java\org\apache\metron\rest\controller\kafkacontrollerintegrationtest.java@org.apache.metron.rest.controller.kafkacontrollerintegrationtest.testandretry(evaluation);False;False;0.999;0.001
metron-interface\metron-rest\src\test\java\org\apache\metron\rest\controller\kafkacontrollerintegrationtest.java@org.apache.metron.rest.controller.kafkacontrollerintegrationtest.testandretry(int,evaluation);False;False;0.9034152775648784;0.09658472243512224
metron-interface\metron-rest\src\test\java\org\apache\metron\rest\controller\kafkacontrollerintegrationtest.java@org.apache.metron.rest.controller.kafkacontrollerintegrationtest.testsecurity();False;False;0.9879630952380952;0.01203690476190476
metron-interface\metron-rest\src\test\java\org\apache\metron\rest\controller\metaalertcontrollerintegrationtest.java@org.apache.metron.rest.controller.metaalertcontrollerintegrationtest.cleanup();False;False;1.0;0.0
metron-interface\metron-rest\src\test\java\org\apache\metron\rest\controller\metaalertcontrollerintegrationtest.java@org.apache.metron.rest.controller.metaalertcontrollerintegrationtest.setup();False;True;0.236;0.764
metron-interface\metron-rest\src\test\java\org\apache\metron\rest\controller\metaalertcontrollerintegrationtest.java@org.apache.metron.rest.controller.metaalertcontrollerintegrationtest.shouldaddremovealerts();False;False;0.928;0.072
metron-interface\metron-rest\src\test\java\org\apache\metron\rest\controller\metaalertcontrollerintegrationtest.java@org.apache.metron.rest.controller.metaalertcontrollerintegrationtest.shouldupdatestatus();False;False;0.995;0.005
metron-interface\metron-rest\src\test\java\org\apache\metron\rest\controller\metaalertcontrollerintegrationtest.java@org.apache.metron.rest.controller.metaalertcontrollerintegrationtest.test();False;False;0.97;0.03
metron-interface\metron-rest\src\test\java\org\apache\metron\rest\controller\restexceptionhandlertest.java@org.apache.metron.rest.controller.restexceptionhandlertest.handlecontrollerexceptionshoulddefaultto500();False;False;1.0;0.0
metron-interface\metron-rest\src\test\java\org\apache\metron\rest\controller\restexceptionhandlertest.java@org.apache.metron.rest.controller.restexceptionhandlertest.handlecontrollerexceptionshouldproperlyreturnresterror();False;False;0.998;0.002
metron-interface\metron-rest\src\test\java\org\apache\metron\rest\controller\restexceptionhandlertest.java@org.apache.metron.rest.controller.restexceptionhandlertest.handlecontrollerexceptionshouldreturnrootcause();False;False;0.999;0.001
metron-interface\metron-rest\src\test\java\org\apache\metron\rest\controller\restexceptionhandlertest.java@org.apache.metron.rest.controller.restexceptionhandlertest.setup();False;False;0.998;0.002
metron-interface\metron-rest\src\test\java\org\apache\metron\rest\controller\searchcontrollerintegrationtest.java@org.apache.metron.rest.controller.searchcontrollerintegrationtest.cleanup();False;False;1.0;0.0
metron-interface\metron-rest\src\test\java\org\apache\metron\rest\controller\searchcontrollerintegrationtest.java@org.apache.metron.rest.controller.searchcontrollerintegrationtest.loadcolumntypes();False;False;0.995;0.005
metron-interface\metron-rest\src\test\java\org\apache\metron\rest\controller\searchcontrollerintegrationtest.java@org.apache.metron.rest.controller.searchcontrollerintegrationtest.loadfacetcounts();False;False;0.987;0.013
metron-interface\metron-rest\src\test\java\org\apache\metron\rest\controller\searchcontrollerintegrationtest.java@org.apache.metron.rest.controller.searchcontrollerintegrationtest.setup();False;False;0.5933999999999999;0.4066
metron-interface\metron-rest\src\test\java\org\apache\metron\rest\controller\searchcontrollerintegrationtest.java@org.apache.metron.rest.controller.searchcontrollerintegrationtest.test();False;False;0.8626666666666666;0.1373333333333333
metron-interface\metron-rest\src\test\java\org\apache\metron\rest\controller\searchcontrollerintegrationtest.java@org.apache.metron.rest.controller.searchcontrollerintegrationtest.testcolumnmetadatausingdefaultindices();False;False;1.0;0.0
metron-interface\metron-rest\src\test\java\org\apache\metron\rest\controller\searchcontrollerintegrationtest.java@org.apache.metron.rest.controller.searchcontrollerintegrationtest.testsearchwithalertprofilefacetfields();False;False;0.7399166666666667;0.2600833333333334
metron-interface\metron-rest\src\test\java\org\apache\metron\rest\controller\searchcontrollerintegrationtest.java@org.apache.metron.rest.controller.searchcontrollerintegrationtest.testsearchwithdefaults();False;False;0.94;0.06
metron-interface\metron-rest\src\test\java\org\apache\metron\rest\controller\searchcontrollerintegrationtest.java@org.apache.metron.rest.controller.searchcontrollerintegrationtest.testsecurity();False;False;0.9402619047619049;0.059738095238095236
metron-interface\metron-rest\src\test\java\org\apache\metron\rest\controller\sensorenrichmentconfigcontrollerintegrationtest.java@org.apache.metron.rest.controller.sensorenrichmentconfigcontrollerintegrationtest.setup();False;False;0.981;0.019
metron-interface\metron-rest\src\test\java\org\apache\metron\rest\controller\sensorenrichmentconfigcontrollerintegrationtest.java@org.apache.metron.rest.controller.sensorenrichmentconfigcontrollerintegrationtest.test();False;False;0.869;0.131
metron-interface\metron-rest\src\test\java\org\apache\metron\rest\controller\sensorenrichmentconfigcontrollerintegrationtest.java@org.apache.metron.rest.controller.sensorenrichmentconfigcontrollerintegrationtest.testsecurity();False;False;0.6654931818181823;0.33450681818181793
metron-interface\metron-rest\src\test\java\org\apache\metron\rest\controller\sensorindexingconfigcontrollerintegrationtest.java@org.apache.metron.rest.controller.sensorindexingconfigcontrollerintegrationtest.setup();False;False;0.994;0.006
metron-interface\metron-rest\src\test\java\org\apache\metron\rest\controller\sensorindexingconfigcontrollerintegrationtest.java@org.apache.metron.rest.controller.sensorindexingconfigcontrollerintegrationtest.test();False;True;0.364;0.636
metron-interface\metron-rest\src\test\java\org\apache\metron\rest\controller\sensorindexingconfigcontrollerintegrationtest.java@org.apache.metron.rest.controller.sensorindexingconfigcontrollerintegrationtest.testsecurity();False;False;0.7608488095238098;0.23915119047619054
metron-interface\metron-rest\src\test\java\org\apache\metron\rest\controller\sensorparserconfigcontrollerintegrationtest.java@org.apache.metron.rest.controller.sensorparserconfigcontrollerintegrationtest.cleanfilesystem();False;False;0.9953333333333333;0.004666666666666666
metron-interface\metron-rest\src\test\java\org\apache\metron\rest\controller\sensorparserconfigcontrollerintegrationtest.java@org.apache.metron.rest.controller.sensorparserconfigcontrollerintegrationtest.setup();False;False;0.985;0.015
metron-interface\metron-rest\src\test\java\org\apache\metron\rest\controller\sensorparserconfigcontrollerintegrationtest.java@org.apache.metron.rest.controller.sensorparserconfigcontrollerintegrationtest.test();False;True;0.204;0.796
metron-interface\metron-rest\src\test\java\org\apache\metron\rest\controller\sensorparserconfigcontrollerintegrationtest.java@org.apache.metron.rest.controller.sensorparserconfigcontrollerintegrationtest.testsecurity();False;False;0.6654931818181823;0.33450681818181793
metron-interface\metron-rest\src\test\java\org\apache\metron\rest\controller\stellarcontrollerintegrationtest.java@org.apache.metron.rest.controller.stellarcontrollerintegrationtest.setup();False;False;0.976;0.024
metron-interface\metron-rest\src\test\java\org\apache\metron\rest\controller\stellarcontrollerintegrationtest.java@org.apache.metron.rest.controller.stellarcontrollerintegrationtest.test();False;False;0.9726261904761905;0.02737380952380952
metron-interface\metron-rest\src\test\java\org\apache\metron\rest\controller\stellarcontrollerintegrationtest.java@org.apache.metron.rest.controller.stellarcontrollerintegrationtest.testsecurity();False;False;0.9476988095238092;0.052301190476190494
metron-interface\metron-rest\src\test\java\org\apache\metron\rest\controller\stormcontrollerintegrationtest.java@org.apache.metron.rest.controller.stormcontrollerintegrationtest.setup();False;False;0.956;0.044
metron-interface\metron-rest\src\test\java\org\apache\metron\rest\controller\stormcontrollerintegrationtest.java@org.apache.metron.rest.controller.stormcontrollerintegrationtest.test();False;True;0.272;0.728
metron-interface\metron-rest\src\test\java\org\apache\metron\rest\controller\stormcontrollerintegrationtest.java@org.apache.metron.rest.controller.stormcontrollerintegrationtest.testsecurity();False;False;0.961;0.039
metron-interface\metron-rest\src\test\java\org\apache\metron\rest\controller\updatecontrollerintegrationtest.java@org.apache.metron.rest.controller.updatecontrollerintegrationtest.setup();False;True;0.254;0.746
metron-interface\metron-rest\src\test\java\org\apache\metron\rest\controller\updatecontrollerintegrationtest.java@org.apache.metron.rest.controller.updatecontrollerintegrationtest.test();False;False;0.9034152775648784;0.09658472243512224
metron-interface\metron-rest\src\test\java\org\apache\metron\rest\controller\usercontrollerintegrationtest.java@org.apache.metron.rest.controller.usercontrollerintegrationtest.setup();False;False;0.733;0.267
metron-interface\metron-rest\src\test\java\org\apache\metron\rest\controller\usercontrollerintegrationtest.java@org.apache.metron.rest.controller.usercontrollerintegrationtest.testgetuser();False;False;0.900345238095238;0.09965476190476191
metron-interface\metron-rest\src\test\java\org\apache\metron\rest\controller\usercontrollerintegrationtest.java@org.apache.metron.rest.controller.usercontrollerintegrationtest.testsecurity();False;False;0.9777166666666667;0.022283333333333336
metron-interface\metron-rest\src\test\java\org\apache\metron\rest\generator\sampledatagenerator.java@org.apache.metron.rest.generator.sampledatagenerator.emitdata(int,string,int);False;False;0.9034152775648784;0.09658472243512224
metron-interface\metron-rest\src\test\java\org\apache\metron\rest\generator\sampledatagenerator.java@org.apache.metron.rest.generator.sampledatagenerator.emitsensordata(string,string,int);False;False;0.9034152775648784;0.09658472243512224
metron-interface\metron-rest\src\test\java\org\apache\metron\rest\generator\sampledatagenerator.java@org.apache.metron.rest.generator.sampledatagenerator.emittokafka(string,string);False;False;0.9034152775648784;0.09658472243512224
metron-interface\metron-rest\src\test\java\org\apache\metron\rest\generator\sampledatagenerator.java@org.apache.metron.rest.generator.sampledatagenerator.generatesampledata(string);False;False;0.9845;0.0155
metron-interface\metron-rest\src\test\java\org\apache\metron\rest\generator\sampledatagenerator.java@org.apache.metron.rest.generator.sampledatagenerator.getoptions();False;False;0.965;0.035
metron-interface\metron-rest\src\test\java\org\apache\metron\rest\generator\sampledatagenerator.java@org.apache.metron.rest.generator.sampledatagenerator.loaddata(string);False;False;0.9653333333333334;0.03466666666666667
metron-interface\metron-rest\src\test\java\org\apache\metron\rest\generator\sampledatagenerator.java@org.apache.metron.rest.generator.sampledatagenerator.main(string[]);False;False;0.9034152775648784;0.09658472243512224
metron-interface\metron-rest\src\test\java\org\apache\metron\rest\generator\sampledatagenerator.java@org.apache.metron.rest.generator.sampledatagenerator.setbrokerurl(string);False;False;0.9968597220010263;0.003140277998973651
metron-interface\metron-rest\src\test\java\org\apache\metron\rest\generator\sampledatagenerator.java@org.apache.metron.rest.generator.sampledatagenerator.setdelay(integer);False;False;0.9775952569781741;0.022404743021829047
metron-interface\metron-rest\src\test\java\org\apache\metron\rest\generator\sampledatagenerator.java@org.apache.metron.rest.generator.sampledatagenerator.setnum(integer);False;False;0.9775952569781741;0.022404743021829047
metron-interface\metron-rest\src\test\java\org\apache\metron\rest\generator\sampledatagenerator.java@org.apache.metron.rest.generator.sampledatagenerator.setselectedsensortype(string);False;False;1.0;0.0
metron-interface\metron-rest\src\test\java\org\apache\metron\rest\generator\sampledatagenerator.java@org.apache.metron.rest.generator.sampledatagenerator.startclients();False;False;1.0;0.0
metron-interface\metron-rest\src\test\java\org\apache\metron\rest\generator\sampledatagenerator.java@org.apache.metron.rest.generator.sampledatagenerator.startkafka();False;False;0.986;0.014
metron-interface\metron-rest\src\test\java\org\apache\metron\rest\generator\sampledatagenerator.java@org.apache.metron.rest.generator.sampledatagenerator.stopclients();False;False;1.0;0.0
metron-interface\metron-rest\src\test\java\org\apache\metron\rest\generator\sampledatagenerator.java@org.apache.metron.rest.generator.sampledatagenerator.stopkafka();False;False;0.933;0.067
metron-interface\metron-rest\src\test\java\org\apache\metron\rest\mock\mockstormcliclientwrapper.java@org.apache.metron.rest.mock.mockstormcliclientwrapper.activateenrichmenttopology();False;True;0.49737319624819665;0.5026268037518035
metron-interface\metron-rest\src\test\java\org\apache\metron\rest\mock\mockstormcliclientwrapper.java@org.apache.metron.rest.mock.mockstormcliclientwrapper.activateindexingtopology(string);False;False;0.9509738095238097;0.04902619047619047
metron-interface\metron-rest\src\test\java\org\apache\metron\rest\mock\mockstormcliclientwrapper.java@org.apache.metron.rest.mock.mockstormcliclientwrapper.activateparsertopology(string);False;False;0.9940833333333333;0.005916666666666667
metron-interface\metron-rest\src\test\java\org\apache\metron\rest\mock\mockstormcliclientwrapper.java@org.apache.metron.rest.mock.mockstormcliclientwrapper.deactivateenrichmenttopology();False;True;0.49737319624819665;0.5026268037518035
metron-interface\metron-rest\src\test\java\org\apache\metron\rest\mock\mockstormcliclientwrapper.java@org.apache.metron.rest.mock.mockstormcliclientwrapper.deactivateindexingtopology(string);False;False;0.9499738095238097;0.050026190476190474
metron-interface\metron-rest\src\test\java\org\apache\metron\rest\mock\mockstormcliclientwrapper.java@org.apache.metron.rest.mock.mockstormcliclientwrapper.deactivateparsertopology(string);False;False;0.9940833333333333;0.005916666666666667
metron-interface\metron-rest\src\test\java\org\apache\metron\rest\mock\mockstormcliclientwrapper.java@org.apache.metron.rest.mock.mockstormcliclientwrapper.getenrichmentstatus();False;False;0.8722588954818835;0.12774110451811724
metron-interface\metron-rest\src\test\java\org\apache\metron\rest\mock\mockstormcliclientwrapper.java@org.apache.metron.rest.mock.mockstormcliclientwrapper.getindexingstatus(string);False;False;1.0;0.0
metron-interface\metron-rest\src\test\java\org\apache\metron\rest\mock\mockstormcliclientwrapper.java@org.apache.metron.rest.mock.mockstormcliclientwrapper.getparserstatus(string);False;False;0.9676999999999998;0.032299999999999995
metron-interface\metron-rest\src\test\java\org\apache\metron\rest\mock\mockstormcliclientwrapper.java@org.apache.metron.rest.mock.mockstormcliclientwrapper.getparsertopologynames();False;False;0.997;0.003
metron-interface\metron-rest\src\test\java\org\apache\metron\rest\mock\mockstormcliclientwrapper.java@org.apache.metron.rest.mock.mockstormcliclientwrapper.startenrichmenttopology();False;False;0.5206952380952387;0.4793047619047615
metron-interface\metron-rest\src\test\java\org\apache\metron\rest\mock\mockstormcliclientwrapper.java@org.apache.metron.rest.mock.mockstormcliclientwrapper.startindexingtopology(string);False;False;0.9635666666666668;0.03643333333333334
metron-interface\metron-rest\src\test\java\org\apache\metron\rest\mock\mockstormcliclientwrapper.java@org.apache.metron.rest.mock.mockstormcliclientwrapper.startparsertopology(string);False;False;0.9965833333333334;0.003416666666666667
metron-interface\metron-rest\src\test\java\org\apache\metron\rest\mock\mockstormcliclientwrapper.java@org.apache.metron.rest.mock.mockstormcliclientwrapper.stopenrichmenttopology(boolean);False;False;0.5314119047619046;0.4685880952380952
metron-interface\metron-rest\src\test\java\org\apache\metron\rest\mock\mockstormcliclientwrapper.java@org.apache.metron.rest.mock.mockstormcliclientwrapper.stopindexingtopology(string,boolean);False;False;0.9034152775648784;0.09658472243512224
metron-interface\metron-rest\src\test\java\org\apache\metron\rest\mock\mockstormcliclientwrapper.java@org.apache.metron.rest.mock.mockstormcliclientwrapper.stopparsertopology(string,boolean);False;False;0.9034152775648784;0.09658472243512224
metron-interface\metron-rest\src\test\java\org\apache\metron\rest\mock\mockstormcliclientwrapper.java@org.apache.metron.rest.mock.mockstormcliclientwrapper.stormclientversioninstalled();False;False;0.9966104861398826;0.00338951386011724
metron-interface\metron-rest\src\test\java\org\apache\metron\rest\mock\mockstormresttemplate.java@org.apache.metron.rest.mock.mockstormresttemplate.getforobject(string,class,object);False;False;0.9034152775648784;0.09658472243512224
metron-interface\metron-rest\src\test\java\org\apache\metron\rest\mock\mockstormresttemplate.java@org.apache.metron.rest.mock.mockstormresttemplate.getstormuiproperty();False;False;0.9961;0.0039
metron-interface\metron-rest\src\test\java\org\apache\metron\rest\mock\mockstormresttemplate.java@org.apache.metron.rest.mock.mockstormresttemplate.gettopologystatus(string);False;True;0.3573333333333334;0.6426666666666667
metron-interface\metron-rest\src\test\java\org\apache\metron\rest\mock\mockstormresttemplate.java@org.apache.metron.rest.mock.mockstormresttemplate.postforobject(string,object,class,object);False;False;0.9034152775648784;0.09658472243512224
metron-interface\metron-rest\src\test\java\org\apache\metron\rest\mock\mockstormresttemplate.java@org.apache.metron.rest.mock.mockstormresttemplate.setmockstormcliclientwrapper(mockstormcliclientwrapper);False;False;0.999;0.001
metron-interface\metron-rest\src\test\java\org\apache\metron\rest\service\impl\alertsuiserviceimpltest.java@org.apache.metron.rest.service.impl.alertsuiserviceimpltest.deleteshouldproperlydeleteactiveprofile();False;False;0.9879166666666668;0.012083333333333333
metron-interface\metron-rest\src\test\java\org\apache\metron\rest\service\impl\alertsuiserviceimpltest.java@org.apache.metron.rest.service.impl.alertsuiserviceimpltest.findallshouldproperlyreturnactiveprofiles();False;False;0.98475;0.01525
metron-interface\metron-rest\src\test\java\org\apache\metron\rest\service\impl\alertsuiserviceimpltest.java@org.apache.metron.rest.service.impl.alertsuiserviceimpltest.getshouldproperlyreturnactiveprofile();False;False;0.9590666666666666;0.04093333333333333
metron-interface\metron-rest\src\test\java\org\apache\metron\rest\service\impl\alertsuiserviceimpltest.java@org.apache.metron.rest.service.impl.alertsuiserviceimpltest.producemessageshouldproperlyproducemessage();False;False;0.999;0.001
metron-interface\metron-rest\src\test\java\org\apache\metron\rest\service\impl\alertsuiserviceimpltest.java@org.apache.metron.rest.service.impl.alertsuiserviceimpltest.saveshouldproperlysaveactiveprofile();False;False;0.969;0.031
metron-interface\metron-rest\src\test\java\org\apache\metron\rest\service\impl\alertsuiserviceimpltest.java@org.apache.metron.rest.service.impl.alertsuiserviceimpltest.setup();False;False;0.977;0.023
metron-interface\metron-rest\src\test\java\org\apache\metron\rest\service\impl\dockerstormcliwrappertest.java@org.apache.metron.rest.service.impl.dockerstormcliwrappertest.getprocessbuildershouldproperlygenerateprocessorbuilder();False;False;1.0;0.0
metron-interface\metron-rest\src\test\java\org\apache\metron\rest\service\impl\dockerstormcliwrappertest.java@org.apache.metron.rest.service.impl.dockerstormcliwrappertest.setup();False;False;0.945;0.055
metron-interface\metron-rest\src\test\java\org\apache\metron\rest\service\impl\globalconfigserviceimpltest.java@org.apache.metron.rest.service.impl.globalconfigserviceimpltest.deleteshouldproperlycatchnonodeexceptionandreturnfalse();False;False;0.9723333333333334;0.02766666666666667
metron-interface\metron-rest\src\test\java\org\apache\metron\rest\service\impl\globalconfigserviceimpltest.java@org.apache.metron.rest.service.impl.globalconfigserviceimpltest.deleteshouldproperlycatchnonnonodeexceptionandthrowrestexception();False;False;1.0;0.0
metron-interface\metron-rest\src\test\java\org\apache\metron\rest\service\impl\globalconfigserviceimpltest.java@org.apache.metron.rest.service.impl.globalconfigserviceimpltest.deleteshouldreturntruewhenclientsuccessfullycallsdelete();False;False;0.9993333333333333;0.0006666666666666666
metron-interface\metron-rest\src\test\java\org\apache\metron\rest\service\impl\globalconfigserviceimpltest.java@org.apache.metron.rest.service.impl.globalconfigserviceimpltest.getconfigurations();False;False;0.996;0.004
metron-interface\metron-rest\src\test\java\org\apache\metron\rest\service\impl\globalconfigserviceimpltest.java@org.apache.metron.rest.service.impl.globalconfigserviceimpltest.getshouldproperlyreturnglobalconfig();False;False;0.984;0.016
metron-interface\metron-rest\src\test\java\org\apache\metron\rest\service\impl\globalconfigserviceimpltest.java@org.apache.metron.rest.service.impl.globalconfigserviceimpltest.getshouldwrapnonnonodeexceptioninrestexception();False;False;0.9937500000000001;0.006250000000000001
metron-interface\metron-rest\src\test\java\org\apache\metron\rest\service\impl\globalconfigserviceimpltest.java@org.apache.metron.rest.service.impl.globalconfigserviceimpltest.saveshouldreturnsameconfigthatispassedonsuccessfulsave();False;False;0.997;0.003
metron-interface\metron-rest\src\test\java\org\apache\metron\rest\service\impl\globalconfigserviceimpltest.java@org.apache.metron.rest.service.impl.globalconfigserviceimpltest.saveshouldwrapexceptioninrestexception();False;False;0.974;0.026
metron-interface\metron-rest\src\test\java\org\apache\metron\rest\service\impl\globalconfigserviceimpltest.java@org.apache.metron.rest.service.impl.globalconfigserviceimpltest.setup();False;False;0.977;0.023
metron-interface\metron-rest\src\test\java\org\apache\metron\rest\service\impl\grokserviceimpltest.java@org.apache.metron.rest.service.impl.grokserviceimpltest.getcommongrokpattersshouldcallgroktogetpatterns();False;False;0.9833500000000001;0.016649999999999998
metron-interface\metron-rest\src\test\java\org\apache\metron\rest\service\impl\grokserviceimpltest.java@org.apache.metron.rest.service.impl.grokserviceimpltest.getcommongrokpattersshouldcallgroktogetpatternsandnotaltervalue();False;False;0.9885;0.0115
metron-interface\metron-rest\src\test\java\org\apache\metron\rest\service\impl\grokserviceimpltest.java@org.apache.metron.rest.service.impl.grokserviceimpltest.getstatementfromclasspathshouldreturnstatement();False;False;1.0;0.0
metron-interface\metron-rest\src\test\java\org\apache\metron\rest\service\impl\grokserviceimpltest.java@org.apache.metron.rest.service.impl.grokserviceimpltest.getstatementfromclasspathshouldthrowrestexception();False;False;1.0;0.0
metron-interface\metron-rest\src\test\java\org\apache\metron\rest\service\impl\grokserviceimpltest.java@org.apache.metron.rest.service.impl.grokserviceimpltest.invalidgrokstatementshouldthrowrestexception();False;False;0.991;0.009
metron-interface\metron-rest\src\test\java\org\apache\metron\rest\service\impl\grokserviceimpltest.java@org.apache.metron.rest.service.impl.grokserviceimpltest.missinggrokstatementshouldthrowrestexception();False;False;1.0;0.0
metron-interface\metron-rest\src\test\java\org\apache\metron\rest\service\impl\grokserviceimpltest.java@org.apache.metron.rest.service.impl.grokserviceimpltest.savetemporaryshouldproperlysavefile();False;False;0.989;0.011
metron-interface\metron-rest\src\test\java\org\apache\metron\rest\service\impl\grokserviceimpltest.java@org.apache.metron.rest.service.impl.grokserviceimpltest.setup();False;False;0.9595;0.0405
metron-interface\metron-rest\src\test\java\org\apache\metron\rest\service\impl\grokserviceimpltest.java@org.apache.metron.rest.service.impl.grokserviceimpltest.validategrokstatementshouldproperlymatchnothingagainstemptystring();False;False;0.999;0.001
metron-interface\metron-rest\src\test\java\org\apache\metron\rest\service\impl\grokserviceimpltest.java@org.apache.metron.rest.service.impl.grokserviceimpltest.validategrokstatementshouldproperlymatchnothingagainstnullstring();False;False;0.998;0.002
metron-interface\metron-rest\src\test\java\org\apache\metron\rest\service\impl\grokserviceimpltest.java@org.apache.metron.rest.service.impl.grokserviceimpltest.validategrokstatementshouldproperlymatchsampledataagainstgivenstatement();False;False;0.985;0.015
metron-interface\metron-rest\src\test\java\org\apache\metron\rest\service\impl\grokserviceimpltest.java@org.apache.metron.rest.service.impl.grokserviceimpltest.validategrokstatementshouldthrowexceptionwithemptystringasstatement();False;False;0.9931666666666666;0.006833333333333333
metron-interface\metron-rest\src\test\java\org\apache\metron\rest\service\impl\grokserviceimpltest.java@org.apache.metron.rest.service.impl.grokserviceimpltest.validategrokstatementshouldthrowexceptionwithnullstringaspatternlabel();False;False;0.9810833333333333;0.018916666666666665
metron-interface\metron-rest\src\test\java\org\apache\metron\rest\service\impl\grokserviceimpltest.java@org.apache.metron.rest.service.impl.grokserviceimpltest.validategrokstatementshouldthrowexceptionwithnullstringasstatement();False;False;0.9951666666666666;0.004833333333333333
metron-interface\metron-rest\src\test\java\org\apache\metron\rest\service\impl\hdfsserviceimplexceptiontest.java@org.apache.metron.rest.service.impl.hdfsserviceimplexceptiontest.deleteshouldwrapexceptioninrestexception();False;False;1.0;0.0
metron-interface\metron-rest\src\test\java\org\apache\metron\rest\service\impl\hdfsserviceimplexceptiontest.java@org.apache.metron.rest.service.impl.hdfsserviceimplexceptiontest.listshouldwrapexceptioninrestexception();False;False;1.0;0.0
metron-interface\metron-rest\src\test\java\org\apache\metron\rest\service\impl\hdfsserviceimplexceptiontest.java@org.apache.metron.rest.service.impl.hdfsserviceimplexceptiontest.readshouldwrapexceptioninrestexception();False;False;1.0;0.0
metron-interface\metron-rest\src\test\java\org\apache\metron\rest\service\impl\hdfsserviceimplexceptiontest.java@org.apache.metron.rest.service.impl.hdfsserviceimplexceptiontest.setup();False;False;0.961;0.039
metron-interface\metron-rest\src\test\java\org\apache\metron\rest\service\impl\hdfsserviceimplexceptiontest.java@org.apache.metron.rest.service.impl.hdfsserviceimplexceptiontest.writeshouldthrowifinvalidpermissions();False;False;0.9676;0.0324
metron-interface\metron-rest\src\test\java\org\apache\metron\rest\service\impl\hdfsserviceimplexceptiontest.java@org.apache.metron.rest.service.impl.hdfsserviceimplexceptiontest.writeshouldwrapexceptioninrestexception();False;False;0.993;0.007
metron-interface\metron-rest\src\test\java\org\apache\metron\rest\service\impl\hdfsserviceimpltest.java@org.apache.metron.rest.service.impl.hdfsserviceimpltest.deleteshouldproperlydeletefile();False;False;0.993;0.007
metron-interface\metron-rest\src\test\java\org\apache\metron\rest\service\impl\hdfsserviceimpltest.java@org.apache.metron.rest.service.impl.hdfsserviceimpltest.listshouldlistfiles();False;False;0.9835;0.0165
metron-interface\metron-rest\src\test\java\org\apache\metron\rest\service\impl\hdfsserviceimpltest.java@org.apache.metron.rest.service.impl.hdfsserviceimpltest.readshouldproperlyreadcontents();False;False;0.993;0.007
metron-interface\metron-rest\src\test\java\org\apache\metron\rest\service\impl\hdfsserviceimpltest.java@org.apache.metron.rest.service.impl.hdfsserviceimpltest.setup();False;False;0.995;0.005
metron-interface\metron-rest\src\test\java\org\apache\metron\rest\service\impl\hdfsserviceimpltest.java@org.apache.metron.rest.service.impl.hdfsserviceimpltest.teardown();False;False;0.998;0.002
metron-interface\metron-rest\src\test\java\org\apache\metron\rest\service\impl\hdfsserviceimpltest.java@org.apache.metron.rest.service.impl.hdfsserviceimpltest.writeshouldproperlywritecontents();False;False;0.983;0.017
metron-interface\metron-rest\src\test\java\org\apache\metron\rest\service\impl\hdfsserviceimpltest.java@org.apache.metron.rest.service.impl.hdfsserviceimpltest.writeshouldproperlywritecontentswithpermissions();False;False;0.996;0.004
metron-interface\metron-rest\src\test\java\org\apache\metron\rest\service\impl\kafkaserviceimpltest.java@org.apache.metron.rest.service.impl.kafkaserviceimpltest.addacltononexistingtopicshouldreturnfalse();False;False;0.9876666666666667;0.012333333333333333
metron-interface\metron-rest\src\test\java\org\apache\metron\rest\service\impl\kafkaserviceimpltest.java@org.apache.metron.rest.service.impl.kafkaserviceimpltest.createtopicshouldfailifreplicationfactorisgreaterthanavailablebrokers();False;False;0.9157000000000001;0.0843
metron-interface\metron-rest\src\test\java\org\apache\metron\rest\service\impl\kafkaserviceimpltest.java@org.apache.metron.rest.service.impl.kafkaserviceimpltest.deletingtopicthatdoesnotexistshouldreturnfalse();False;False;0.9879166666666667;0.012083333333333333
metron-interface\metron-rest\src\test\java\org\apache\metron\rest\service\impl\kafkaserviceimpltest.java@org.apache.metron.rest.service.impl.kafkaserviceimpltest.deletingtopicthatexistshouldreturntrue();False;False;0.9903166666666666;0.009683333333333334
metron-interface\metron-rest\src\test\java\org\apache\metron\rest\service\impl\kafkaserviceimpltest.java@org.apache.metron.rest.service.impl.kafkaserviceimpltest.getsamplemessageproperlyreturnsamessagefromagivenkafkatopic();False;False;0.967;0.033
metron-interface\metron-rest\src\test\java\org\apache\metron\rest\service\impl\kafkaserviceimpltest.java@org.apache.metron.rest.service.impl.kafkaserviceimpltest.gettopicshouldproperlyhandletopicsthatdontexist();False;False;0.98475;0.01525
metron-interface\metron-rest\src\test\java\org\apache\metron\rest\service\impl\kafkaserviceimpltest.java@org.apache.metron.rest.service.impl.kafkaserviceimpltest.gettopicshouldproperlymaptopictokafkatopic();False;False;0.991;0.009
metron-interface\metron-rest\src\test\java\org\apache\metron\rest\service\impl\kafkaserviceimpltest.java@org.apache.metron.rest.service.impl.kafkaserviceimpltest.listtopicshappypath();False;False;0.999;0.001
metron-interface\metron-rest\src\test\java\org\apache\metron\rest\service\impl\kafkaserviceimpltest.java@org.apache.metron.rest.service.impl.kafkaserviceimpltest.listtopicshappypathwithlisttopicsreturningemptymap();False;False;0.9935;0.0065
metron-interface\metron-rest\src\test\java\org\apache\metron\rest\service\impl\kafkaserviceimpltest.java@org.apache.metron.rest.service.impl.kafkaserviceimpltest.listtopicshappypathwithlisttopicsreturningnull();False;False;0.9935;0.0065
metron-interface\metron-rest\src\test\java\org\apache\metron\rest\service\impl\kafkaserviceimpltest.java@org.apache.metron.rest.service.impl.kafkaserviceimpltest.listtopicsshouldproperlyremoveoffsettopic();False;False;1.0;0.0
metron-interface\metron-rest\src\test\java\org\apache\metron\rest\service\impl\kafkaserviceimpltest.java@org.apache.metron.rest.service.impl.kafkaserviceimpltest.makesuredeletingtopicreturnsfalsewhennotopicsexist();False;False;0.959;0.041
metron-interface\metron-rest\src\test\java\org\apache\metron\rest\service\impl\kafkaserviceimpltest.java@org.apache.metron.rest.service.impl.kafkaserviceimpltest.producemessageshouldproperlyproducemessage();False;False;1.0;0.0
metron-interface\metron-rest\src\test\java\org\apache\metron\rest\service\impl\kafkaserviceimpltest.java@org.apache.metron.rest.service.impl.kafkaserviceimpltest.setup();False;False;0.961;0.039
metron-interface\metron-rest\src\test\java\org\apache\metron\rest\service\impl\kafkaserviceimpltest.java@org.apache.metron.rest.service.impl.kafkaserviceimpltest.whenadminutilsthrowsadminoperationexceptioncreatetopicshouldproperlywrapexceptioninrestexception();False;False;0.9375;0.0625
metron-interface\metron-rest\src\test\java\org\apache\metron\rest\service\impl\searchserviceimpltest.java@org.apache.metron.rest.service.impl.searchserviceimpltest.getcolumnmetadatashouldproperlygetdefaultindices();False;False;0.9933;0.0067
metron-interface\metron-rest\src\test\java\org\apache\metron\rest\service\impl\searchserviceimpltest.java@org.apache.metron.rest.service.impl.searchserviceimpltest.saveshouldwrapexceptioninrestexception();False;False;0.7406666666666667;0.2593333333333333
metron-interface\metron-rest\src\test\java\org\apache\metron\rest\service\impl\searchserviceimpltest.java@org.apache.metron.rest.service.impl.searchserviceimpltest.searchshouldproperlysearch();False;False;0.929;0.071
metron-interface\metron-rest\src\test\java\org\apache\metron\rest\service\impl\searchserviceimpltest.java@org.apache.metron.rest.service.impl.searchserviceimpltest.searchshouldproperlysearchdefaultfacetfields();False;False;0.9885;0.0115
metron-interface\metron-rest\src\test\java\org\apache\metron\rest\service\impl\searchserviceimpltest.java@org.apache.metron.rest.service.impl.searchserviceimpltest.searchshouldproperlysearchdefaultindices();False;False;0.996;0.004
metron-interface\metron-rest\src\test\java\org\apache\metron\rest\service\impl\searchserviceimpltest.java@org.apache.metron.rest.service.impl.searchserviceimpltest.searchshouldproperlysearchwithemptydefaultfacetfields();False;False;0.929;0.071
metron-interface\metron-rest\src\test\java\org\apache\metron\rest\service\impl\searchserviceimpltest.java@org.apache.metron.rest.service.impl.searchserviceimpltest.searchshouldproperlysearchwithusersettingsfacetfields();False;False;0.996;0.004
metron-interface\metron-rest\src\test\java\org\apache\metron\rest\service\impl\searchserviceimpltest.java@org.apache.metron.rest.service.impl.searchserviceimpltest.setup();False;False;0.956;0.044
metron-interface\metron-rest\src\test\java\org\apache\metron\rest\service\impl\searchserviceimpltest.java@org.apache.metron.rest.service.impl.searchserviceimpltest.testgetdefaultfacetfieldsemptyglobalconfig();False;False;0.995;0.005
metron-interface\metron-rest\src\test\java\org\apache\metron\rest\service\impl\searchserviceimpltest.java@org.apache.metron.rest.service.impl.searchserviceimpltest.testgetdefaultfacetfieldsglobalconfig();True;False;0.996;0.004
metron-interface\metron-rest\src\test\java\org\apache\metron\rest\service\impl\sensorenrichmentconfigserviceimpltest.java@org.apache.metron.rest.service.impl.sensorenrichmentconfigserviceimpltest.deleteshouldproperlycatchnonodeexceptionandreturnfalse();False;False;1.0;0.0
metron-interface\metron-rest\src\test\java\org\apache\metron\rest\service\impl\sensorenrichmentconfigserviceimpltest.java@org.apache.metron.rest.service.impl.sensorenrichmentconfigserviceimpltest.deleteshouldproperlycatchnonnonodeexceptionandthrowrestexception();False;False;1.0;0.0
metron-interface\metron-rest\src\test\java\org\apache\metron\rest\service\impl\sensorenrichmentconfigserviceimpltest.java@org.apache.metron.rest.service.impl.sensorenrichmentconfigserviceimpltest.deleteshouldreturntruewhenclientsuccessfullycallsdelete();False;False;1.0;0.0
metron-interface\metron-rest\src\test\java\org\apache\metron\rest\service\impl\sensorenrichmentconfigserviceimpltest.java@org.apache.metron.rest.service.impl.sensorenrichmentconfigserviceimpltest.findoneshouldproperlyreturnsensorenrichmentconfig();False;False;0.9793999999999999;0.0206
metron-interface\metron-rest\src\test\java\org\apache\metron\rest\service\impl\sensorenrichmentconfigserviceimpltest.java@org.apache.metron.rest.service.impl.sensorenrichmentconfigserviceimpltest.getallshouldproperlyreturnsensorenrichmentconfigs();False;False;0.9675;0.0325
metron-interface\metron-rest\src\test\java\org\apache\metron\rest\service\impl\sensorenrichmentconfigserviceimpltest.java@org.apache.metron.rest.service.impl.sensorenrichmentconfigserviceimpltest.getalltypesshouldproperlyreturntypes();False;False;1.0;0.0
metron-interface\metron-rest\src\test\java\org\apache\metron\rest\service\impl\sensorenrichmentconfigserviceimpltest.java@org.apache.metron.rest.service.impl.sensorenrichmentconfigserviceimpltest.getavailableenrichmentsshouldreturnenrichments();False;False;0.997;0.003
metron-interface\metron-rest\src\test\java\org\apache\metron\rest\service\impl\sensorenrichmentconfigserviceimpltest.java@org.apache.metron.rest.service.impl.sensorenrichmentconfigserviceimpltest.getavailablethreattriageaggregatorsshouldreturnaggregators();False;False;0.992;0.008
metron-interface\metron-rest\src\test\java\org\apache\metron\rest\service\impl\sensorenrichmentconfigserviceimpltest.java@org.apache.metron.rest.service.impl.sensorenrichmentconfigserviceimpltest.getconfigurations();False;False;0.999;0.001
metron-interface\metron-rest\src\test\java\org\apache\metron\rest\service\impl\sensorenrichmentconfigserviceimpltest.java@org.apache.metron.rest.service.impl.sensorenrichmentconfigserviceimpltest.gettestsensorenrichmentconfig();False;False;0.9945238095238095;0.0054761904761904765
metron-interface\metron-rest\src\test\java\org\apache\metron\rest\service\impl\sensorenrichmentconfigserviceimpltest.java@org.apache.metron.rest.service.impl.sensorenrichmentconfigserviceimpltest.saveshouldreturnsameconfigthatispassedonsuccessfulsave();False;False;0.879625;0.120375
metron-interface\metron-rest\src\test\java\org\apache\metron\rest\service\impl\sensorenrichmentconfigserviceimpltest.java@org.apache.metron.rest.service.impl.sensorenrichmentconfigserviceimpltest.saveshouldwrapexceptioninrestexception();False;False;0.997;0.003
metron-interface\metron-rest\src\test\java\org\apache\metron\rest\service\impl\sensorenrichmentconfigserviceimpltest.java@org.apache.metron.rest.service.impl.sensorenrichmentconfigserviceimpltest.setup();False;False;0.959;0.041
metron-interface\metron-rest\src\test\java\org\apache\metron\rest\service\impl\sensorindexingconfigserviceimpltest.java@org.apache.metron.rest.service.impl.sensorindexingconfigserviceimpltest.deleteshouldproperlycatchnonodeexceptionandreturnfalse();False;False;1.0;0.0
metron-interface\metron-rest\src\test\java\org\apache\metron\rest\service\impl\sensorindexingconfigserviceimpltest.java@org.apache.metron.rest.service.impl.sensorindexingconfigserviceimpltest.deleteshouldproperlycatchnonnonodeexceptionandthrowrestexception();False;False;1.0;0.0
metron-interface\metron-rest\src\test\java\org\apache\metron\rest\service\impl\sensorindexingconfigserviceimpltest.java@org.apache.metron.rest.service.impl.sensorindexingconfigserviceimpltest.deleteshouldreturntruewhenclientsuccessfullycallsdelete();False;False;1.0;0.0
metron-interface\metron-rest\src\test\java\org\apache\metron\rest\service\impl\sensorindexingconfigserviceimpltest.java@org.apache.metron.rest.service.impl.sensorindexingconfigserviceimpltest.findoneshouldproperlyreturnsensorenrichmentconfig();False;False;0.99;0.01
metron-interface\metron-rest\src\test\java\org\apache\metron\rest\service\impl\sensorindexingconfigserviceimpltest.java@org.apache.metron.rest.service.impl.sensorindexingconfigserviceimpltest.getallindiceswithnoconfigs();False;False;0.999;0.001
metron-interface\metron-rest\src\test\java\org\apache\metron\rest\service\impl\sensorindexingconfigserviceimpltest.java@org.apache.metron.rest.service.impl.sensorindexingconfigserviceimpltest.getallindiceswithonlyindexing();False;False;0.999;0.001
metron-interface\metron-rest\src\test\java\org\apache\metron\rest\service\impl\sensorindexingconfigserviceimpltest.java@org.apache.metron.rest.service.impl.sensorindexingconfigserviceimpltest.getallindiceswithonlyparsers();False;False;1.0;0.0
metron-interface\metron-rest\src\test\java\org\apache\metron\rest\service\impl\sensorindexingconfigserviceimpltest.java@org.apache.metron.rest.service.impl.sensorindexingconfigserviceimpltest.getallindiceswithparsersandindexconfigs();False;False;0.989;0.011
metron-interface\metron-rest\src\test\java\org\apache\metron\rest\service\impl\sensorindexingconfigserviceimpltest.java@org.apache.metron.rest.service.impl.sensorindexingconfigserviceimpltest.getallshouldproperlyreturnindexingconfigs();False;False;0.9183333333333332;0.08166666666666665
metron-interface\metron-rest\src\test\java\org\apache\metron\rest\service\impl\sensorindexingconfigserviceimpltest.java@org.apache.metron.rest.service.impl.sensorindexingconfigserviceimpltest.getalltypesshouldproperlyreturntypes();False;False;1.0;0.0
metron-interface\metron-rest\src\test\java\org\apache\metron\rest\service\impl\sensorindexingconfigserviceimpltest.java@org.apache.metron.rest.service.impl.sensorindexingconfigserviceimpltest.getconfigurations();False;False;0.997;0.003
metron-interface\metron-rest\src\test\java\org\apache\metron\rest\service\impl\sensorindexingconfigserviceimpltest.java@org.apache.metron.rest.service.impl.sensorindexingconfigserviceimpltest.gettestsensorindexingconfig();False;False;0.9776666666666668;0.022333333333333334
metron-interface\metron-rest\src\test\java\org\apache\metron\rest\service\impl\sensorindexingconfigserviceimpltest.java@org.apache.metron.rest.service.impl.sensorindexingconfigserviceimpltest.saveshouldreturnsameconfigthatispassedonsuccessfulsave();False;False;0.916825;0.083175
metron-interface\metron-rest\src\test\java\org\apache\metron\rest\service\impl\sensorindexingconfigserviceimpltest.java@org.apache.metron.rest.service.impl.sensorindexingconfigserviceimpltest.saveshouldwrapexceptioninrestexception();False;False;0.997;0.003
metron-interface\metron-rest\src\test\java\org\apache\metron\rest\service\impl\sensorindexingconfigserviceimpltest.java@org.apache.metron.rest.service.impl.sensorindexingconfigserviceimpltest.setup();False;False;0.951;0.049
metron-interface\metron-rest\src\test\java\org\apache\metron\rest\service\impl\sensorparserconfigserviceimpltest.java@org.apache.metron.rest.service.impl.sensorparserconfigserviceimpltest.deleteshouldproperlycatchnonodeexceptionandreturnfalse();False;False;1.0;0.0
metron-interface\metron-rest\src\test\java\org\apache\metron\rest\service\impl\sensorparserconfigserviceimpltest.java@org.apache.metron.rest.service.impl.sensorparserconfigserviceimpltest.deleteshouldproperlycatchnonnonodeexceptionandthrowrestexception();False;False;1.0;0.0
metron-interface\metron-rest\src\test\java\org\apache\metron\rest\service\impl\sensorparserconfigserviceimpltest.java@org.apache.metron.rest.service.impl.sensorparserconfigserviceimpltest.deleteshouldreturntruewhenclientsuccessfullycallsdelete();False;False;1.0;0.0
metron-interface\metron-rest\src\test\java\org\apache\metron\rest\service\impl\sensorparserconfigserviceimpltest.java@org.apache.metron.rest.service.impl.sensorparserconfigserviceimpltest.findoneshouldproperlyreturnsensorparserconfig();False;False;0.982;0.018
metron-interface\metron-rest\src\test\java\org\apache\metron\rest\service\impl\sensorparserconfigserviceimpltest.java@org.apache.metron.rest.service.impl.sensorparserconfigserviceimpltest.getallshouldproperlyreturnsensorparserconfigs();False;True;0.35366666666666663;0.6463333333333332
metron-interface\metron-rest\src\test\java\org\apache\metron\rest\service\impl\sensorparserconfigserviceimpltest.java@org.apache.metron.rest.service.impl.sensorparserconfigserviceimpltest.getalltypesshouldproperlyreturntypes();False;False;1.0;0.0
metron-interface\metron-rest\src\test\java\org\apache\metron\rest\service\impl\sensorparserconfigserviceimpltest.java@org.apache.metron.rest.service.impl.sensorparserconfigserviceimpltest.getconfigurations();False;False;0.9809166666666667;0.019083333333333334
metron-interface\metron-rest\src\test\java\org\apache\metron\rest\service\impl\sensorparserconfigserviceimpltest.java@org.apache.metron.rest.service.impl.sensorparserconfigserviceimpltest.gettestbrosensorparserconfig();False;False;0.9721666666666666;0.027833333333333335
metron-interface\metron-rest\src\test\java\org\apache\metron\rest\service\impl\sensorparserconfigserviceimpltest.java@org.apache.metron.rest.service.impl.sensorparserconfigserviceimpltest.gettestsquidsensorparserconfig();False;False;0.987;0.013
metron-interface\metron-rest\src\test\java\org\apache\metron\rest\service\impl\sensorparserconfigserviceimpltest.java@org.apache.metron.rest.service.impl.sensorparserconfigserviceimpltest.invalidparserclassshouldthrowrestexception();False;False;0.924;0.076
metron-interface\metron-rest\src\test\java\org\apache\metron\rest\service\impl\sensorparserconfigserviceimpltest.java@org.apache.metron.rest.service.impl.sensorparserconfigserviceimpltest.missingparserclassshouldthrowrestexception();False;False;0.999;0.001
metron-interface\metron-rest\src\test\java\org\apache\metron\rest\service\impl\sensorparserconfigserviceimpltest.java@org.apache.metron.rest.service.impl.sensorparserconfigserviceimpltest.missingsensorparserconfigshouldthrowrestexception();False;False;0.976;0.024
metron-interface\metron-rest\src\test\java\org\apache\metron\rest\service\impl\sensorparserconfigserviceimpltest.java@org.apache.metron.rest.service.impl.sensorparserconfigserviceimpltest.parsemessageshouldproperlyreturnparsedresults();False;False;0.974;0.026
metron-interface\metron-rest\src\test\java\org\apache\metron\rest\service\impl\sensorparserconfigserviceimpltest.java@org.apache.metron.rest.service.impl.sensorparserconfigserviceimpltest.reloadavailableparsersshouldreturnparserclasses();False;False;0.9928333333333333;0.007166666666666667
metron-interface\metron-rest\src\test\java\org\apache\metron\rest\service\impl\sensorparserconfigserviceimpltest.java@org.apache.metron.rest.service.impl.sensorparserconfigserviceimpltest.saveshouldreturnsameconfigthatispassedonsuccessfulsave();False;False;0.621625;0.378375
metron-interface\metron-rest\src\test\java\org\apache\metron\rest\service\impl\sensorparserconfigserviceimpltest.java@org.apache.metron.rest.service.impl.sensorparserconfigserviceimpltest.saveshouldwrapexceptioninrestexception();False;True;0.486;0.514
metron-interface\metron-rest\src\test\java\org\apache\metron\rest\service\impl\sensorparserconfigserviceimpltest.java@org.apache.metron.rest.service.impl.sensorparserconfigserviceimpltest.setup();False;False;0.928;0.072
metron-interface\metron-rest\src\test\java\org\apache\metron\rest\service\impl\stellarserviceimpltest.java@org.apache.metron.rest.service.impl.stellarserviceimpltest.applytransformationsshouldproperlytransformdata();False;False;0.9889;0.0111
metron-interface\metron-rest\src\test\java\org\apache\metron\rest\service\impl\stellarserviceimpltest.java@org.apache.metron.rest.service.impl.stellarserviceimpltest.getsimplestellarfunctionsshouldreturnfunctions();False;False;0.9955;0.0045
metron-interface\metron-rest\src\test\java\org\apache\metron\rest\service\impl\stellarserviceimpltest.java@org.apache.metron.rest.service.impl.stellarserviceimpltest.getstellarfunctionsshouldreturnfunctions();False;False;0.999;0.001
metron-interface\metron-rest\src\test\java\org\apache\metron\rest\service\impl\stellarserviceimpltest.java@org.apache.metron.rest.service.impl.stellarserviceimpltest.gettransformationsshouldreturntransformation();False;False;0.998;0.002
metron-interface\metron-rest\src\test\java\org\apache\metron\rest\service\impl\stellarserviceimpltest.java@org.apache.metron.rest.service.impl.stellarserviceimpltest.setup();False;False;0.995;0.005
metron-interface\metron-rest\src\test\java\org\apache\metron\rest\service\impl\stellarserviceimpltest.java@org.apache.metron.rest.service.impl.stellarserviceimpltest.validaterulesshouldproperlyvalidaterules();False;False;1.0;0.0
metron-interface\metron-rest\src\test\java\org\apache\metron\rest\service\impl\stormadminserviceimpltest.java@org.apache.metron.rest.service.impl.stormadminserviceimpltest.getstormclientstatusshouldproperlyreturnstatus();False;False;0.998;0.002
metron-interface\metron-rest\src\test\java\org\apache\metron\rest\service\impl\stormadminserviceimpltest.java@org.apache.metron.rest.service.impl.stormadminserviceimpltest.setup();False;False;0.93625;0.06375
metron-interface\metron-rest\src\test\java\org\apache\metron\rest\service\impl\stormadminserviceimpltest.java@org.apache.metron.rest.service.impl.stormadminserviceimpltest.startenrichmenttopologyshouldproperlyreturnsuccesstopologyresponse();False;False;0.5202134920634921;0.47978650793650773
metron-interface\metron-rest\src\test\java\org\apache\metron\rest\service\impl\stormadminserviceimpltest.java@org.apache.metron.rest.service.impl.stormadminserviceimpltest.startindexingtopologyshouldproperlyreturnsuccesstopologyresponse();False;False;0.7397579365079364;0.2602420634920634
metron-interface\metron-rest\src\test\java\org\apache\metron\rest\service\impl\stormadminserviceimpltest.java@org.apache.metron.rest.service.impl.stormadminserviceimpltest.startparsertopologyshouldproperlyreturnsuccesstopologyresponse();False;False;0.981;0.019
metron-interface\metron-rest\src\test\java\org\apache\metron\rest\service\impl\stormadminserviceimpltest.java@org.apache.metron.rest.service.impl.stormadminserviceimpltest.startparsertopologyshouldreturnglobalconfigmissingerror();False;False;0.9508833333333334;0.04911666666666667
metron-interface\metron-rest\src\test\java\org\apache\metron\rest\service\impl\stormadminserviceimpltest.java@org.apache.metron.rest.service.impl.stormadminserviceimpltest.startparsertopologyshouldreturnsensorparserconfigmissingerror();False;False;0.988;0.012
metron-interface\metron-rest\src\test\java\org\apache\metron\rest\service\impl\stormadminserviceimpltest.java@org.apache.metron.rest.service.impl.stormadminserviceimpltest.stopenrichmenttopologyshouldproperlyreturnsuccesstopologyresponse();False;False;0.5072333333333334;0.4927666666666665
metron-interface\metron-rest\src\test\java\org\apache\metron\rest\service\impl\stormadminserviceimpltest.java@org.apache.metron.rest.service.impl.stormadminserviceimpltest.stopindexingtopologyshouldproperlyreturnsuccesstopologyresponse();False;False;0.7397579365079364;0.2602420634920634
metron-interface\metron-rest\src\test\java\org\apache\metron\rest\service\impl\stormadminserviceimpltest.java@org.apache.metron.rest.service.impl.stormadminserviceimpltest.stopparsertopologyshouldproperlyreturnerrortopologyresponse();False;False;0.9338333333333334;0.06616666666666665
metron-interface\metron-rest\src\test\java\org\apache\metron\rest\service\impl\stormcliwrappertest.java@org.apache.metron.rest.service.impl.stormcliwrappertest.getstormclientstatusshouldreturncorrectstatus();False;False;0.508;0.492
metron-interface\metron-rest\src\test\java\org\apache\metron\rest\service\impl\stormcliwrappertest.java@org.apache.metron.rest.service.impl.stormcliwrappertest.kinitshouldruncommandproperly();False;False;0.9553166666666667;0.04468333333333334
metron-interface\metron-rest\src\test\java\org\apache\metron\rest\service\impl\stormcliwrappertest.java@org.apache.metron.rest.service.impl.stormcliwrappertest.runcommandshouldreturnrestexceptiononerror();False;False;0.9831333333333333;0.01686666666666667
metron-interface\metron-rest\src\test\java\org\apache\metron\rest\service\impl\stormcliwrappertest.java@org.apache.metron.rest.service.impl.stormcliwrappertest.setup();False;False;0.982;0.018
metron-interface\metron-rest\src\test\java\org\apache\metron\rest\service\impl\stormcliwrappertest.java@org.apache.metron.rest.service.impl.stormcliwrappertest.startenrichmenttopologyshouldruncommandproperly();False;False;0.5351738095238099;0.46482619047619034
metron-interface\metron-rest\src\test\java\org\apache\metron\rest\service\impl\stormcliwrappertest.java@org.apache.metron.rest.service.impl.stormcliwrappertest.startindexingtopologyshouldruncommandproperly();False;False;0.5351738095238099;0.46482619047619034
metron-interface\metron-rest\src\test\java\org\apache\metron\rest\service\impl\stormcliwrappertest.java@org.apache.metron.rest.service.impl.stormcliwrappertest.startparsertopologyshouldruncommandproperly();False;False;0.9798999999999999;0.020099999999999996
metron-interface\metron-rest\src\test\java\org\apache\metron\rest\service\impl\stormcliwrappertest.java@org.apache.metron.rest.service.impl.stormcliwrappertest.startparsertopologywithextratopologyoptions();False;False;0.9791666666666666;0.020833333333333332
metron-interface\metron-rest\src\test\java\org\apache\metron\rest\service\impl\stormcliwrappertest.java@org.apache.metron.rest.service.impl.stormcliwrappertest.stopenrichmenttopologyshouldruncommandproperly();False;False;0.547634126984127;0.45236587301587283
metron-interface\metron-rest\src\test\java\org\apache\metron\rest\service\impl\stormcliwrappertest.java@org.apache.metron.rest.service.impl.stormcliwrappertest.stopindexingtopologyshouldruncommandproperly();False;False;0.6381007936507938;0.36189920634920636
metron-interface\metron-rest\src\test\java\org\apache\metron\rest\service\impl\stormcliwrappertest.java@org.apache.metron.rest.service.impl.stormcliwrappertest.stopparsertopologynowshouldruncommandproperly();False;False;0.9675476190476189;0.03245238095238095
metron-interface\metron-rest\src\test\java\org\apache\metron\rest\service\impl\stormcliwrappertest.java@org.apache.metron.rest.service.impl.stormcliwrappertest.stopparsertopologyshouldruncommandproperly();False;False;0.8785499999999998;0.12145
metron-interface\metron-rest\src\test\java\org\apache\metron\rest\service\impl\stormcliwrappertest.java@org.apache.metron.rest.service.impl.stormcliwrappertest.stormclientversioninstalledshouldreturndefault();False;False;0.995;0.005
metron-interface\metron-rest\src\test\java\org\apache\metron\rest\service\impl\stormcliwrappertest.java@org.apache.metron.rest.service.impl.stormcliwrappertest.stormclientversioninstalledshouldreturnrestexceptiononerror();False;False;0.9860833333333333;0.013916666666666667
metron-interface\metron-rest\src\test\java\org\apache\metron\rest\service\impl\stormstatusserviceimpltest.java@org.apache.metron.rest.service.impl.stormstatusserviceimpltest.activatetopologyshouldreturnactivetopologyresponse();False;False;0.991;0.009
metron-interface\metron-rest\src\test\java\org\apache\metron\rest\service\impl\stormstatusserviceimpltest.java@org.apache.metron.rest.service.impl.stormstatusserviceimpltest.activatetopologyshouldreturnerrortopologyresponse();False;False;0.989;0.011
metron-interface\metron-rest\src\test\java\org\apache\metron\rest\service\impl\stormstatusserviceimpltest.java@org.apache.metron.rest.service.impl.stormstatusserviceimpltest.activatetopologyshouldreturntopologynotfoundtopologyresponse();False;False;0.995;0.005
metron-interface\metron-rest\src\test\java\org\apache\metron\rest\service\impl\stormstatusserviceimpltest.java@org.apache.metron.rest.service.impl.stormstatusserviceimpltest.deactivatetopologyshouldreturnactivetopologyresponse();False;False;0.983125;0.016875
metron-interface\metron-rest\src\test\java\org\apache\metron\rest\service\impl\stormstatusserviceimpltest.java@org.apache.metron.rest.service.impl.stormstatusserviceimpltest.deactivatetopologyshouldreturnerrortopologyresponse();False;False;0.989;0.011
metron-interface\metron-rest\src\test\java\org\apache\metron\rest\service\impl\stormstatusserviceimpltest.java@org.apache.metron.rest.service.impl.stormstatusserviceimpltest.deactivatetopologyshouldreturntopologynotfoundtopologyresponse();False;False;0.995;0.005
metron-interface\metron-rest\src\test\java\org\apache\metron\rest\service\impl\stormstatusserviceimpltest.java@org.apache.metron.rest.service.impl.stormstatusserviceimpltest.getalltopologystatusshouldreturnalltopologystatus();False;False;0.978;0.022
metron-interface\metron-rest\src\test\java\org\apache\metron\rest\service\impl\stormstatusserviceimpltest.java@org.apache.metron.rest.service.impl.stormstatusserviceimpltest.gettopologystatusshouldreturntopologystatus();False;False;0.993;0.007
metron-interface\metron-rest\src\test\java\org\apache\metron\rest\service\impl\stormstatusserviceimpltest.java@org.apache.metron.rest.service.impl.stormstatusserviceimpltest.gettopologysummaryshouldreturntopologysummary();False;False;0.998;0.002
metron-interface\metron-rest\src\test\java\org\apache\metron\rest\service\impl\stormstatusserviceimpltest.java@org.apache.metron.rest.service.impl.stormstatusserviceimpltest.setup();False;False;0.989;0.011
metron-interface\metron-rest\src\test\java\org\apache\metron\rest\service\impl\stormstatusserviceimpltest.java@org.apache.metron.rest.service.impl.stormstatusserviceimpltest.testgetstormuipropertyhttp();False;False;0.999;0.001
metron-interface\metron-rest\src\test\java\org\apache\metron\rest\service\impl\stormstatusserviceimpltest.java@org.apache.metron.rest.service.impl.stormstatusserviceimpltest.testgetstormuipropertyhttps();False;False;0.999;0.001
metron-interface\metron-rest\src\test\java\org\apache\metron\rest\service\impl\stormstatusserviceimpltest.java@org.apache.metron.rest.service.impl.stormstatusserviceimpltest.testgetstormuipropertynoprotocol();False;False;0.989;0.011
metron-interface\metron-rest\src\test\java\org\apache\metron\rest\utils\restcontrollerinfo.java@org.apache.metron.rest.utils.response.getcode();False;False;0.9851351218008023;0.014864878199197096
metron-interface\metron-rest\src\test\java\org\apache\metron\rest\utils\restcontrollerinfo.java@org.apache.metron.rest.utils.response.getmessage();False;False;0.9851351218008023;0.014864878199197096
metron-interface\metron-rest\src\test\java\org\apache\metron\rest\utils\restcontrollerinfo.java@org.apache.metron.rest.utils.response.setcode(int);False;False;0.9863333374684377;0.013666662531561671
metron-interface\metron-rest\src\test\java\org\apache\metron\rest\utils\restcontrollerinfo.java@org.apache.metron.rest.utils.response.setmessage(string);False;False;0.9034152775648784;0.09658472243512224
metron-interface\metron-rest\src\test\java\org\apache\metron\rest\utils\restcontrollerinfo.java@org.apache.metron.rest.utils.restcontrollerinfo.addparameterdescription(string,string);False;False;0.9034152775648784;0.09658472243512224
metron-interface\metron-rest\src\test\java\org\apache\metron\rest\utils\restcontrollerinfo.java@org.apache.metron.rest.utils.restcontrollerinfo.addresponse(string,int);False;False;0.9034152775648784;0.09658472243512224
metron-interface\metron-rest\src\test\java\org\apache\metron\rest\utils\restcontrollerinfo.java@org.apache.metron.rest.utils.restcontrollerinfo.getcode();False;False;1.0;0.0
metron-interface\metron-rest\src\test\java\org\apache\metron\rest\utils\restcontrollerinfo.java@org.apache.metron.rest.utils.restcontrollerinfo.getdescription();False;False;0.9870016977227632;0.012998302277236747
metron-interface\metron-rest\src\test\java\org\apache\metron\rest\utils\restcontrollerinfo.java@org.apache.metron.rest.utils.restcontrollerinfo.getmessage();False;False;0.998;0.002
metron-interface\metron-rest\src\test\java\org\apache\metron\rest\utils\restcontrollerinfo.java@org.apache.metron.rest.utils.restcontrollerinfo.getmethod();False;False;1.0;0.0
metron-interface\metron-rest\src\test\java\org\apache\metron\rest\utils\restcontrollerinfo.java@org.apache.metron.rest.utils.restcontrollerinfo.getparameterdescriptions();False;False;1.0;0.0
metron-interface\metron-rest\src\test\java\org\apache\metron\rest\utils\restcontrollerinfo.java@org.apache.metron.rest.utils.restcontrollerinfo.getpath();False;False;0.9985777863749327;0.0014222136250677784
metron-interface\metron-rest\src\test\java\org\apache\metron\rest\utils\restcontrollerinfo.java@org.apache.metron.rest.utils.restcontrollerinfo.getresponses();False;False;1.0;0.0
metron-interface\metron-rest\src\test\java\org\apache\metron\rest\utils\restcontrollerinfo.java@org.apache.metron.rest.utils.restcontrollerinfo.setcode(int);False;False;0.9034152775648784;0.09658472243512224
metron-interface\metron-rest\src\test\java\org\apache\metron\rest\utils\restcontrollerinfo.java@org.apache.metron.rest.utils.restcontrollerinfo.setdescription(string);False;False;0.9863333374684377;0.013666662531561671
metron-interface\metron-rest\src\test\java\org\apache\metron\rest\utils\restcontrollerinfo.java@org.apache.metron.rest.utils.restcontrollerinfo.setmessage(string);False;False;0.9863333374684377;0.013666662531561671
metron-interface\metron-rest\src\test\java\org\apache\metron\rest\utils\restcontrollerinfo.java@org.apache.metron.rest.utils.restcontrollerinfo.setmethod(requestmethod);False;False;1.0;0.0
metron-interface\metron-rest\src\test\java\org\apache\metron\rest\utils\restcontrollerinfo.java@org.apache.metron.rest.utils.restcontrollerinfo.setpath(string);False;False;0.9863333374684377;0.013666662531561671
metron-platform\elasticsearch-shaded\src\main\java\org\apache\metron\netty\utils\nettyruntimewrapper.java@org.apache.metron.netty.utils.nettyruntimewrapper.availableprocessors();False;False;0.998;0.002
metron-platform\metron-api\src\main\java\org\apache\metron\api\configurationmanager.java@org.apache.metron.api.configurationmanager.clearconfiguration(string);False;False;0.999;0.001
metron-platform\metron-api\src\main\java\org\apache\metron\api\configurationmanager.java@org.apache.metron.api.configurationmanager.getconfigdeffilepath(string);False;False;0.996;0.004
metron-platform\metron-api\src\main\java\org\apache\metron\api\configurationmanager.java@org.apache.metron.api.configurationmanager.getconfiguration();False;False;0.996;0.004
metron-platform\metron-api\src\main\java\org\apache\metron\api\configurationmanager.java@org.apache.metron.api.configurationmanager.getconfiguration(string);False;False;0.9034152775648784;0.09658472243512224
metron-platform\metron-api\src\main\java\org\apache\metron\api\configurationmanager.java@org.apache.metron.api.configurationmanager.main(string[]);False;False;0.9034152775648784;0.09658472243512224
metron-platform\metron-api\src\main\java\org\apache\metron\api\helper\service\pcapservicecli.java@org.apache.metron.api.helper.service.pcapservicecli.pcapservicecli(string[]);False;False;0.9034152775648784;0.09658472243512224
metron-platform\metron-api\src\main\java\org\apache\metron\api\helper\service\pcapservicecli.java@org.apache.metron.api.helper.service.pcapservicecli.getpcaphdfspath();False;False;1.0;0.0
metron-platform\metron-api\src\main\java\org\apache\metron\api\helper\service\pcapservicecli.java@org.apache.metron.api.helper.service.pcapservicecli.getport();False;False;0.993;0.007
metron-platform\metron-api\src\main\java\org\apache\metron\api\helper\service\pcapservicecli.java@org.apache.metron.api.helper.service.pcapservicecli.getqueryhdfspath();False;False;0.8937999999999999;0.1062
metron-platform\metron-api\src\main\java\org\apache\metron\api\helper\service\pcapservicecli.java@org.apache.metron.api.helper.service.pcapservicecli.geturi();False;False;0.9870016977227632;0.012998302277236747
metron-platform\metron-api\src\main\java\org\apache\metron\api\helper\service\pcapservicecli.java@org.apache.metron.api.helper.service.pcapservicecli.help();False;False;0.9627;0.0373
metron-platform\metron-api\src\main\java\org\apache\metron\api\helper\service\pcapservicecli.java@org.apache.metron.api.helper.service.pcapservicecli.parse();False;False;0.9034152775648784;0.09658472243512224
metron-platform\metron-api\src\main\java\org\apache\metron\api\helper\service\pcapservicecli.java@org.apache.metron.api.helper.service.pcapservicecli.setport(int);False;False;0.9863333374684377;0.013666662531561671
metron-platform\metron-api\src\main\java\org\apache\metron\api\helper\service\pcapservicecli.java@org.apache.metron.api.helper.service.pcapservicecli.seturi(string);False;False;0.9863333374684377;0.013666662531561671
metron-platform\metron-api\src\main\java\org\apache\metron\pcapservice\configurationutil.java@org.apache.metron.pcapservice.configurationutil.getconfiguration();False;False;0.9935;0.0065
metron-platform\metron-api\src\main\java\org\apache\metron\pcapservice\configurationutil.java@org.apache.metron.pcapservice.configurationutil.getpcapoutputpath();False;False;1.0;0.0
metron-platform\metron-api\src\main\java\org\apache\metron\pcapservice\configurationutil.java@org.apache.metron.pcapservice.configurationutil.gettempqueryoutputpath();False;False;0.99975;0.00025
metron-platform\metron-api\src\main\java\org\apache\metron\pcapservice\configurationutil.java@org.apache.metron.pcapservice.configurationutil.setpcapoutputpath(string);False;False;1.0;0.0
metron-platform\metron-api\src\main\java\org\apache\metron\pcapservice\configurationutil.java@org.apache.metron.pcapservice.configurationutil.settempqueryoutputpath(string);False;False;0.9985;0.0015
metron-platform\metron-api\src\main\java\org\apache\metron\pcapservice\pcapreceiverimplresteasy.java@org.apache.metron.pcapservice.pcapreceiverimplresteasy.getpcapsbyidentifiers(string,string,string,string,string,long,long,int,boolean,string,httpservletresponse);False;False;0.9034152775648784;0.09658472243512224
metron-platform\metron-api\src\main\java\org\apache\metron\pcapservice\pcapreceiverimplresteasy.java@org.apache.metron.pcapservice.pcapreceiverimplresteasy.getpcapsbyidentifiers(string,long,long,int,httpservletresponse);False;False;0.9034152775648784;0.09658472243512224
metron-platform\metron-api\src\main\java\org\apache\metron\pcapservice\pcapreceiverimplresteasy.java@org.apache.metron.pcapservice.pcapreceiverimplresteasy.getqueryutil();False;False;0.9917711954711953;0.008228804528804529
metron-platform\metron-api\src\main\java\org\apache\metron\pcapservice\pcapreceiverimplresteasy.java@org.apache.metron.pcapservice.pcapreceiverimplresteasy.initialvalue();False;False;0.968;0.032
metron-platform\metron-api\src\main\java\org\apache\metron\pcapservice\pcapreceiverimplresteasy.java@org.apache.metron.pcapservice.pcapreceiverimplresteasy.isvalidport(string);False;False;0.9034152775648784;0.09658472243512224
metron-platform\metron-api\src\main\java\org\apache\metron\pcapservice\pcapreceiverimplresteasy.java@org.apache.metron.pcapservice.pcapreceiverimplresteasy.parsekeys(list);False;False;0.9034152775648784;0.09658472243512224
metron-platform\metron-api\src\main\java\org\apache\metron\pcapservice\pcapsresponse.java@org.apache.metron.pcapservice.pcapsresponse.addpcaps(byte[]);False;False;0.9034152775648784;0.09658472243512224
metron-platform\metron-api\src\main\java\org\apache\metron\pcapservice\pcapsresponse.java@org.apache.metron.pcapservice.pcapsresponse.getpcaps();False;False;0.9819666666666665;0.018033333333333332
metron-platform\metron-api\src\main\java\org\apache\metron\pcapservice\pcapsresponse.java@org.apache.metron.pcapservice.pcapsresponse.getresponsesize();False;False;0.9919666666666667;0.008033333333333333
metron-platform\metron-api\src\main\java\org\apache\metron\pcapservice\pcapsresponse.java@org.apache.metron.pcapservice.pcapsresponse.setpcaps(list);False;False;0.9034152775648784;0.09658472243512224
metron-platform\metron-api\src\main\java\org\apache\metron\pcapservice\pcapsresponse.java@org.apache.metron.pcapservice.pcapsresponse.tostring();False;False;0.994;0.006
metron-platform\metron-api\src\main\java\org\apache\metron\pcapservice\resttestingutil.java@org.apache.metron.pcapservice.resttestingutil.getpcapsbyidentifiers(string,string,string,string,string);False;False;0.9034152775648784;0.09658472243512224
metron-platform\metron-api\src\main\java\org\apache\metron\pcapservice\resttestingutil.java@org.apache.metron.pcapservice.resttestingutil.getpcapsbykeys(string);False;False;0.933;0.067
metron-platform\metron-api\src\main\java\org\apache\metron\pcapservice\resttestingutil.java@org.apache.metron.pcapservice.resttestingutil.getpcapsbykeysrange(string,string);False;False;0.9034152775648784;0.09658472243512224
metron-platform\metron-api\src\main\java\org\apache\metron\pcapservice\resttestingutil.java@org.apache.metron.pcapservice.resttestingutil.main(string[]);False;False;0.9034152775648784;0.09658472243512224
metron-platform\metron-api\src\main\java\org\apache\metron\pcapservice\rest\jettyservicerunner.java@org.apache.metron.pcapservice.rest.jettyservicerunner.jettyservicerunner();False;False;0.9034152775648784;0.09658472243512224
metron-platform\metron-api\src\main\java\org\apache\metron\pcapservice\rest\jettyservicerunner.java@org.apache.metron.pcapservice.rest.jettyservicerunner.getservices();False;False;1.0;0.0
metron-platform\metron-api\src\main\java\org\apache\metron\pcapservice\rest\jettyservicerunner.java@org.apache.metron.pcapservice.rest.jettyservicerunner.getsingletons();False;False;1.0;0.0
metron-platform\metron-api\src\main\java\org\apache\metron\pcapservice\rest\pcapservice.java@org.apache.metron.pcapservice.rest.pcapservice.main(string[]);False;False;0.9034152775648784;0.09658472243512224
metron-platform\metron-api\src\test\java\org\apache\metron\pcapservice\configurationutiltest.java@org.apache.metron.pcapservice.configurationutiltest.test_getpcapoutputpath();False;False;0.988;0.012
metron-platform\metron-api\src\test\java\org\apache\metron\pcapservice\configurationutiltest.java@org.apache.metron.pcapservice.configurationutiltest.test_gettempquerydir();False;False;0.991;0.009
metron-platform\metron-api\src\test\java\org\apache\metron\pcapservice\pcapreceiverimplresteasytest.java@org.apache.metron.pcapservice.mockqueryhandler.query(path,path,long,long,int,t,configuration,filesystem,pcapfilterconfigurator);False;False;0.9034152775648784;0.09658472243512224
metron-platform\metron-api\src\test\java\org\apache\metron\pcapservice\pcapreceiverimplresteasytest.java@org.apache.metron.pcapservice.pcapreceiverimplresteasytest.query(path,path,long,long,int,t,configuration,filesystem,pcapfilterconfigurator);False;False;0.9034152775648784;0.09658472243512224
metron-platform\metron-api\src\test\java\org\apache\metron\pcapservice\pcapreceiverimplresteasytest.java@org.apache.metron.pcapservice.pcapreceiverimplresteasytest.setup();False;False;0.991;0.009
metron-platform\metron-api\src\test\java\org\apache\metron\pcapservice\pcapreceiverimplresteasytest.java@org.apache.metron.pcapservice.pcapreceiverimplresteasytest.testemptyendtime();False;False;0.993;0.007
metron-platform\metron-api\src\test\java\org\apache\metron\pcapservice\pcapreceiverimplresteasytest.java@org.apache.metron.pcapservice.pcapreceiverimplresteasytest.testemptystarttime();False;False;0.992;0.008
metron-platform\metron-api\src\test\java\org\apache\metron\pcapservice\pcapreceiverimplresteasytest.java@org.apache.metron.pcapservice.pcapreceiverimplresteasytest.testnormalfixedpath();False;False;0.993;0.007
metron-platform\metron-api\src\test\java\org\apache\metron\pcapservice\pcapreceiverimplresteasytest.java@org.apache.metron.pcapservice.pcapreceiverimplresteasytest.testnormalquerypath();False;False;0.993;0.007
metron-platform\metron-api\src\test\java\org\apache\metron\pcapservice\pcapreceiverimplresteasytest.java@org.apache.metron.pcapservice.pcapreceiverimplresteasytest.testnulldstip();False;False;1.0;0.0
metron-platform\metron-api\src\test\java\org\apache\metron\pcapservice\pcapreceiverimplresteasytest.java@org.apache.metron.pcapservice.pcapreceiverimplresteasytest.testnullsrcip();False;False;1.0;0.0
metron-platform\metron-common\src\main\java\org\apache\metron\common\constants.java@org.apache.metron.common.constants.errorfields(string);False;False;0.9034152775648784;0.09658472243512224
metron-platform\metron-common\src\main\java\org\apache\metron\common\constants.java@org.apache.metron.common.constants.errortype(string);False;False;0.9034152775648784;0.09658472243512224
metron-platform\metron-common\src\main\java\org\apache\metron\common\constants.java@org.apache.metron.common.constants.fields(string);False;False;0.9034152775648784;0.09658472243512224
metron-platform\metron-common\src\main\java\org\apache\metron\common\constants.java@org.apache.metron.common.constants.fromstring(string);False;False;1.0;0.0
metron-platform\metron-common\src\main\java\org\apache\metron\common\constants.java@org.apache.metron.common.constants.getname();False;False;0.9822333333333334;0.01776666666666667
metron-platform\metron-common\src\main\java\org\apache\metron\common\constants.java@org.apache.metron.common.constants.gettype();False;False;0.999814993198341;0.0001850068016589953
metron-platform\metron-common\src\main\java\org\apache\metron\common\bolt\configuredbolt.java@org.apache.metron.common.bolt.configuredbolt.configuredbolt(string);False;False;0.9034152775648784;0.09658472243512224
metron-platform\metron-common\src\main\java\org\apache\metron\common\bolt\configuredbolt.java@org.apache.metron.common.bolt.configuredbolt.configuredbolt(string,string);True;False;0.9034152775648784;0.09658472243512224
metron-platform\metron-common\src\main\java\org\apache\metron\common\bolt\configuredbolt.java@org.apache.metron.common.bolt.configuredbolt.cleanup();False;False;0.984;0.016
metron-platform\metron-common\src\main\java\org\apache\metron\common\bolt\configuredbolt.java@org.apache.metron.common.bolt.configuredbolt.createupdater();True;False;0.9860819495433013;0.013918050456698921
metron-platform\metron-common\src\main\java\org\apache\metron\common\bolt\configuredbolt.java@org.apache.metron.common.bolt.configuredbolt.getconfigurationstrategy();True;False;0.9034152775648784;0.09658472243512224
metron-platform\metron-common\src\main\java\org\apache\metron\common\bolt\configuredbolt.java@org.apache.metron.common.bolt.configuredbolt.getconfigurations();False;False;1.0;0.0
metron-platform\metron-common\src\main\java\org\apache\metron\common\bolt\configuredbolt.java@org.apache.metron.common.bolt.configuredbolt.prepcache();False;False;0.9034152775648784;0.09658472243512224
metron-platform\metron-common\src\main\java\org\apache\metron\common\bolt\configuredbolt.java@org.apache.metron.common.bolt.configuredbolt.prepare(map,topologycontext,outputcollector);False;False;0.9034152775648784;0.09658472243512224
metron-platform\metron-common\src\main\java\org\apache\metron\common\bolt\configuredbolt.java@org.apache.metron.common.bolt.configuredbolt.setcuratorframework(curatorframework);False;False;0.997;0.003
metron-platform\metron-common\src\main\java\org\apache\metron\common\bolt\configuredbolt.java@org.apache.metron.common.bolt.configuredbolt.setzkcache(zkcache);False;False;1.0;0.0
metron-platform\metron-common\src\main\java\org\apache\metron\common\bolt\configuredenrichmentbolt.java@org.apache.metron.common.bolt.configuredenrichmentbolt.configuredenrichmentbolt(string);True;False;0.9034152775648784;0.09658472243512224
metron-platform\metron-common\src\main\java\org\apache\metron\common\bolt\configuredenrichmentbolt.java@org.apache.metron.common.bolt.configuredenrichmentbolt.createupdater();True;False;0.992;0.008
metron-platform\metron-common\src\main\java\org\apache\metron\common\bolt\configuredindexingbolt.java@org.apache.metron.common.bolt.configuredindexingbolt.configuredindexingbolt(string);True;False;0.9034152775648784;0.09658472243512224
metron-platform\metron-common\src\main\java\org\apache\metron\common\bolt\configuredindexingbolt.java@org.apache.metron.common.bolt.configuredindexingbolt.createupdater();True;False;0.992;0.008
metron-platform\metron-common\src\main\java\org\apache\metron\common\bolt\configuredparserbolt.java@org.apache.metron.common.bolt.configuredparserbolt.configuredparserbolt(string);False;False;0.9034152775648784;0.09658472243512224
metron-platform\metron-common\src\main\java\org\apache\metron\common\bolt\configuredparserbolt.java@org.apache.metron.common.bolt.configuredparserbolt.configuredparserbolt(string,string);True;False;0.9034152775648784;0.09658472243512224
metron-platform\metron-common\src\main\java\org\apache\metron\common\bolt\configuredparserbolt.java@org.apache.metron.common.bolt.configuredparserbolt.createupdater();True;False;0.998;0.002
metron-platform\metron-common\src\main\java\org\apache\metron\common\bolt\configuredparserbolt.java@org.apache.metron.common.bolt.configuredparserbolt.getsensorparserconfig();False;False;0.999;0.001
metron-platform\metron-common\src\main\java\org\apache\metron\common\bolt\configuredparserbolt.java@org.apache.metron.common.bolt.configuredparserbolt.getsensorparserconfig(string);False;False;0.9034152775648784;0.09658472243512224
metron-platform\metron-common\src\main\java\org\apache\metron\common\bolt\configuredparserbolt.java@org.apache.metron.common.bolt.configuredparserbolt.getsensortype();True;False;1.0;0.0
metron-platform\metron-common\src\main\java\org\apache\metron\common\bolt\configuredprofilerbolt.java@org.apache.metron.common.bolt.configuredprofilerbolt.configuredprofilerbolt(string);True;False;0.9034152775648784;0.09658472243512224
metron-platform\metron-common\src\main\java\org\apache\metron\common\bolt\configuredprofilerbolt.java@org.apache.metron.common.bolt.configuredprofilerbolt.createupdater();True;False;0.998;0.002
metron-platform\metron-common\src\main\java\org\apache\metron\common\bolt\configuredprofilerbolt.java@org.apache.metron.common.bolt.configuredprofilerbolt.getprofilerconfig();False;False;1.0;0.0
metron-platform\metron-common\src\main\java\org\apache\metron\common\cli\configurationmanager.java@org.apache.metron.common.cli.configurationmanager.configurationoptions(string,function);False;False;0.9034152775648784;0.09658472243512224
metron-platform\metron-common\src\main\java\org\apache\metron\common\cli\configurationmanager.java@org.apache.metron.common.cli.configurationmanager.buildpatch(optional,optional,optional);False;False;0.9034152775648784;0.09658472243512224
metron-platform\metron-common\src\main\java\org\apache\metron\common\cli\configurationmanager.java@org.apache.metron.common.cli.configurationmanager.dump(curatorframework);False;False;1.0;0.0
metron-platform\metron-common\src\main\java\org\apache\metron\common\cli\configurationmanager.java@org.apache.metron.common.cli.configurationmanager.dump(curatorframework,configurationtype,optional);False;False;0.9034152775648784;0.09658472243512224
metron-platform\metron-common\src\main\java\org\apache\metron\common\cli\configurationmanager.java@org.apache.metron.common.cli.configurationmanager.get(commandline);False;False;1.0;0.0
metron-platform\metron-common\src\main\java\org\apache\metron\common\cli\configurationmanager.java@org.apache.metron.common.cli.configurationmanager.getfile(file,configurationtype,string);False;False;0.9034152775648784;0.09658472243512224
metron-platform\metron-common\src\main\java\org\apache\metron\common\cli\configurationmanager.java@org.apache.metron.common.cli.configurationmanager.getoptions();False;False;1.0;0.0
metron-platform\metron-common\src\main\java\org\apache\metron\common\cli\configurationmanager.java@org.apache.metron.common.cli.configurationmanager.has(commandline);False;False;0.998;0.002
metron-platform\metron-common\src\main\java\org\apache\metron\common\cli\configurationmanager.java@org.apache.metron.common.cli.configurationmanager.main(string);False;False;0.994;0.006
metron-platform\metron-common\src\main\java\org\apache\metron\common\cli\configurationmanager.java@org.apache.metron.common.cli.configurationmanager.parse(commandlineparser,string[]);False;False;0.9034152775648784;0.09658472243512224
metron-platform\metron-common\src\main\java\org\apache\metron\common\cli\configurationmanager.java@org.apache.metron.common.cli.configurationmanager.patch(curatorframework,configurationtype,optional,optional,optional,optional,optional);False;False;0.9034152775648784;0.09658472243512224
metron-platform\metron-common\src\main\java\org\apache\metron\common\cli\configurationmanager.java@org.apache.metron.common.cli.configurationmanager.printhelp();False;False;1.0;0.0
metron-platform\metron-common\src\main\java\org\apache\metron\common\cli\configurationmanager.java@org.apache.metron.common.cli.configurationmanager.pull(curatorframework,string,boolean);False;False;0.9034152775648784;0.09658472243512224
metron-platform\metron-common\src\main\java\org\apache\metron\common\cli\configurationmanager.java@org.apache.metron.common.cli.configurationmanager.push(string,curatorframework);False;False;0.9034152775648784;0.09658472243512224
metron-platform\metron-common\src\main\java\org\apache\metron\common\cli\configurationmanager.java@org.apache.metron.common.cli.configurationmanager.push(string,curatorframework,configurationtype,optional);False;False;0.9034152775648784;0.09658472243512224
metron-platform\metron-common\src\main\java\org\apache\metron\common\cli\configurationmanager.java@org.apache.metron.common.cli.configurationmanager.run(commandline);False;False;0.9730000000000001;0.027000000000000003
metron-platform\metron-common\src\main\java\org\apache\metron\common\cli\configurationmanager.java@org.apache.metron.common.cli.configurationmanager.run(curatorframework,commandline);False;False;0.9034152775648784;0.09658472243512224
metron-platform\metron-common\src\main\java\org\apache\metron\common\cli\configurationmanager.java@org.apache.metron.common.cli.configurationmanager.visit(configurationtype,string,string);False;False;0.9034152775648784;0.09658472243512224
metron-platform\metron-common\src\main\java\org\apache\metron\common\configuration\configuration.java@org.apache.metron.common.configuration.configuration.configuration(curatorframework);False;False;0.9034152775648784;0.09658472243512224
metron-platform\metron-common\src\main\java\org\apache\metron\common\configuration\configuration.java@org.apache.metron.common.configuration.configuration.configuration(path);False;False;0.9034152775648784;0.09658472243512224
metron-platform\metron-common\src\main\java\org\apache\metron\common\configuration\configuration.java@org.apache.metron.common.configuration.configuration.update();False;False;0.9955;0.0045
metron-platform\metron-common\src\main\java\org\apache\metron\common\configuration\configurations.java@org.apache.metron.common.configuration.configurations.deleteglobalconfig();False;False;0.998;0.002
metron-platform\metron-common\src\main\java\org\apache\metron\common\configuration\configurations.java@org.apache.metron.common.configuration.configurations.equals(object);False;False;1.0;0.0
metron-platform\metron-common\src\main\java\org\apache\metron\common\configuration\configurations.java@org.apache.metron.common.configuration.configurations.getas(string,map,t,class);True;False;0.9034152775648784;0.09658472243512224
metron-platform\metron-common\src\main\java\org\apache\metron\common\configuration\configurations.java@org.apache.metron.common.configuration.configurations.getconfigurations();False;False;0.997;0.003
metron-platform\metron-common\src\main\java\org\apache\metron\common\configuration\configurations.java@org.apache.metron.common.configuration.configurations.getfieldvalidations();False;False;1.0;0.0
metron-platform\metron-common\src\main\java\org\apache\metron\common\configuration\configurations.java@org.apache.metron.common.configuration.configurations.getglobalconfig();False;False;1.0;0.0
metron-platform\metron-common\src\main\java\org\apache\metron\common\configuration\configurations.java@org.apache.metron.common.configuration.configurations.getglobalconfig(boolean);False;False;0.9956666666666666;0.004333333333333333
metron-platform\metron-common\src\main\java\org\apache\metron\common\configuration\configurations.java@org.apache.metron.common.configuration.configurations.hashcode();False;False;1.0;0.0
metron-platform\metron-common\src\main\java\org\apache\metron\common\configuration\configurations.java@org.apache.metron.common.configuration.configurations.tostring();False;False;1.0;0.0
metron-platform\metron-common\src\main\java\org\apache\metron\common\configuration\configurations.java@org.apache.metron.common.configuration.configurations.updateglobalconfig(inputstream);False;False;0.9989333333333332;0.0010666666666666667
metron-platform\metron-common\src\main\java\org\apache\metron\common\configuration\configurations.java@org.apache.metron.common.configuration.configurations.updateglobalconfig(map);False;False;0.9034152775648784;0.09658472243512224
metron-platform\metron-common\src\main\java\org\apache\metron\common\configuration\configurations.java@org.apache.metron.common.configuration.configurations.updateglobalconfig(byte[]);False;False;0.9034152775648784;0.09658472243512224
metron-platform\metron-common\src\main\java\org\apache\metron\common\configuration\configurationsutils.java@org.apache.metron.common.configuration.configurationsutils.applyconfigpatchtozookeeper(configurationtype,optional,byte[],curatorframework);False;False;0.9034152775648784;0.09658472243512224
metron-platform\metron-common\src\main\java\org\apache\metron\common\configuration\configurationsutils.java@org.apache.metron.common.configuration.configurationsutils.applyconfigpatchtozookeeper(configurationtype,optional,byte[],string);False;False;0.9034152775648784;0.09658472243512224
metron-platform\metron-common\src\main\java\org\apache\metron\common\configuration\configurationsutils.java@org.apache.metron.common.configuration.configurationsutils.applyconfigpatchtozookeeper(configurationtype,byte[],string);False;False;0.9034152775648784;0.09658472243512224
metron-platform\metron-common\src\main\java\org\apache\metron\common\configuration\configurationsutils.java@org.apache.metron.common.configuration.configurationsutils.dumpconfigs(printstream,curatorframework);False;False;0.9034152775648784;0.09658472243512224
metron-platform\metron-common\src\main\java\org\apache\metron\common\configuration\configurationsutils.java@org.apache.metron.common.configuration.configurationsutils.dumpconfigs(printstream,curatorframework,configurationtype,optional);False;False;0.9034152775648784;0.09658472243512224
metron-platform\metron-common\src\main\java\org\apache\metron\common\configuration\configurationsutils.java@org.apache.metron.common.configuration.configurationsutils.getclient(string);False;False;0.979;0.021
metron-platform\metron-common\src\main\java\org\apache\metron\common\configuration\configurationsutils.java@org.apache.metron.common.configuration.configurationsutils.getconfigzkpath(configurationtype,optional);False;False;0.9034152775648784;0.09658472243512224
metron-platform\metron-common\src\main\java\org\apache\metron\common\configuration\configurationsutils.java@org.apache.metron.common.configuration.configurationsutils.getfieldname(map,string,string);True;False;0.9034152775648784;0.09658472243512224
metron-platform\metron-common\src\main\java\org\apache\metron\common\configuration\configurationsutils.java@org.apache.metron.common.configuration.configurationsutils.readconfigbytesfromzookeeper(configurationtype,optional,curatorframework);False;False;0.9034152775648784;0.09658472243512224
metron-platform\metron-common\src\main\java\org\apache\metron\common\configuration\configurationsutils.java@org.apache.metron.common.configuration.configurationsutils.readconfigbytesfromzookeeper(configurationtype,optional,string);False;False;0.9034152775648784;0.09658472243512224
metron-platform\metron-common\src\main\java\org\apache\metron\common\configuration\configurationsutils.java@org.apache.metron.common.configuration.configurationsutils.readconfigbytesfromzookeeper(configurationtype,string);False;False;0.9034152775648784;0.09658472243512224
metron-platform\metron-common\src\main\java\org\apache\metron\common\configuration\configurationsutils.java@org.apache.metron.common.configuration.configurationsutils.readconfigbytesfromzookeeper(string,curatorframework);False;False;0.9034152775648784;0.09658472243512224
metron-platform\metron-common\src\main\java\org\apache\metron\common\configuration\configurationsutils.java@org.apache.metron.common.configuration.configurationsutils.readfromzookeeper(string,curatorframework);False;False;0.9034152775648784;0.09658472243512224
metron-platform\metron-common\src\main\java\org\apache\metron\common\configuration\configurationsutils.java@org.apache.metron.common.configuration.configurationsutils.readfromzookeeper(string,string);False;False;0.9034152775648784;0.09658472243512224
metron-platform\metron-common\src\main\java\org\apache\metron\common\configuration\configurationsutils.java@org.apache.metron.common.configuration.configurationsutils.readfromzookeepersafely(string,curatorframework);False;False;0.9034152775648784;0.09658472243512224
metron-platform\metron-common\src\main\java\org\apache\metron\common\configuration\configurationsutils.java@org.apache.metron.common.configuration.configurationsutils.readglobalconfigbytesfromzookeeper(curatorframework);False;False;0.993;0.007
metron-platform\metron-common\src\main\java\org\apache\metron\common\configuration\configurationsutils.java@org.apache.metron.common.configuration.configurationsutils.readglobalconfigfromfile(string);False;False;1.0;0.0
metron-platform\metron-common\src\main\java\org\apache\metron\common\configuration\configurationsutils.java@org.apache.metron.common.configuration.configurationsutils.readglobalconfigfromzookeeper(curatorframework);False;False;0.953;0.047
metron-platform\metron-common\src\main\java\org\apache\metron\common\configuration\configurationsutils.java@org.apache.metron.common.configuration.configurationsutils.readprofilerconfigbytesfromzookeeper(curatorframework);False;False;0.993;0.007
metron-platform\metron-common\src\main\java\org\apache\metron\common\configuration\configurationsutils.java@org.apache.metron.common.configuration.configurationsutils.readprofilerconfigfromfile(string);False;False;1.0;0.0
metron-platform\metron-common\src\main\java\org\apache\metron\common\configuration\configurationsutils.java@org.apache.metron.common.configuration.configurationsutils.readprofilerconfigfromzookeeper(curatorframework);False;False;0.985;0.015
metron-platform\metron-common\src\main\java\org\apache\metron\common\configuration\configurationsutils.java@org.apache.metron.common.configuration.configurationsutils.readsensorconfigsfromfile(string,configurationtype);False;False;0.9034152775648784;0.09658472243512224
metron-platform\metron-common\src\main\java\org\apache\metron\common\configuration\configurationsutils.java@org.apache.metron.common.configuration.configurationsutils.readsensorconfigsfromfile(string,configurationtype,optional);False;False;0.9034152775648784;0.09658472243512224
metron-platform\metron-common\src\main\java\org\apache\metron\common\configuration\configurationsutils.java@org.apache.metron.common.configuration.configurationsutils.readsensorenrichmentconfigbytesfromzookeeper(string,curatorframework);False;False;0.9034152775648784;0.09658472243512224
metron-platform\metron-common\src\main\java\org\apache\metron\common\configuration\configurationsutils.java@org.apache.metron.common.configuration.configurationsutils.readsensorenrichmentconfigfromzookeeper(string,curatorframework);False;False;0.9034152775648784;0.09658472243512224
metron-platform\metron-common\src\main\java\org\apache\metron\common\configuration\configurationsutils.java@org.apache.metron.common.configuration.configurationsutils.readsensorenrichmentconfigsfromfile(string);False;False;1.0;0.0
metron-platform\metron-common\src\main\java\org\apache\metron\common\configuration\configurationsutils.java@org.apache.metron.common.configuration.configurationsutils.readsensorindexingconfigbytesfromzookeeper(string,curatorframework);False;False;0.9034152775648784;0.09658472243512224
metron-platform\metron-common\src\main\java\org\apache\metron\common\configuration\configurationsutils.java@org.apache.metron.common.configuration.configurationsutils.readsensorindexingconfigfromzookeeper(string,curatorframework);False;False;0.9034152775648784;0.09658472243512224
metron-platform\metron-common\src\main\java\org\apache\metron\common\configuration\configurationsutils.java@org.apache.metron.common.configuration.configurationsutils.readsensorindexingconfigsfromfile(string);False;False;1.0;0.0
metron-platform\metron-common\src\main\java\org\apache\metron\common\configuration\configurationsutils.java@org.apache.metron.common.configuration.configurationsutils.readsensorparserconfigbytesfromzookeeper(string,curatorframework);False;False;0.9034152775648784;0.09658472243512224
metron-platform\metron-common\src\main\java\org\apache\metron\common\configuration\configurationsutils.java@org.apache.metron.common.configuration.configurationsutils.readsensorparserconfigfromzookeeper(string,curatorframework);False;False;0.9034152775648784;0.09658472243512224
metron-platform\metron-common\src\main\java\org\apache\metron\common\configuration\configurationsutils.java@org.apache.metron.common.configuration.configurationsutils.readsensorparserconfigsfromfile(string);False;False;1.0;0.0
metron-platform\metron-common\src\main\java\org\apache\metron\common\configuration\configurationsutils.java@org.apache.metron.common.configuration.configurationsutils.setupstellarstatically(curatorframework);False;False;0.9034152775648784;0.09658472243512224
metron-platform\metron-common\src\main\java\org\apache\metron\common\configuration\configurationsutils.java@org.apache.metron.common.configuration.configurationsutils.setupstellarstatically(curatorframework,optional);False;False;0.9034152775648784;0.09658472243512224
metron-platform\metron-common\src\main\java\org\apache\metron\common\configuration\configurationsutils.java@org.apache.metron.common.configuration.configurationsutils.updateconfigsfromzookeeper(configurations,configurationtype,callback,curatorframework);False;False;0.9034152775648784;0.09658472243512224
metron-platform\metron-common\src\main\java\org\apache\metron\common\configuration\configurationsutils.java@org.apache.metron.common.configuration.configurationsutils.updateconfigsfromzookeeper(configurations,curatorframework);False;False;0.9034152775648784;0.09658472243512224
metron-platform\metron-common\src\main\java\org\apache\metron\common\configuration\configurationsutils.java@org.apache.metron.common.configuration.configurationsutils.updateenrichmentconfigsfromzookeeper(enrichmentconfigurations,curatorframework);False;False;0.9034152775648784;0.09658472243512224
metron-platform\metron-common\src\main\java\org\apache\metron\common\configuration\configurationsutils.java@org.apache.metron.common.configuration.configurationsutils.updateparserconfigsfromzookeeper(parserconfigurations,curatorframework);False;False;0.9034152775648784;0.09658472243512224
metron-platform\metron-common\src\main\java\org\apache\metron\common\configuration\configurationsutils.java@org.apache.metron.common.configuration.configurationsutils.updatesensorindexingconfigsfromzookeeper(indexingconfigurations,curatorframework);False;False;0.9034152775648784;0.09658472243512224
metron-platform\metron-common\src\main\java\org\apache\metron\common\configuration\configurationsutils.java@org.apache.metron.common.configuration.configurationsutils.uploadconfigstozookeeper(string,curatorframework);False;False;0.9034152775648784;0.09658472243512224
metron-platform\metron-common\src\main\java\org\apache\metron\common\configuration\configurationsutils.java@org.apache.metron.common.configuration.configurationsutils.uploadconfigstozookeeper(string,curatorframework,configurationtype);False;False;0.9034152775648784;0.09658472243512224
metron-platform\metron-common\src\main\java\org\apache\metron\common\configuration\configurationsutils.java@org.apache.metron.common.configuration.configurationsutils.uploadconfigstozookeeper(string,curatorframework,configurationtype,optional);False;False;0.9034152775648784;0.09658472243512224
metron-platform\metron-common\src\main\java\org\apache\metron\common\configuration\configurationsutils.java@org.apache.metron.common.configuration.configurationsutils.uploadconfigstozookeeper(string,string,string,string,string,curatorframework);False;False;0.9034152775648784;0.09658472243512224
metron-platform\metron-common\src\main\java\org\apache\metron\common\configuration\configurationsutils.java@org.apache.metron.common.configuration.configurationsutils.uploadconfigstozookeeper(string,string,string,string,string,string);False;False;0.9034152775648784;0.09658472243512224
metron-platform\metron-common\src\main\java\org\apache\metron\common\configuration\configurationsutils.java@org.apache.metron.common.configuration.configurationsutils.visitconfigs(curatorframework,configurationvisitor);False;False;0.9034152775648784;0.09658472243512224
metron-platform\metron-common\src\main\java\org\apache\metron\common\configuration\configurationsutils.java@org.apache.metron.common.configuration.configurationsutils.visitconfigs(curatorframework,configurationvisitor,configurationtype,optional);False;False;0.9034152775648784;0.09658472243512224
metron-platform\metron-common\src\main\java\org\apache\metron\common\configuration\configurationsutils.java@org.apache.metron.common.configuration.configurationsutils.writeconfigtozookeeper(configurationtype,optional,byte[],curatorframework);False;False;0.9034152775648784;0.09658472243512224
metron-platform\metron-common\src\main\java\org\apache\metron\common\configuration\configurationsutils.java@org.apache.metron.common.configuration.configurationsutils.writeconfigtozookeeper(configurationtype,optional,byte[],string);False;False;0.9034152775648784;0.09658472243512224
metron-platform\metron-common\src\main\java\org\apache\metron\common\configuration\configurationsutils.java@org.apache.metron.common.configuration.configurationsutils.writeconfigtozookeeper(configurationtype,byte[],string);False;False;0.9034152775648784;0.09658472243512224
metron-platform\metron-common\src\main\java\org\apache\metron\common\configuration\configurationsutils.java@org.apache.metron.common.configuration.configurationsutils.writeconfigtozookeeper(string,map,string);False;False;0.9034152775648784;0.09658472243512224
metron-platform\metron-common\src\main\java\org\apache\metron\common\configuration\configurationsutils.java@org.apache.metron.common.configuration.configurationsutils.writeconfigtozookeeper(string,byte[],string);False;False;0.9034152775648784;0.09658472243512224
metron-platform\metron-common\src\main\java\org\apache\metron\common\configuration\configurationsutils.java@org.apache.metron.common.configuration.configurationsutils.writeglobalconfigtozookeeper(map,curatorframework);False;False;0.9034152775648784;0.09658472243512224
metron-platform\metron-common\src\main\java\org\apache\metron\common\configuration\configurationsutils.java@org.apache.metron.common.configuration.configurationsutils.writeglobalconfigtozookeeper(map,string);False;False;0.9034152775648784;0.09658472243512224
metron-platform\metron-common\src\main\java\org\apache\metron\common\configuration\configurationsutils.java@org.apache.metron.common.configuration.configurationsutils.writeglobalconfigtozookeeper(byte[],curatorframework);False;False;0.9034152775648784;0.09658472243512224
metron-platform\metron-common\src\main\java\org\apache\metron\common\configuration\configurationsutils.java@org.apache.metron.common.configuration.configurationsutils.writeglobalconfigtozookeeper(byte[],string);False;False;0.9034152775648784;0.09658472243512224
metron-platform\metron-common\src\main\java\org\apache\metron\common\configuration\configurationsutils.java@org.apache.metron.common.configuration.configurationsutils.writeprofilerconfigtozookeeper(byte[],curatorframework);False;False;0.9034152775648784;0.09658472243512224
metron-platform\metron-common\src\main\java\org\apache\metron\common\configuration\configurationsutils.java@org.apache.metron.common.configuration.configurationsutils.writesensorenrichmentconfigtozookeeper(string,sensorenrichmentconfig,string);False;False;0.9034152775648784;0.09658472243512224
metron-platform\metron-common\src\main\java\org\apache\metron\common\configuration\configurationsutils.java@org.apache.metron.common.configuration.configurationsutils.writesensorenrichmentconfigtozookeeper(string,byte[],curatorframework);False;False;0.9034152775648784;0.09658472243512224
metron-platform\metron-common\src\main\java\org\apache\metron\common\configuration\configurationsutils.java@org.apache.metron.common.configuration.configurationsutils.writesensorenrichmentconfigtozookeeper(string,byte[],string);False;False;0.9034152775648784;0.09658472243512224
metron-platform\metron-common\src\main\java\org\apache\metron\common\configuration\configurationsutils.java@org.apache.metron.common.configuration.configurationsutils.writesensorindexingconfigtozookeeper(string,map,string);False;False;0.9034152775648784;0.09658472243512224
metron-platform\metron-common\src\main\java\org\apache\metron\common\configuration\configurationsutils.java@org.apache.metron.common.configuration.configurationsutils.writesensorindexingconfigtozookeeper(string,byte[],curatorframework);False;False;0.9034152775648784;0.09658472243512224
metron-platform\metron-common\src\main\java\org\apache\metron\common\configuration\configurationsutils.java@org.apache.metron.common.configuration.configurationsutils.writesensorindexingconfigtozookeeper(string,byte[],string);False;False;0.9034152775648784;0.09658472243512224
metron-platform\metron-common\src\main\java\org\apache\metron\common\configuration\configurationsutils.java@org.apache.metron.common.configuration.configurationsutils.writesensorparserconfigtozookeeper(string,sensorparserconfig,string);False;False;0.9034152775648784;0.09658472243512224
metron-platform\metron-common\src\main\java\org\apache\metron\common\configuration\configurationsutils.java@org.apache.metron.common.configuration.configurationsutils.writesensorparserconfigtozookeeper(string,byte[],curatorframework);False;False;0.9034152775648784;0.09658472243512224
metron-platform\metron-common\src\main\java\org\apache\metron\common\configuration\configurationsutils.java@org.apache.metron.common.configuration.configurationsutils.writesensorparserconfigtozookeeper(string,byte[],string);False;False;0.9034152775648784;0.09658472243512224
metron-platform\metron-common\src\main\java\org\apache\metron\common\configuration\configurationsutils.java@org.apache.metron.common.configuration.configurationsutils.writetozookeeper(string,byte[],curatorframework);False;False;0.9034152775648784;0.09658472243512224
metron-platform\metron-common\src\main\java\org\apache\metron\common\configuration\enrichmentconfigurationoperations.java@org.apache.metron.common.configuration.enrichmentconfigurationoperations.deserialize(string);False;False;1.0;0.0
metron-platform\metron-common\src\main\java\org\apache\metron\common\configuration\enrichmentconfigurationoperations.java@org.apache.metron.common.configuration.enrichmentconfigurationoperations.gettypename();False;False;1.0;0.0
metron-platform\metron-common\src\main\java\org\apache\metron\common\configuration\enrichmentconfigurationoperations.java@org.apache.metron.common.configuration.enrichmentconfigurationoperations.writesensorconfigtozookeeper(string,byte[],curatorframework);False;False;0.9034152775648784;0.09658472243512224
metron-platform\metron-common\src\main\java\org\apache\metron\common\configuration\enrichmentconfigurations.java@org.apache.metron.common.configuration.enrichmentconfigurations.delete(string);False;False;1.0;0.0
metron-platform\metron-common\src\main\java\org\apache\metron\common\configuration\enrichmentconfigurations.java@org.apache.metron.common.configuration.enrichmentconfigurations.getbatchsize();True;False;0.9034152775648784;0.09658472243512224
metron-platform\metron-common\src\main\java\org\apache\metron\common\configuration\enrichmentconfigurations.java@org.apache.metron.common.configuration.enrichmentconfigurations.getbatchtimeout();True;False;0.9034152775648784;0.09658472243512224
metron-platform\metron-common\src\main\java\org\apache\metron\common\configuration\enrichmentconfigurations.java@org.apache.metron.common.configuration.enrichmentconfigurations.getkey(string);False;False;1.0;0.0
metron-platform\metron-common\src\main\java\org\apache\metron\common\configuration\enrichmentconfigurations.java@org.apache.metron.common.configuration.enrichmentconfigurations.getsensorenrichmentconfig(string);False;False;0.9931047619047619;0.006895238095238095
metron-platform\metron-common\src\main\java\org\apache\metron\common\configuration\enrichmentconfigurations.java@org.apache.metron.common.configuration.enrichmentconfigurations.gettypes();False;False;0.992;0.008
metron-platform\metron-common\src\main\java\org\apache\metron\common\configuration\enrichmentconfigurations.java@org.apache.metron.common.configuration.enrichmentconfigurations.updatesensorenrichmentconfig(string,inputstream);False;False;0.9034152775648784;0.09658472243512224
metron-platform\metron-common\src\main\java\org\apache\metron\common\configuration\enrichmentconfigurations.java@org.apache.metron.common.configuration.enrichmentconfigurations.updatesensorenrichmentconfig(string,sensorenrichmentconfig);False;False;0.9034152775648784;0.09658472243512224
metron-platform\metron-common\src\main\java\org\apache\metron\common\configuration\enrichmentconfigurations.java@org.apache.metron.common.configuration.enrichmentconfigurations.updatesensorenrichmentconfig(string,byte[]);False;False;0.9034152775648784;0.09658472243512224
metron-platform\metron-common\src\main\java\org\apache\metron\common\configuration\fieldtransformer.java@org.apache.metron.common.configuration.fieldtransformer.equals(object);False;False;0.996;0.004
metron-platform\metron-common\src\main\java\org\apache\metron\common\configuration\fieldtransformer.java@org.apache.metron.common.configuration.fieldtransformer.getconfig();False;False;0.9870016977227632;0.012998302277236747
metron-platform\metron-common\src\main\java\org\apache\metron\common\configuration\fieldtransformer.java@org.apache.metron.common.configuration.fieldtransformer.getfieldtransformation();False;False;1.0;0.0
metron-platform\metron-common\src\main\java\org\apache\metron\common\configuration\fieldtransformer.java@org.apache.metron.common.configuration.fieldtransformer.getinput();False;False;0.996;0.004
metron-platform\metron-common\src\main\java\org\apache\metron\common\configuration\fieldtransformer.java@org.apache.metron.common.configuration.fieldtransformer.getoutput();False;False;0.9870016977227632;0.012998302277236747
metron-platform\metron-common\src\main\java\org\apache\metron\common\configuration\fieldtransformer.java@org.apache.metron.common.configuration.fieldtransformer.gettransformation();False;False;1.0;0.0
metron-platform\metron-common\src\main\java\org\apache\metron\common\configuration\fieldtransformer.java@org.apache.metron.common.configuration.fieldtransformer.hashcode();False;False;0.999;0.001
metron-platform\metron-common\src\main\java\org\apache\metron\common\configuration\fieldtransformer.java@org.apache.metron.common.configuration.fieldtransformer.initandvalidate();False;False;0.97845;0.02155
metron-platform\metron-common\src\main\java\org\apache\metron\common\configuration\fieldtransformer.java@org.apache.metron.common.configuration.fieldtransformer.setconfig(linkedhashmap);False;False;0.9034152775648784;0.09658472243512224
metron-platform\metron-common\src\main\java\org\apache\metron\common\configuration\fieldtransformer.java@org.apache.metron.common.configuration.fieldtransformer.setinput(object);False;False;0.9968333333333332;0.0031666666666666666
metron-platform\metron-common\src\main\java\org\apache\metron\common\configuration\fieldtransformer.java@org.apache.metron.common.configuration.fieldtransformer.setoutput(object);False;False;0.9968333333333332;0.0031666666666666666
metron-platform\metron-common\src\main\java\org\apache\metron\common\configuration\fieldtransformer.java@org.apache.metron.common.configuration.fieldtransformer.settransformation(string);False;False;1.0;0.0
metron-platform\metron-common\src\main\java\org\apache\metron\common\configuration\fieldtransformer.java@org.apache.metron.common.configuration.fieldtransformer.tostring();False;False;0.998;0.002
metron-platform\metron-common\src\main\java\org\apache\metron\common\configuration\fieldtransformer.java@org.apache.metron.common.configuration.fieldtransformer.transform(jsonobject,context,map);False;False;0.9034152775648784;0.09658472243512224
metron-platform\metron-common\src\main\java\org\apache\metron\common\configuration\fieldtransformer.java@org.apache.metron.common.configuration.fieldtransformer.transformandupdate(jsonobject,context,map);False;False;0.9034152775648784;0.09658472243512224
metron-platform\metron-common\src\main\java\org\apache\metron\common\configuration\fieldvalidator.java@org.apache.metron.common.configuration.fieldvalidator.config(string);False;False;0.9034152775648784;0.09658472243512224
metron-platform\metron-common\src\main\java\org\apache\metron\common\configuration\fieldvalidator.java@org.apache.metron.common.configuration.fieldvalidator.fieldvalidator(object);False;False;0.9034152775648784;0.09658472243512224
metron-platform\metron-common\src\main\java\org\apache\metron\common\configuration\fieldvalidator.java@org.apache.metron.common.configuration.fieldvalidator.equals(object);False;False;0.995;0.005
metron-platform\metron-common\src\main\java\org\apache\metron\common\configuration\fieldvalidator.java@org.apache.metron.common.configuration.fieldvalidator.get(map,class);False;False;0.9034152775648784;0.09658472243512224
metron-platform\metron-common\src\main\java\org\apache\metron\common\configuration\fieldvalidator.java@org.apache.metron.common.configuration.fieldvalidator.getconfig();False;False;0.9870016977227632;0.012998302277236747
metron-platform\metron-common\src\main\java\org\apache\metron\common\configuration\fieldvalidator.java@org.apache.metron.common.configuration.fieldvalidator.getinput();False;False;0.9870016977227632;0.012998302277236747
metron-platform\metron-common\src\main\java\org\apache\metron\common\configuration\fieldvalidator.java@org.apache.metron.common.configuration.fieldvalidator.getvalidation();False;False;1.0;0.0
metron-platform\metron-common\src\main\java\org\apache\metron\common\configuration\fieldvalidator.java@org.apache.metron.common.configuration.fieldvalidator.hashcode();False;False;0.952;0.048
metron-platform\metron-common\src\main\java\org\apache\metron\common\configuration\fieldvalidator.java@org.apache.metron.common.configuration.fieldvalidator.isvalid(jsonobject,map,context);False;False;0.9034152775648784;0.09658472243512224
metron-platform\metron-common\src\main\java\org\apache\metron\common\configuration\fieldvalidator.java@org.apache.metron.common.configuration.fieldvalidator.readvalidations(map);False;False;0.9034152775648784;0.09658472243512224
metron-platform\metron-common\src\main\java\org\apache\metron\common\configuration\fieldvalidator.java@org.apache.metron.common.configuration.fieldvalidator.tostring();False;False;1.0;0.0
metron-platform\metron-common\src\main\java\org\apache\metron\common\configuration\globalconfigurationoperations.java@org.apache.metron.common.configuration.globalconfigurationoperations.deserialize(string);False;False;1.0;0.0
metron-platform\metron-common\src\main\java\org\apache\metron\common\configuration\globalconfigurationoperations.java@org.apache.metron.common.configuration.globalconfigurationoperations.getdirectory();False;False;1.0;0.0
metron-platform\metron-common\src\main\java\org\apache\metron\common\configuration\globalconfigurationoperations.java@org.apache.metron.common.configuration.globalconfigurationoperations.gettypename();False;False;1.0;0.0
metron-platform\metron-common\src\main\java\org\apache\metron\common\configuration\globalconfigurationoperations.java@org.apache.metron.common.configuration.globalconfigurationoperations.writesensorconfigtozookeeper(string,byte[],curatorframework);False;False;0.9034152775648784;0.09658472243512224
metron-platform\metron-common\src\main\java\org\apache\metron\common\configuration\indexingconfigurationoperations.java@org.apache.metron.common.configuration.indexingconfigurationoperations.deserialize(string);False;False;1.0;0.0
metron-platform\metron-common\src\main\java\org\apache\metron\common\configuration\indexingconfigurationoperations.java@org.apache.metron.common.configuration.indexingconfigurationoperations.gettypename();False;False;1.0;0.0
metron-platform\metron-common\src\main\java\org\apache\metron\common\configuration\indexingconfigurationoperations.java@org.apache.metron.common.configuration.indexingconfigurationoperations.writesensorconfigtozookeeper(string,byte[],curatorframework);False;False;0.9034152775648784;0.09658472243512224
metron-platform\metron-common\src\main\java\org\apache\metron\common\configuration\indexingconfigurations.java@org.apache.metron.common.configuration.indexingconfigurations.delete(string);False;False;1.0;0.0
metron-platform\metron-common\src\main\java\org\apache\metron\common\configuration\indexingconfigurations.java@org.apache.metron.common.configuration.indexingconfigurations.getallconfiguredtimeouts(string);False;False;0.9824333333333334;0.017566666666666668
metron-platform\metron-common\src\main\java\org\apache\metron\common\configuration\indexingconfigurations.java@org.apache.metron.common.configuration.indexingconfigurations.getas(string,map,t,class);True;False;0.9034152775648784;0.09658472243512224
metron-platform\metron-common\src\main\java\org\apache\metron\common\configuration\indexingconfigurations.java@org.apache.metron.common.configuration.indexingconfigurations.getbatchsize(map);False;False;0.9034152775648784;0.09658472243512224
metron-platform\metron-common\src\main\java\org\apache\metron\common\configuration\indexingconfigurations.java@org.apache.metron.common.configuration.indexingconfigurations.getbatchsize(string,string);False;False;0.9034152775648784;0.09658472243512224
metron-platform\metron-common\src\main\java\org\apache\metron\common\configuration\indexingconfigurations.java@org.apache.metron.common.configuration.indexingconfigurations.getbatchtimeout(map);False;False;0.9034152775648784;0.09658472243512224
metron-platform\metron-common\src\main\java\org\apache\metron\common\configuration\indexingconfigurations.java@org.apache.metron.common.configuration.indexingconfigurations.getbatchtimeout(string,string);False;False;0.9034152775648784;0.09658472243512224
metron-platform\metron-common\src\main\java\org\apache\metron\common\configuration\indexingconfigurations.java@org.apache.metron.common.configuration.indexingconfigurations.getfieldnameconverter(map,string);False;False;0.9034152775648784;0.09658472243512224
metron-platform\metron-common\src\main\java\org\apache\metron\common\configuration\indexingconfigurations.java@org.apache.metron.common.configuration.indexingconfigurations.getfieldnameconverter(string,string);False;False;0.9034152775648784;0.09658472243512224
metron-platform\metron-common\src\main\java\org\apache\metron\common\configuration\indexingconfigurations.java@org.apache.metron.common.configuration.indexingconfigurations.getindex(map,string);False;False;0.9034152775648784;0.09658472243512224
metron-platform\metron-common\src\main\java\org\apache\metron\common\configuration\indexingconfigurations.java@org.apache.metron.common.configuration.indexingconfigurations.getindex(string,string);False;False;0.9034152775648784;0.09658472243512224
metron-platform\metron-common\src\main\java\org\apache\metron\common\configuration\indexingconfigurations.java@org.apache.metron.common.configuration.indexingconfigurations.getkey(string);False;False;1.0;0.0
metron-platform\metron-common\src\main\java\org\apache\metron\common\configuration\indexingconfigurations.java@org.apache.metron.common.configuration.indexingconfigurations.getoutputpathfunction(map,string);False;False;0.9034152775648784;0.09658472243512224
metron-platform\metron-common\src\main\java\org\apache\metron\common\configuration\indexingconfigurations.java@org.apache.metron.common.configuration.indexingconfigurations.getoutputpathfunction(string,string);False;False;0.9034152775648784;0.09658472243512224
metron-platform\metron-common\src\main\java\org\apache\metron\common\configuration\indexingconfigurations.java@org.apache.metron.common.configuration.indexingconfigurations.getsensorindexingconfig(string);False;False;1.0;0.0
metron-platform\metron-common\src\main\java\org\apache\metron\common\configuration\indexingconfigurations.java@org.apache.metron.common.configuration.indexingconfigurations.getsensorindexingconfig(string,string);False;False;0.9034152775648784;0.09658472243512224
metron-platform\metron-common\src\main\java\org\apache\metron\common\configuration\indexingconfigurations.java@org.apache.metron.common.configuration.indexingconfigurations.getsensorindexingconfig(string,boolean);False;False;0.9034152775648784;0.09658472243512224
metron-platform\metron-common\src\main\java\org\apache\metron\common\configuration\indexingconfigurations.java@org.apache.metron.common.configuration.indexingconfigurations.gettypes();False;False;0.992;0.008
metron-platform\metron-common\src\main\java\org\apache\metron\common\configuration\indexingconfigurations.java@org.apache.metron.common.configuration.indexingconfigurations.isdefault(string,string);False;False;0.9034152775648784;0.09658472243512224
metron-platform\metron-common\src\main\java\org\apache\metron\common\configuration\indexingconfigurations.java@org.apache.metron.common.configuration.indexingconfigurations.isenabled(map);False;False;0.9034152775648784;0.09658472243512224
metron-platform\metron-common\src\main\java\org\apache\metron\common\configuration\indexingconfigurations.java@org.apache.metron.common.configuration.indexingconfigurations.isenabled(string,string);False;False;0.9034152775648784;0.09658472243512224
metron-platform\metron-common\src\main\java\org\apache\metron\common\configuration\indexingconfigurations.java@org.apache.metron.common.configuration.indexingconfigurations.setbatchsize(map,int);False;False;0.9034152775648784;0.09658472243512224
metron-platform\metron-common\src\main\java\org\apache\metron\common\configuration\indexingconfigurations.java@org.apache.metron.common.configuration.indexingconfigurations.setbatchtimeout(map,int);False;False;0.9034152775648784;0.09658472243512224
metron-platform\metron-common\src\main\java\org\apache\metron\common\configuration\indexingconfigurations.java@org.apache.metron.common.configuration.indexingconfigurations.setenabled(map,boolean);False;False;0.9034152775648784;0.09658472243512224
metron-platform\metron-common\src\main\java\org\apache\metron\common\configuration\indexingconfigurations.java@org.apache.metron.common.configuration.indexingconfigurations.setfieldnameconverter(map,string);False;False;0.9034152775648784;0.09658472243512224
metron-platform\metron-common\src\main\java\org\apache\metron\common\configuration\indexingconfigurations.java@org.apache.metron.common.configuration.indexingconfigurations.setindex(map,string);False;False;0.9034152775648784;0.09658472243512224
metron-platform\metron-common\src\main\java\org\apache\metron\common\configuration\indexingconfigurations.java@org.apache.metron.common.configuration.indexingconfigurations.updatesensorindexingconfig(string,inputstream);False;False;0.9034152775648784;0.09658472243512224
metron-platform\metron-common\src\main\java\org\apache\metron\common\configuration\indexingconfigurations.java@org.apache.metron.common.configuration.indexingconfigurations.updatesensorindexingconfig(string,map);False;False;0.9034152775648784;0.09658472243512224
metron-platform\metron-common\src\main\java\org\apache\metron\common\configuration\indexingconfigurations.java@org.apache.metron.common.configuration.indexingconfigurations.updatesensorindexingconfig(string,byte[]);False;False;0.9034152775648784;0.09658472243512224
metron-platform\metron-common\src\main\java\org\apache\metron\common\configuration\parserconfigurationoperations.java@org.apache.metron.common.configuration.parserconfigurationoperations.deserialize(string);False;False;1.0;0.0
metron-platform\metron-common\src\main\java\org\apache\metron\common\configuration\parserconfigurationoperations.java@org.apache.metron.common.configuration.parserconfigurationoperations.gettypename();False;False;1.0;0.0
metron-platform\metron-common\src\main\java\org\apache\metron\common\configuration\parserconfigurationoperations.java@org.apache.metron.common.configuration.parserconfigurationoperations.writesensorconfigtozookeeper(string,byte[],curatorframework);False;False;0.9034152775648784;0.09658472243512224
metron-platform\metron-common\src\main\java\org\apache\metron\common\configuration\parserconfigurations.java@org.apache.metron.common.configuration.parserconfigurations.delete(string);False;False;1.0;0.0
metron-platform\metron-common\src\main\java\org\apache\metron\common\configuration\parserconfigurations.java@org.apache.metron.common.configuration.parserconfigurations.getkey(string);False;False;1.0;0.0
metron-platform\metron-common\src\main\java\org\apache\metron\common\configuration\parserconfigurations.java@org.apache.metron.common.configuration.parserconfigurations.getsensorparserconfig(string);False;False;0.9931047619047619;0.006895238095238095
metron-platform\metron-common\src\main\java\org\apache\metron\common\configuration\parserconfigurations.java@org.apache.metron.common.configuration.parserconfigurations.gettypes();False;False;0.992;0.008
metron-platform\metron-common\src\main\java\org\apache\metron\common\configuration\parserconfigurations.java@org.apache.metron.common.configuration.parserconfigurations.updatesensorparserconfig(string,inputstream);False;False;0.9034152775648784;0.09658472243512224
metron-platform\metron-common\src\main\java\org\apache\metron\common\configuration\parserconfigurations.java@org.apache.metron.common.configuration.parserconfigurations.updatesensorparserconfig(string,sensorparserconfig);False;False;0.9034152775648784;0.09658472243512224
metron-platform\metron-common\src\main\java\org\apache\metron\common\configuration\parserconfigurations.java@org.apache.metron.common.configuration.parserconfigurations.updatesensorparserconfig(string,byte[]);False;False;0.9034152775648784;0.09658472243512224
metron-platform\metron-common\src\main\java\org\apache\metron\common\configuration\profilerconfigurationoperations.java@org.apache.metron.common.configuration.profilerconfigurationoperations.deserialize(string);False;False;1.0;0.0
metron-platform\metron-common\src\main\java\org\apache\metron\common\configuration\profilerconfigurationoperations.java@org.apache.metron.common.configuration.profilerconfigurationoperations.getdirectory();False;False;1.0;0.0
metron-platform\metron-common\src\main\java\org\apache\metron\common\configuration\profilerconfigurationoperations.java@org.apache.metron.common.configuration.profilerconfigurationoperations.gettypename();False;False;1.0;0.0
metron-platform\metron-common\src\main\java\org\apache\metron\common\configuration\profilerconfigurationoperations.java@org.apache.metron.common.configuration.profilerconfigurationoperations.writesensorconfigtozookeeper(string,byte[],curatorframework);False;False;0.9034152775648784;0.09658472243512224
metron-platform\metron-common\src\main\java\org\apache\metron\common\configuration\sensorparserconfig.java@org.apache.metron.common.configuration.sensorparserconfig.equals(object);False;False;0.986;0.014
metron-platform\metron-common\src\main\java\org\apache\metron\common\configuration\sensorparserconfig.java@org.apache.metron.common.configuration.sensorparserconfig.frombytes(byte[]);False;False;0.9034152775648784;0.09658472243512224
metron-platform\metron-common\src\main\java\org\apache\metron\common\configuration\sensorparserconfig.java@org.apache.metron.common.configuration.sensorparserconfig.getcacheconfig();False;False;0.997;0.003
metron-platform\metron-common\src\main\java\org\apache\metron\common\configuration\sensorparserconfig.java@org.apache.metron.common.configuration.sensorparserconfig.geterrortopic();False;False;1.0;0.0
metron-platform\metron-common\src\main\java\org\apache\metron\common\configuration\sensorparserconfig.java@org.apache.metron.common.configuration.sensorparserconfig.geterrorwriterclassname();False;False;0.9417685107265211;0.05823148927348096
metron-platform\metron-common\src\main\java\org\apache\metron\common\configuration\sensorparserconfig.java@org.apache.metron.common.configuration.sensorparserconfig.geterrorwriternumtasks();False;False;1.0;0.0
metron-platform\metron-common\src\main\java\org\apache\metron\common\configuration\sensorparserconfig.java@org.apache.metron.common.configuration.sensorparserconfig.geterrorwriterparallelism();False;False;0.9417685107265211;0.05823148927348096
metron-platform\metron-common\src\main\java\org\apache\metron\common\configuration\sensorparserconfig.java@org.apache.metron.common.configuration.sensorparserconfig.getfieldtransformations();False;False;1.0;0.0
metron-platform\metron-common\src\main\java\org\apache\metron\common\configuration\sensorparserconfig.java@org.apache.metron.common.configuration.sensorparserconfig.getfilterclassname();False;False;1.0;0.0
metron-platform\metron-common\src\main\java\org\apache\metron\common\configuration\sensorparserconfig.java@org.apache.metron.common.configuration.sensorparserconfig.getmergemetadata();False;False;1.0;0.0
metron-platform\metron-common\src\main\java\org\apache\metron\common\configuration\sensorparserconfig.java@org.apache.metron.common.configuration.sensorparserconfig.getnumackers();False;False;1.0;0.0
metron-platform\metron-common\src\main\java\org\apache\metron\common\configuration\sensorparserconfig.java@org.apache.metron.common.configuration.sensorparserconfig.getnumworkers();False;False;1.0;0.0
metron-platform\metron-common\src\main\java\org\apache\metron\common\configuration\sensorparserconfig.java@org.apache.metron.common.configuration.sensorparserconfig.getoutputtopic();False;False;1.0;0.0
metron-platform\metron-common\src\main\java\org\apache\metron\common\configuration\sensorparserconfig.java@org.apache.metron.common.configuration.sensorparserconfig.getparserclassname();False;False;1.0;0.0
metron-platform\metron-common\src\main\java\org\apache\metron\common\configuration\sensorparserconfig.java@org.apache.metron.common.configuration.sensorparserconfig.getparserconfig();False;False;1.0;0.0
metron-platform\metron-common\src\main\java\org\apache\metron\common\configuration\sensorparserconfig.java@org.apache.metron.common.configuration.sensorparserconfig.getparsernumtasks();False;False;0.9417685107265211;0.05823148927348096
metron-platform\metron-common\src\main\java\org\apache\metron\common\configuration\sensorparserconfig.java@org.apache.metron.common.configuration.sensorparserconfig.getparserparallelism();False;False;1.0;0.0
metron-platform\metron-common\src\main\java\org\apache\metron\common\configuration\sensorparserconfig.java@org.apache.metron.common.configuration.sensorparserconfig.getrawmessagestrategy();False;False;0.9034152775648784;0.09658472243512224
metron-platform\metron-common\src\main\java\org\apache\metron\common\configuration\sensorparserconfig.java@org.apache.metron.common.configuration.sensorparserconfig.getrawmessagestrategyconfig();False;False;0.9034152775648784;0.09658472243512224
metron-platform\metron-common\src\main\java\org\apache\metron\common\configuration\sensorparserconfig.java@org.apache.metron.common.configuration.sensorparserconfig.getreadmetadata();False;False;1.0;0.0
metron-platform\metron-common\src\main\java\org\apache\metron\common\configuration\sensorparserconfig.java@org.apache.metron.common.configuration.sensorparserconfig.getsecurityprotocol();False;False;1.0;0.0
metron-platform\metron-common\src\main\java\org\apache\metron\common\configuration\sensorparserconfig.java@org.apache.metron.common.configuration.sensorparserconfig.getsensortopic();False;False;1.0;0.0
metron-platform\metron-common\src\main\java\org\apache\metron\common\configuration\sensorparserconfig.java@org.apache.metron.common.configuration.sensorparserconfig.getspoutconfig();False;False;1.0;0.0
metron-platform\metron-common\src\main\java\org\apache\metron\common\configuration\sensorparserconfig.java@org.apache.metron.common.configuration.sensorparserconfig.getspoutnumtasks();False;False;0.9417685107265211;0.05823148927348096
metron-platform\metron-common\src\main\java\org\apache\metron\common\configuration\sensorparserconfig.java@org.apache.metron.common.configuration.sensorparserconfig.getspoutparallelism();False;False;1.0;0.0
metron-platform\metron-common\src\main\java\org\apache\metron\common\configuration\sensorparserconfig.java@org.apache.metron.common.configuration.sensorparserconfig.getstormconfig();False;False;1.0;0.0
metron-platform\metron-common\src\main\java\org\apache\metron\common\configuration\sensorparserconfig.java@org.apache.metron.common.configuration.sensorparserconfig.getwriterclassname();False;False;1.0;0.0
metron-platform\metron-common\src\main\java\org\apache\metron\common\configuration\sensorparserconfig.java@org.apache.metron.common.configuration.sensorparserconfig.hashcode();False;False;0.8905;0.1095
metron-platform\metron-common\src\main\java\org\apache\metron\common\configuration\sensorparserconfig.java@org.apache.metron.common.configuration.sensorparserconfig.init();False;False;0.99;0.01
metron-platform\metron-common\src\main\java\org\apache\metron\common\configuration\sensorparserconfig.java@org.apache.metron.common.configuration.sensorparserconfig.setcacheconfig(map);False;False;0.9034152775648784;0.09658472243512224
metron-platform\metron-common\src\main\java\org\apache\metron\common\configuration\sensorparserconfig.java@org.apache.metron.common.configuration.sensorparserconfig.seterrortopic(string);False;False;0.9775952569781741;0.022404743021829047
metron-platform\metron-common\src\main\java\org\apache\metron\common\configuration\sensorparserconfig.java@org.apache.metron.common.configuration.sensorparserconfig.seterrorwriterclassname(string);False;False;0.7943547591426456;0.20564524085735392
metron-platform\metron-common\src\main\java\org\apache\metron\common\configuration\sensorparserconfig.java@org.apache.metron.common.configuration.sensorparserconfig.seterrorwriternumtasks(integer);False;False;0.9173104803778956;0.08268951962210491
metron-platform\metron-common\src\main\java\org\apache\metron\common\configuration\sensorparserconfig.java@org.apache.metron.common.configuration.sensorparserconfig.seterrorwriterparallelism(integer);False;False;0.7943547591426456;0.20564524085735392
metron-platform\metron-common\src\main\java\org\apache\metron\common\configuration\sensorparserconfig.java@org.apache.metron.common.configuration.sensorparserconfig.setfieldtransformations(list);False;False;0.9034152775648784;0.09658472243512224
metron-platform\metron-common\src\main\java\org\apache\metron\common\configuration\sensorparserconfig.java@org.apache.metron.common.configuration.sensorparserconfig.setfilterclassname(string);False;False;1.0;0.0
metron-platform\metron-common\src\main\java\org\apache\metron\common\configuration\sensorparserconfig.java@org.apache.metron.common.configuration.sensorparserconfig.setmergemetadata(boolean);False;False;1.0;0.0
metron-platform\metron-common\src\main\java\org\apache\metron\common\configuration\sensorparserconfig.java@org.apache.metron.common.configuration.sensorparserconfig.setnumackers(integer);False;False;1.0;0.0
metron-platform\metron-common\src\main\java\org\apache\metron\common\configuration\sensorparserconfig.java@org.apache.metron.common.configuration.sensorparserconfig.setnumworkers(integer);False;False;1.0;0.0
metron-platform\metron-common\src\main\java\org\apache\metron\common\configuration\sensorparserconfig.java@org.apache.metron.common.configuration.sensorparserconfig.setoutputtopic(string);False;False;0.9775952569781741;0.022404743021829047
metron-platform\metron-common\src\main\java\org\apache\metron\common\configuration\sensorparserconfig.java@org.apache.metron.common.configuration.sensorparserconfig.setparserclassname(string);False;False;1.0;0.0
metron-platform\metron-common\src\main\java\org\apache\metron\common\configuration\sensorparserconfig.java@org.apache.metron.common.configuration.sensorparserconfig.setparserconfig(map);False;False;0.9034152775648784;0.09658472243512224
metron-platform\metron-common\src\main\java\org\apache\metron\common\configuration\sensorparserconfig.java@org.apache.metron.common.configuration.sensorparserconfig.setparsernumtasks(integer);False;False;0.7943547591426456;0.20564524085735392
metron-platform\metron-common\src\main\java\org\apache\metron\common\configuration\sensorparserconfig.java@org.apache.metron.common.configuration.sensorparserconfig.setparserparallelism(integer);False;False;1.0;0.0
metron-platform\metron-common\src\main\java\org\apache\metron\common\configuration\sensorparserconfig.java@org.apache.metron.common.configuration.sensorparserconfig.setrawmessagestrategy(string);False;False;0.9034152775648784;0.09658472243512224
metron-platform\metron-common\src\main\java\org\apache\metron\common\configuration\sensorparserconfig.java@org.apache.metron.common.configuration.sensorparserconfig.setrawmessagestrategyconfig(map);False;False;0.9034152775648784;0.09658472243512224
metron-platform\metron-common\src\main\java\org\apache\metron\common\configuration\sensorparserconfig.java@org.apache.metron.common.configuration.sensorparserconfig.setreadmetadata(boolean);False;False;1.0;0.0
metron-platform\metron-common\src\main\java\org\apache\metron\common\configuration\sensorparserconfig.java@org.apache.metron.common.configuration.sensorparserconfig.setsecurityprotocol(string);False;False;0.9775952569781741;0.022404743021829047
metron-platform\metron-common\src\main\java\org\apache\metron\common\configuration\sensorparserconfig.java@org.apache.metron.common.configuration.sensorparserconfig.setsensortopic(string);False;False;0.9775952569781741;0.022404743021829047
metron-platform\metron-common\src\main\java\org\apache\metron\common\configuration\sensorparserconfig.java@org.apache.metron.common.configuration.sensorparserconfig.setspoutconfig(map);False;False;0.9034152775648784;0.09658472243512224
metron-platform\metron-common\src\main\java\org\apache\metron\common\configuration\sensorparserconfig.java@org.apache.metron.common.configuration.sensorparserconfig.setspoutnumtasks(integer);False;False;0.7943547591426456;0.20564524085735392
metron-platform\metron-common\src\main\java\org\apache\metron\common\configuration\sensorparserconfig.java@org.apache.metron.common.configuration.sensorparserconfig.setspoutparallelism(integer);False;False;1.0;0.0
metron-platform\metron-common\src\main\java\org\apache\metron\common\configuration\sensorparserconfig.java@org.apache.metron.common.configuration.sensorparserconfig.setstormconfig(map);False;False;0.9034152775648784;0.09658472243512224
metron-platform\metron-common\src\main\java\org\apache\metron\common\configuration\sensorparserconfig.java@org.apache.metron.common.configuration.sensorparserconfig.setwriterclassname(string);False;False;0.7943547591426456;0.20564524085735392
metron-platform\metron-common\src\main\java\org\apache\metron\common\configuration\sensorparserconfig.java@org.apache.metron.common.configuration.sensorparserconfig.tojson();False;False;1.0;0.0
metron-platform\metron-common\src\main\java\org\apache\metron\common\configuration\sensorparserconfig.java@org.apache.metron.common.configuration.sensorparserconfig.tostring();False;False;0.8;0.2
metron-platform\metron-common\src\main\java\org\apache\metron\common\configuration\enrichment\enrichmentconfig.java@org.apache.metron.common.configuration.enrichment.enrichmentconfig.equals(object);False;False;0.996;0.004
metron-platform\metron-common\src\main\java\org\apache\metron\common\configuration\enrichment\enrichmentconfig.java@org.apache.metron.common.configuration.enrichment.enrichmentconfig.getconfig();False;False;0.999;0.001
metron-platform\metron-common\src\main\java\org\apache\metron\common\configuration\enrichment\enrichmentconfig.java@org.apache.metron.common.configuration.enrichment.enrichmentconfig.getenrichmentconfigs();False;False;1.0;0.0
metron-platform\metron-common\src\main\java\org\apache\metron\common\configuration\enrichment\enrichmentconfig.java@org.apache.metron.common.configuration.enrichment.enrichmentconfig.getfieldmap();False;False;1.0;0.0
metron-platform\metron-common\src\main\java\org\apache\metron\common\configuration\enrichment\enrichmentconfig.java@org.apache.metron.common.configuration.enrichment.enrichmentconfig.getfieldtotypemap();False;False;0.9417685107265211;0.05823148927348096
metron-platform\metron-common\src\main\java\org\apache\metron\common\configuration\enrichment\enrichmentconfig.java@org.apache.metron.common.configuration.enrichment.enrichmentconfig.hashcode();False;False;0.964;0.036
metron-platform\metron-common\src\main\java\org\apache\metron\common\configuration\enrichment\enrichmentconfig.java@org.apache.metron.common.configuration.enrichment.enrichmentconfig.setconfig(map);False;False;0.9034152775648784;0.09658472243512224
metron-platform\metron-common\src\main\java\org\apache\metron\common\configuration\enrichment\enrichmentconfig.java@org.apache.metron.common.configuration.enrichment.enrichmentconfig.setfieldmap(map);False;False;0.9034152775648784;0.09658472243512224
metron-platform\metron-common\src\main\java\org\apache\metron\common\configuration\enrichment\enrichmentconfig.java@org.apache.metron.common.configuration.enrichment.enrichmentconfig.setfieldtotypemap(map);False;False;0.9034152775648784;0.09658472243512224
metron-platform\metron-common\src\main\java\org\apache\metron\common\configuration\enrichment\enrichmentconfig.java@org.apache.metron.common.configuration.enrichment.enrichmentconfig.tostring();False;False;1.0;0.0
metron-platform\metron-common\src\main\java\org\apache\metron\common\configuration\enrichment\sensorenrichmentconfig.java@org.apache.metron.common.configuration.enrichment.sensorenrichmentconfig.equals(object);False;False;0.997;0.003
metron-platform\metron-common\src\main\java\org\apache\metron\common\configuration\enrichment\sensorenrichmentconfig.java@org.apache.metron.common.configuration.enrichment.sensorenrichmentconfig.frombytes(byte[]);False;False;0.9034152775648784;0.09658472243512224
metron-platform\metron-common\src\main\java\org\apache\metron\common\configuration\enrichment\sensorenrichmentconfig.java@org.apache.metron.common.configuration.enrichment.sensorenrichmentconfig.getconfiguration();False;False;0.986;0.014
metron-platform\metron-common\src\main\java\org\apache\metron\common\configuration\enrichment\sensorenrichmentconfig.java@org.apache.metron.common.configuration.enrichment.sensorenrichmentconfig.getenrichment();False;False;1.0;0.0
metron-platform\metron-common\src\main\java\org\apache\metron\common\configuration\enrichment\sensorenrichmentconfig.java@org.apache.metron.common.configuration.enrichment.sensorenrichmentconfig.getthreatintel();False;False;1.0;0.0
metron-platform\metron-common\src\main\java\org\apache\metron\common\configuration\enrichment\sensorenrichmentconfig.java@org.apache.metron.common.configuration.enrichment.sensorenrichmentconfig.hashcode();False;False;0.998;0.002
metron-platform\metron-common\src\main\java\org\apache\metron\common\configuration\enrichment\sensorenrichmentconfig.java@org.apache.metron.common.configuration.enrichment.sensorenrichmentconfig.setconfiguration(map);False;False;0.9034152775648784;0.09658472243512224
metron-platform\metron-common\src\main\java\org\apache\metron\common\configuration\enrichment\sensorenrichmentconfig.java@org.apache.metron.common.configuration.enrichment.sensorenrichmentconfig.setenrichment(enrichmentconfig);False;False;1.0;0.0
metron-platform\metron-common\src\main\java\org\apache\metron\common\configuration\enrichment\sensorenrichmentconfig.java@org.apache.metron.common.configuration.enrichment.sensorenrichmentconfig.setthreatintel(threatintelconfig);False;False;1.0;0.0
metron-platform\metron-common\src\main\java\org\apache\metron\common\configuration\enrichment\sensorenrichmentconfig.java@org.apache.metron.common.configuration.enrichment.sensorenrichmentconfig.tojson();False;False;1.0;0.0
metron-platform\metron-common\src\main\java\org\apache\metron\common\configuration\enrichment\sensorenrichmentconfig.java@org.apache.metron.common.configuration.enrichment.sensorenrichmentconfig.tostring();False;False;1.0;0.0
metron-platform\metron-common\src\main\java\org\apache\metron\common\configuration\enrichment\sensorenrichmentupdateconfig.java@org.apache.metron.common.configuration.enrichment.fieldlist.getfieldtoenrichmenttypes();False;False;0.9851351218008023;0.014864878199197096
metron-platform\metron-common\src\main\java\org\apache\metron\common\configuration\enrichment\sensorenrichmentupdateconfig.java@org.apache.metron.common.configuration.enrichment.fieldlist.gettype();False;False;0.9851351218008023;0.014864878199197096
metron-platform\metron-common\src\main\java\org\apache\metron\common\configuration\enrichment\sensorenrichmentupdateconfig.java@org.apache.metron.common.configuration.enrichment.fieldlist.setfieldtoenrichmenttypes(map);False;False;0.9034152775648784;0.09658472243512224
metron-platform\metron-common\src\main\java\org\apache\metron\common\configuration\enrichment\sensorenrichmentupdateconfig.java@org.apache.metron.common.configuration.enrichment.fieldlist.settype(type);False;False;0.9999734808570424;2.651914295749912e-05
metron-platform\metron-common\src\main\java\org\apache\metron\common\configuration\enrichment\sensorenrichmentupdateconfig.java@org.apache.metron.common.configuration.enrichment.sensorenrichmentupdateconfig.zksourceconfighandler(curatorframework);False;False;0.9034152775648784;0.09658472243512224
metron-platform\metron-common\src\main\java\org\apache\metron\common\configuration\enrichment\sensorenrichmentupdateconfig.java@org.apache.metron.common.configuration.enrichment.sensorenrichmentupdateconfig.findconfigbysensortype(sourceconfighandler,map,string);False;False;0.9034152775648784;0.09658472243512224
metron-platform\metron-common\src\main\java\org\apache\metron\common\configuration\enrichment\sensorenrichmentupdateconfig.java@org.apache.metron.common.configuration.enrichment.sensorenrichmentupdateconfig.getfieldtoenrichmenttypes();False;False;0.9983971834752796;0.0016028165247205495
metron-platform\metron-common\src\main\java\org\apache\metron\common\configuration\enrichment\sensorenrichmentupdateconfig.java@org.apache.metron.common.configuration.enrichment.sensorenrichmentupdateconfig.getsensortofieldlist();False;False;0.8722588954818835;0.12774110451811724
metron-platform\metron-common\src\main\java\org\apache\metron\common\configuration\enrichment\sensorenrichmentupdateconfig.java@org.apache.metron.common.configuration.enrichment.sensorenrichmentupdateconfig.gettype();False;False;1.0;0.0
metron-platform\metron-common\src\main\java\org\apache\metron\common\configuration\enrichment\sensorenrichmentupdateconfig.java@org.apache.metron.common.configuration.enrichment.sensorenrichmentupdateconfig.getzkquorum();False;False;1.0;0.0
metron-platform\metron-common\src\main\java\org\apache\metron\common\configuration\enrichment\sensorenrichmentupdateconfig.java@org.apache.metron.common.configuration.enrichment.sensorenrichmentupdateconfig.persistconfig(string,sensorenrichmentconfig);False;False;0.9034152775648784;0.09658472243512224
metron-platform\metron-common\src\main\java\org\apache\metron\common\configuration\enrichment\sensorenrichmentupdateconfig.java@org.apache.metron.common.configuration.enrichment.sensorenrichmentupdateconfig.readconfig(string);False;False;0.9034152775648784;0.09658472243512224
metron-platform\metron-common\src\main\java\org\apache\metron\common\configuration\enrichment\sensorenrichmentupdateconfig.java@org.apache.metron.common.configuration.enrichment.sensorenrichmentupdateconfig.setfieldtoenrichmenttypes(map);False;False;0.9034152775648784;0.09658472243512224
metron-platform\metron-common\src\main\java\org\apache\metron\common\configuration\enrichment\sensorenrichmentupdateconfig.java@org.apache.metron.common.configuration.enrichment.sensorenrichmentupdateconfig.setsensortofieldlist(map);False;False;0.9034152775648784;0.09658472243512224
metron-platform\metron-common\src\main\java\org\apache\metron\common\configuration\enrichment\sensorenrichmentupdateconfig.java@org.apache.metron.common.configuration.enrichment.sensorenrichmentupdateconfig.settype(type);False;False;0.9034152775648784;0.09658472243512224
metron-platform\metron-common\src\main\java\org\apache\metron\common\configuration\enrichment\sensorenrichmentupdateconfig.java@org.apache.metron.common.configuration.enrichment.sensorenrichmentupdateconfig.setzkquorum(string);False;False;0.9775952569781741;0.022404743021829047
metron-platform\metron-common\src\main\java\org\apache\metron\common\configuration\enrichment\sensorenrichmentupdateconfig.java@org.apache.metron.common.configuration.enrichment.sensorenrichmentupdateconfig.updatesensorconfigs();False;False;0.986;0.014
metron-platform\metron-common\src\main\java\org\apache\metron\common\configuration\enrichment\sensorenrichmentupdateconfig.java@org.apache.metron.common.configuration.enrichment.sensorenrichmentupdateconfig.updatesensorconfigs(sourceconfighandler,map);False;False;0.9034152775648784;0.09658472243512224
metron-platform\metron-common\src\main\java\org\apache\metron\common\configuration\enrichment\sensorenrichmentupdateconfig.java@org.apache.metron.common.configuration.enrichment.zksourceconfighandler.zksourceconfighandler(curatorframework);False;False;0.9034152775648784;0.09658472243512224
metron-platform\metron-common\src\main\java\org\apache\metron\common\configuration\enrichment\sensorenrichmentupdateconfig.java@org.apache.metron.common.configuration.enrichment.zksourceconfighandler.persistconfig(string,sensorenrichmentconfig);False;False;0.9034152775648784;0.09658472243512224
metron-platform\metron-common\src\main\java\org\apache\metron\common\configuration\enrichment\sensorenrichmentupdateconfig.java@org.apache.metron.common.configuration.enrichment.zksourceconfighandler.readconfig(string);False;False;0.9034152775648784;0.09658472243512224
metron-platform\metron-common\src\main\java\org\apache\metron\common\configuration\enrichment\handler\confighandler.java@org.apache.metron.common.configuration.enrichment.handler.confighandler.confighandler(list);False;False;0.9034152775648784;0.09658472243512224
metron-platform\metron-common\src\main\java\org\apache\metron\common\configuration\enrichment\handler\confighandler.java@org.apache.metron.common.configuration.enrichment.handler.confighandler.confighandler(string,map);False;False;0.9034152775648784;0.09658472243512224
metron-platform\metron-common\src\main\java\org\apache\metron\common\configuration\enrichment\handler\confighandler.java@org.apache.metron.common.configuration.enrichment.handler.confighandler.equals(object);False;False;0.999;0.001
metron-platform\metron-common\src\main\java\org\apache\metron\common\configuration\enrichment\handler\confighandler.java@org.apache.metron.common.configuration.enrichment.handler.confighandler.getconfig();False;False;0.9933333333333334;0.006666666666666667
metron-platform\metron-common\src\main\java\org\apache\metron\common\configuration\enrichment\handler\confighandler.java@org.apache.metron.common.configuration.enrichment.handler.confighandler.gettype();False;False;1.0;0.0
metron-platform\metron-common\src\main\java\org\apache\metron\common\configuration\enrichment\handler\confighandler.java@org.apache.metron.common.configuration.enrichment.handler.confighandler.hashcode();False;False;1.0;0.0
metron-platform\metron-common\src\main\java\org\apache\metron\common\configuration\enrichment\handler\confighandler.java@org.apache.metron.common.configuration.enrichment.handler.confighandler.setconfig(object);False;False;0.9775952569781741;0.022404743021829047
metron-platform\metron-common\src\main\java\org\apache\metron\common\configuration\enrichment\handler\confighandler.java@org.apache.metron.common.configuration.enrichment.handler.confighandler.settype(configs);False;False;1.0;0.0
metron-platform\metron-common\src\main\java\org\apache\metron\common\configuration\enrichment\handler\listconfig.java@org.apache.metron.common.configuration.enrichment.handler.listconfig.getsubgroups(iterable);False;False;0.9034152775648784;0.09658472243512224
metron-platform\metron-common\src\main\java\org\apache\metron\common\configuration\enrichment\handler\listconfig.java@org.apache.metron.common.configuration.enrichment.handler.listconfig.splitbyfields(jsonobject,object,function,iterable);False;False;0.9034152775648784;0.09658472243512224
metron-platform\metron-common\src\main\java\org\apache\metron\common\configuration\enrichment\handler\listconfig.java@org.apache.metron.common.configuration.enrichment.handler.listconfig.toconfig(object);False;False;0.9935;0.0065
metron-platform\metron-common\src\main\java\org\apache\metron\common\configuration\enrichment\handler\stellarconfig.java@org.apache.metron.common.configuration.enrichment.handler.stellarconfig.getfields(stellarprocessor,list);False;False;0.9034152775648784;0.09658472243512224
metron-platform\metron-common\src\main\java\org\apache\metron\common\configuration\enrichment\handler\stellarconfig.java@org.apache.metron.common.configuration.enrichment.handler.stellarconfig.getfields(stellarprocessor,map);False;False;0.9034152775648784;0.09658472243512224
metron-platform\metron-common\src\main\java\org\apache\metron\common\configuration\enrichment\handler\stellarconfig.java@org.apache.metron.common.configuration.enrichment.handler.stellarconfig.getmessage(set,jsonobject);False;False;0.9034152775648784;0.09658472243512224
metron-platform\metron-common\src\main\java\org\apache\metron\common\configuration\enrichment\handler\stellarconfig.java@org.apache.metron.common.configuration.enrichment.handler.stellarconfig.getsubgroups(iterable);False;False;0.9034152775648784;0.09658472243512224
metron-platform\metron-common\src\main\java\org\apache\metron\common\configuration\enrichment\handler\stellarconfig.java@org.apache.metron.common.configuration.enrichment.handler.stellarconfig.splitbyfields(jsonobject,object,function,iterable);False;False;0.9034152775648784;0.09658472243512224
metron-platform\metron-common\src\main\java\org\apache\metron\common\configuration\enrichment\handler\stellarconfig.java@org.apache.metron.common.configuration.enrichment.handler.stellarconfig.toconfig(object);False;False;0.998;0.002
metron-platform\metron-common\src\main\java\org\apache\metron\common\configuration\enrichment\threatintel\risklevelrule.java@org.apache.metron.common.configuration.enrichment.threatintel.risklevelrule.equals(object);False;False;0.985;0.015
metron-platform\metron-common\src\main\java\org\apache\metron\common\configuration\enrichment\threatintel\risklevelrule.java@org.apache.metron.common.configuration.enrichment.threatintel.risklevelrule.getcomment();False;False;0.9870016977227632;0.012998302277236747
metron-platform\metron-common\src\main\java\org\apache\metron\common\configuration\enrichment\threatintel\risklevelrule.java@org.apache.metron.common.configuration.enrichment.threatintel.risklevelrule.getname();False;False;0.998;0.002
metron-platform\metron-common\src\main\java\org\apache\metron\common\configuration\enrichment\threatintel\risklevelrule.java@org.apache.metron.common.configuration.enrichment.threatintel.risklevelrule.getreason();False;False;0.9870016977227632;0.012998302277236747
metron-platform\metron-common\src\main\java\org\apache\metron\common\configuration\enrichment\threatintel\risklevelrule.java@org.apache.metron.common.configuration.enrichment.threatintel.risklevelrule.getrule();False;False;0.9870016977227632;0.012998302277236747
metron-platform\metron-common\src\main\java\org\apache\metron\common\configuration\enrichment\threatintel\risklevelrule.java@org.apache.metron.common.configuration.enrichment.threatintel.risklevelrule.getscore();False;False;1.0;0.0
metron-platform\metron-common\src\main\java\org\apache\metron\common\configuration\enrichment\threatintel\risklevelrule.java@org.apache.metron.common.configuration.enrichment.threatintel.risklevelrule.hashcode();False;False;0.9945714285714286;0.0054285714285714284
metron-platform\metron-common\src\main\java\org\apache\metron\common\configuration\enrichment\threatintel\risklevelrule.java@org.apache.metron.common.configuration.enrichment.threatintel.risklevelrule.setcomment(string);False;False;0.9863333374684377;0.013666662531561671
metron-platform\metron-common\src\main\java\org\apache\metron\common\configuration\enrichment\threatintel\risklevelrule.java@org.apache.metron.common.configuration.enrichment.threatintel.risklevelrule.setname(string);False;False;0.9863333374684377;0.013666662531561671
metron-platform\metron-common\src\main\java\org\apache\metron\common\configuration\enrichment\threatintel\risklevelrule.java@org.apache.metron.common.configuration.enrichment.threatintel.risklevelrule.setreason(string);False;False;0.9863333374684377;0.013666662531561671
metron-platform\metron-common\src\main\java\org\apache\metron\common\configuration\enrichment\threatintel\risklevelrule.java@org.apache.metron.common.configuration.enrichment.threatintel.risklevelrule.setrule(string);False;False;0.9863333374684377;0.013666662531561671
metron-platform\metron-common\src\main\java\org\apache\metron\common\configuration\enrichment\threatintel\risklevelrule.java@org.apache.metron.common.configuration.enrichment.threatintel.risklevelrule.setscore(number);False;False;0.9775952569781741;0.022404743021829047
metron-platform\metron-common\src\main\java\org\apache\metron\common\configuration\enrichment\threatintel\risklevelrule.java@org.apache.metron.common.configuration.enrichment.threatintel.risklevelrule.tostring();False;False;0.997;0.003
metron-platform\metron-common\src\main\java\org\apache\metron\common\configuration\enrichment\threatintel\rulescore.java@org.apache.metron.common.configuration.enrichment.threatintel.rulescore.rulescore(risklevelrule,string);False;False;0.9034152775648784;0.09658472243512224
metron-platform\metron-common\src\main\java\org\apache\metron\common\configuration\enrichment\threatintel\rulescore.java@org.apache.metron.common.configuration.enrichment.threatintel.rulescore.equals(object);False;False;1.0;0.0
metron-platform\metron-common\src\main\java\org\apache\metron\common\configuration\enrichment\threatintel\rulescore.java@org.apache.metron.common.configuration.enrichment.threatintel.rulescore.getreason();False;False;0.997;0.003
metron-platform\metron-common\src\main\java\org\apache\metron\common\configuration\enrichment\threatintel\rulescore.java@org.apache.metron.common.configuration.enrichment.threatintel.rulescore.getrule();False;False;1.0;0.0
metron-platform\metron-common\src\main\java\org\apache\metron\common\configuration\enrichment\threatintel\rulescore.java@org.apache.metron.common.configuration.enrichment.threatintel.rulescore.hashcode();False;False;1.0;0.0
metron-platform\metron-common\src\main\java\org\apache\metron\common\configuration\enrichment\threatintel\rulescore.java@org.apache.metron.common.configuration.enrichment.threatintel.rulescore.tostring();False;False;1.0;0.0
metron-platform\metron-common\src\main\java\org\apache\metron\common\configuration\enrichment\threatintel\threatintelconfig.java@org.apache.metron.common.configuration.enrichment.threatintel.threatintelconfig.equals(object);False;False;1.0;0.0
metron-platform\metron-common\src\main\java\org\apache\metron\common\configuration\enrichment\threatintel\threatintelconfig.java@org.apache.metron.common.configuration.enrichment.threatintel.threatintelconfig.gettriageconfig();False;False;1.0;0.0
metron-platform\metron-common\src\main\java\org\apache\metron\common\configuration\enrichment\threatintel\threatintelconfig.java@org.apache.metron.common.configuration.enrichment.threatintel.threatintelconfig.hashcode();False;False;0.9966666666666666;0.003333333333333333
metron-platform\metron-common\src\main\java\org\apache\metron\common\configuration\enrichment\threatintel\threatintelconfig.java@org.apache.metron.common.configuration.enrichment.threatintel.threatintelconfig.settriageconfig(threattriageconfig);False;False;1.0;0.0
metron-platform\metron-common\src\main\java\org\apache\metron\common\configuration\enrichment\threatintel\threatintelconfig.java@org.apache.metron.common.configuration.enrichment.threatintel.threatintelconfig.tostring();False;False;0.946423268398268;0.053576731601731625
metron-platform\metron-common\src\main\java\org\apache\metron\common\configuration\enrichment\threatintel\threatscore.java@org.apache.metron.common.configuration.enrichment.threatintel.threatscore.threatscore();False;False;0.9034152775648784;0.09658472243512224
metron-platform\metron-common\src\main\java\org\apache\metron\common\configuration\enrichment\threatintel\threatscore.java@org.apache.metron.common.configuration.enrichment.threatintel.threatscore.addrulescore(rulescore);False;False;1.0;0.0
metron-platform\metron-common\src\main\java\org\apache\metron\common\configuration\enrichment\threatintel\threatscore.java@org.apache.metron.common.configuration.enrichment.threatintel.threatscore.equals(object);False;False;1.0;0.0
metron-platform\metron-common\src\main\java\org\apache\metron\common\configuration\enrichment\threatintel\threatscore.java@org.apache.metron.common.configuration.enrichment.threatintel.threatscore.getrulescores();False;False;1.0;0.0
metron-platform\metron-common\src\main\java\org\apache\metron\common\configuration\enrichment\threatintel\threatscore.java@org.apache.metron.common.configuration.enrichment.threatintel.threatscore.getscore();False;False;0.99;0.01
metron-platform\metron-common\src\main\java\org\apache\metron\common\configuration\enrichment\threatintel\threatscore.java@org.apache.metron.common.configuration.enrichment.threatintel.threatscore.hashcode();False;False;1.0;0.0
metron-platform\metron-common\src\main\java\org\apache\metron\common\configuration\enrichment\threatintel\threatscore.java@org.apache.metron.common.configuration.enrichment.threatintel.threatscore.setscore(double);False;False;0.9775952569781741;0.022404743021829047
metron-platform\metron-common\src\main\java\org\apache\metron\common\configuration\enrichment\threatintel\threatscore.java@org.apache.metron.common.configuration.enrichment.threatintel.threatscore.tostring();False;False;1.0;0.0
metron-platform\metron-common\src\main\java\org\apache\metron\common\configuration\enrichment\threatintel\threattriageconfig.java@org.apache.metron.common.configuration.enrichment.threatintel.threattriageconfig.equals(object);False;False;0.992;0.008
metron-platform\metron-common\src\main\java\org\apache\metron\common\configuration\enrichment\threatintel\threattriageconfig.java@org.apache.metron.common.configuration.enrichment.threatintel.threattriageconfig.getaggregationconfig();False;False;1.0;0.0
metron-platform\metron-common\src\main\java\org\apache\metron\common\configuration\enrichment\threatintel\threattriageconfig.java@org.apache.metron.common.configuration.enrichment.threatintel.threattriageconfig.getaggregator();False;False;1.0;0.0
metron-platform\metron-common\src\main\java\org\apache\metron\common\configuration\enrichment\threatintel\threattriageconfig.java@org.apache.metron.common.configuration.enrichment.threatintel.threattriageconfig.getrisklevelrules();False;False;0.995;0.005
metron-platform\metron-common\src\main\java\org\apache\metron\common\configuration\enrichment\threatintel\threattriageconfig.java@org.apache.metron.common.configuration.enrichment.threatintel.threattriageconfig.hashcode();False;False;0.792;0.208
metron-platform\metron-common\src\main\java\org\apache\metron\common\configuration\enrichment\threatintel\threattriageconfig.java@org.apache.metron.common.configuration.enrichment.threatintel.threattriageconfig.setaggregationconfig(map);False;False;0.9034152775648784;0.09658472243512224
metron-platform\metron-common\src\main\java\org\apache\metron\common\configuration\enrichment\threatintel\threattriageconfig.java@org.apache.metron.common.configuration.enrichment.threatintel.threattriageconfig.setaggregator(string);False;False;0.9034152775648784;0.09658472243512224
metron-platform\metron-common\src\main\java\org\apache\metron\common\configuration\enrichment\threatintel\threattriageconfig.java@org.apache.metron.common.configuration.enrichment.threatintel.threattriageconfig.setrisklevelrules(list);False;False;0.9034152775648784;0.09658472243512224
metron-platform\metron-common\src\main\java\org\apache\metron\common\configuration\enrichment\threatintel\threattriageconfig.java@org.apache.metron.common.configuration.enrichment.threatintel.threattriageconfig.tostring();False;False;0.999;0.001
metron-platform\metron-common\src\main\java\org\apache\metron\common\configuration\profiler\profileconfig.java@org.apache.metron.common.configuration.profiler.profileconfig.profileconfig(string,string,profileresult);False;False;0.9034152775648784;0.09658472243512224
metron-platform\metron-common\src\main\java\org\apache\metron\common\configuration\profiler\profileconfig.java@org.apache.metron.common.configuration.profiler.profileconfig.equals(object);False;False;0.987;0.013
metron-platform\metron-common\src\main\java\org\apache\metron\common\configuration\profiler\profileconfig.java@org.apache.metron.common.configuration.profiler.profileconfig.frombytes(byte[]);False;False;0.9034152775648784;0.09658472243512224
metron-platform\metron-common\src\main\java\org\apache\metron\common\configuration\profiler\profileconfig.java@org.apache.metron.common.configuration.profiler.profileconfig.fromjson(string);False;False;1.0;0.0
metron-platform\metron-common\src\main\java\org\apache\metron\common\configuration\profiler\profileconfig.java@org.apache.metron.common.configuration.profiler.profileconfig.getexpires();False;False;1.0;0.0
metron-platform\metron-common\src\main\java\org\apache\metron\common\configuration\profiler\profileconfig.java@org.apache.metron.common.configuration.profiler.profileconfig.getforeach();False;False;0.9870016977227632;0.012998302277236747
metron-platform\metron-common\src\main\java\org\apache\metron\common\configuration\profiler\profileconfig.java@org.apache.metron.common.configuration.profiler.profileconfig.getgroupby();False;False;1.0;0.0
metron-platform\metron-common\src\main\java\org\apache\metron\common\configuration\profiler\profileconfig.java@org.apache.metron.common.configuration.profiler.profileconfig.getinit();False;False;0.9870016977227632;0.012998302277236747
metron-platform\metron-common\src\main\java\org\apache\metron\common\configuration\profiler\profileconfig.java@org.apache.metron.common.configuration.profiler.profileconfig.getonlyif();False;False;0.9870016977227632;0.012998302277236747
metron-platform\metron-common\src\main\java\org\apache\metron\common\configuration\profiler\profileconfig.java@org.apache.metron.common.configuration.profiler.profileconfig.getprofile();False;False;0.98;0.02
metron-platform\metron-common\src\main\java\org\apache\metron\common\configuration\profiler\profileconfig.java@org.apache.metron.common.configuration.profiler.profileconfig.getresult();False;False;1.0;0.0
metron-platform\metron-common\src\main\java\org\apache\metron\common\configuration\profiler\profileconfig.java@org.apache.metron.common.configuration.profiler.profileconfig.getupdate();False;False;0.9870016977227632;0.012998302277236747
metron-platform\metron-common\src\main\java\org\apache\metron\common\configuration\profiler\profileconfig.java@org.apache.metron.common.configuration.profiler.profileconfig.hashcode();False;False;0.91625;0.08375
metron-platform\metron-common\src\main\java\org\apache\metron\common\configuration\profiler\profileconfig.java@org.apache.metron.common.configuration.profiler.profileconfig.setexpires(long);False;False;1.0;0.0
metron-platform\metron-common\src\main\java\org\apache\metron\common\configuration\profiler\profileconfig.java@org.apache.metron.common.configuration.profiler.profileconfig.setforeach(string);False;False;0.9863333374684377;0.013666662531561671
metron-platform\metron-common\src\main\java\org\apache\metron\common\configuration\profiler\profileconfig.java@org.apache.metron.common.configuration.profiler.profileconfig.setgroupby(list);False;False;0.9034152775648784;0.09658472243512224
metron-platform\metron-common\src\main\java\org\apache\metron\common\configuration\profiler\profileconfig.java@org.apache.metron.common.configuration.profiler.profileconfig.setinit(map);False;False;0.9034152775648784;0.09658472243512224
metron-platform\metron-common\src\main\java\org\apache\metron\common\configuration\profiler\profileconfig.java@org.apache.metron.common.configuration.profiler.profileconfig.setonlyif(string);False;False;0.9863333374684377;0.013666662531561671
metron-platform\metron-common\src\main\java\org\apache\metron\common\configuration\profiler\profileconfig.java@org.apache.metron.common.configuration.profiler.profileconfig.setprofile(string);False;False;0.9863333374684377;0.013666662531561671
metron-platform\metron-common\src\main\java\org\apache\metron\common\configuration\profiler\profileconfig.java@org.apache.metron.common.configuration.profiler.profileconfig.setresult(profileresult);False;False;1.0;0.0
metron-platform\metron-common\src\main\java\org\apache\metron\common\configuration\profiler\profileconfig.java@org.apache.metron.common.configuration.profiler.profileconfig.setupdate(map);False;False;0.9034152775648784;0.09658472243512224
metron-platform\metron-common\src\main\java\org\apache\metron\common\configuration\profiler\profileconfig.java@org.apache.metron.common.configuration.profiler.profileconfig.tojson();False;False;0.9607666666666667;0.03923333333333333
metron-platform\metron-common\src\main\java\org\apache\metron\common\configuration\profiler\profileconfig.java@org.apache.metron.common.configuration.profiler.profileconfig.tostring();False;False;0.90875;0.09125
metron-platform\metron-common\src\main\java\org\apache\metron\common\configuration\profiler\profileconfig.java@org.apache.metron.common.configuration.profiler.profileconfig.withexpires(long);False;False;1.0;0.0
metron-platform\metron-common\src\main\java\org\apache\metron\common\configuration\profiler\profileconfig.java@org.apache.metron.common.configuration.profiler.profileconfig.withforeach(string);False;False;1.0;0.0
metron-platform\metron-common\src\main\java\org\apache\metron\common\configuration\profiler\profileconfig.java@org.apache.metron.common.configuration.profiler.profileconfig.withgroupby(list);False;False;0.9034152775648784;0.09658472243512224
metron-platform\metron-common\src\main\java\org\apache\metron\common\configuration\profiler\profileconfig.java@org.apache.metron.common.configuration.profiler.profileconfig.withinit(map);False;False;0.9034152775648784;0.09658472243512224
metron-platform\metron-common\src\main\java\org\apache\metron\common\configuration\profiler\profileconfig.java@org.apache.metron.common.configuration.profiler.profileconfig.withinit(string,string);False;False;0.9034152775648784;0.09658472243512224
metron-platform\metron-common\src\main\java\org\apache\metron\common\configuration\profiler\profileconfig.java@org.apache.metron.common.configuration.profiler.profileconfig.withonlyif(string);False;False;1.0;0.0
metron-platform\metron-common\src\main\java\org\apache\metron\common\configuration\profiler\profileconfig.java@org.apache.metron.common.configuration.profiler.profileconfig.withprofile(string);False;False;1.0;0.0
metron-platform\metron-common\src\main\java\org\apache\metron\common\configuration\profiler\profileconfig.java@org.apache.metron.common.configuration.profiler.profileconfig.withresult(string);False;False;1.0;0.0
metron-platform\metron-common\src\main\java\org\apache\metron\common\configuration\profiler\profileconfig.java@org.apache.metron.common.configuration.profiler.profileconfig.withupdate(map);False;False;0.9034152775648784;0.09658472243512224
metron-platform\metron-common\src\main\java\org\apache\metron\common\configuration\profiler\profileconfig.java@org.apache.metron.common.configuration.profiler.profileconfig.withupdate(string,string);False;False;0.9034152775648784;0.09658472243512224
metron-platform\metron-common\src\main\java\org\apache\metron\common\configuration\profiler\profileresult.java@org.apache.metron.common.configuration.profiler.profileresult.profileresult(profileresultexpressions,profiletriageexpressions);False;False;0.9034152775648784;0.09658472243512224
metron-platform\metron-common\src\main\java\org\apache\metron\common\configuration\profiler\profileresult.java@org.apache.metron.common.configuration.profiler.profileresult.profileresult(string);False;False;0.9034152775648784;0.09658472243512224
metron-platform\metron-common\src\main\java\org\apache\metron\common\configuration\profiler\profileresult.java@org.apache.metron.common.configuration.profiler.profileresult.equals(object);False;False;1.0;0.0
metron-platform\metron-common\src\main\java\org\apache\metron\common\configuration\profiler\profileresult.java@org.apache.metron.common.configuration.profiler.profileresult.getprofileexpressions();False;False;0.992;0.008
metron-platform\metron-common\src\main\java\org\apache\metron\common\configuration\profiler\profileresult.java@org.apache.metron.common.configuration.profiler.profileresult.gettriageexpressions();False;False;1.0;0.0
metron-platform\metron-common\src\main\java\org\apache\metron\common\configuration\profiler\profileresult.java@org.apache.metron.common.configuration.profiler.profileresult.hashcode();False;False;0.999;0.001
metron-platform\metron-common\src\main\java\org\apache\metron\common\configuration\profiler\profileresult.java@org.apache.metron.common.configuration.profiler.profileresult.setprofileexpressions(profileresultexpressions);False;False;1.0;0.0
metron-platform\metron-common\src\main\java\org\apache\metron\common\configuration\profiler\profileresult.java@org.apache.metron.common.configuration.profiler.profileresult.settriageexpressions(profiletriageexpressions);False;False;1.0;0.0
metron-platform\metron-common\src\main\java\org\apache\metron\common\configuration\profiler\profileresult.java@org.apache.metron.common.configuration.profiler.profileresult.tostring();False;False;1.0;0.0
metron-platform\metron-common\src\main\java\org\apache\metron\common\configuration\profiler\profileresultexpressions.java@org.apache.metron.common.configuration.profiler.profileresultexpressions.profileresultexpressions(string);False;False;0.9034152775648784;0.09658472243512224
metron-platform\metron-common\src\main\java\org\apache\metron\common\configuration\profiler\profileresultexpressions.java@org.apache.metron.common.configuration.profiler.profileresultexpressions.equals(object);False;False;0.807;0.193
metron-platform\metron-common\src\main\java\org\apache\metron\common\configuration\profiler\profileresultexpressions.java@org.apache.metron.common.configuration.profiler.profileresultexpressions.getexpression();False;False;0.998;0.002
metron-platform\metron-common\src\main\java\org\apache\metron\common\configuration\profiler\profileresultexpressions.java@org.apache.metron.common.configuration.profiler.profileresultexpressions.hashcode();False;False;0.7483292929292922;0.251670707070707
metron-platform\metron-common\src\main\java\org\apache\metron\common\configuration\profiler\profileresultexpressions.java@org.apache.metron.common.configuration.profiler.profileresultexpressions.setexpression(string);False;False;0.9863333374684377;0.013666662531561671
metron-platform\metron-common\src\main\java\org\apache\metron\common\configuration\profiler\profileresultexpressions.java@org.apache.metron.common.configuration.profiler.profileresultexpressions.tostring();False;False;0.7569759379509365;0.2430240620490621
metron-platform\metron-common\src\main\java\org\apache\metron\common\configuration\profiler\profiletriageexpressions.java@org.apache.metron.common.configuration.profiler.profiletriageexpressions.profiletriageexpressions();False;False;0.9034152775648784;0.09658472243512224
metron-platform\metron-common\src\main\java\org\apache\metron\common\configuration\profiler\profiletriageexpressions.java@org.apache.metron.common.configuration.profiler.profiletriageexpressions.profiletriageexpressions(map);False;False;0.9034152775648784;0.09658472243512224
metron-platform\metron-common\src\main\java\org\apache\metron\common\configuration\profiler\profiletriageexpressions.java@org.apache.metron.common.configuration.profiler.profiletriageexpressions.equals(object);False;False;0.994;0.006
metron-platform\metron-common\src\main\java\org\apache\metron\common\configuration\profiler\profiletriageexpressions.java@org.apache.metron.common.configuration.profiler.profiletriageexpressions.getexpression(string);False;False;0.998;0.002
metron-platform\metron-common\src\main\java\org\apache\metron\common\configuration\profiler\profiletriageexpressions.java@org.apache.metron.common.configuration.profiler.profiletriageexpressions.getexpressions();False;False;1.0;0.0
metron-platform\metron-common\src\main\java\org\apache\metron\common\configuration\profiler\profiletriageexpressions.java@org.apache.metron.common.configuration.profiler.profiletriageexpressions.hashcode();False;False;0.9976333333333333;0.0023666666666666667
metron-platform\metron-common\src\main\java\org\apache\metron\common\configuration\profiler\profiletriageexpressions.java@org.apache.metron.common.configuration.profiler.profiletriageexpressions.setexpressions(map);False;False;0.9034152775648784;0.09658472243512224
metron-platform\metron-common\src\main\java\org\apache\metron\common\configuration\profiler\profiletriageexpressions.java@org.apache.metron.common.configuration.profiler.profiletriageexpressions.tostring();False;False;0.7569759379509365;0.2430240620490621
metron-platform\metron-common\src\main\java\org\apache\metron\common\configuration\profiler\profilerconfig.java@org.apache.metron.common.configuration.profiler.profilerconfig.equals(object);False;False;0.989;0.011
metron-platform\metron-common\src\main\java\org\apache\metron\common\configuration\profiler\profilerconfig.java@org.apache.metron.common.configuration.profiler.profilerconfig.frombytes(byte[]);False;False;0.9034152775648784;0.09658472243512224
metron-platform\metron-common\src\main\java\org\apache\metron\common\configuration\profiler\profilerconfig.java@org.apache.metron.common.configuration.profiler.profilerconfig.fromjson(string);False;False;1.0;0.0
metron-platform\metron-common\src\main\java\org\apache\metron\common\configuration\profiler\profilerconfig.java@org.apache.metron.common.configuration.profiler.profilerconfig.getprofiles();False;False;1.0;0.0
metron-platform\metron-common\src\main\java\org\apache\metron\common\configuration\profiler\profilerconfig.java@org.apache.metron.common.configuration.profiler.profilerconfig.gettimestampfield();False;False;1.0;0.0
metron-platform\metron-common\src\main\java\org\apache\metron\common\configuration\profiler\profilerconfig.java@org.apache.metron.common.configuration.profiler.profilerconfig.gettimestampfieldforjson();False;False;0.9462406605090814;0.0537593394909185
metron-platform\metron-common\src\main\java\org\apache\metron\common\configuration\profiler\profilerconfig.java@org.apache.metron.common.configuration.profiler.profilerconfig.hashcode();False;False;0.9721333333333332;0.027866666666666665
metron-platform\metron-common\src\main\java\org\apache\metron\common\configuration\profiler\profilerconfig.java@org.apache.metron.common.configuration.profiler.profilerconfig.setprofiles(list);False;False;0.9034152775648784;0.09658472243512224
metron-platform\metron-common\src\main\java\org\apache\metron\common\configuration\profiler\profilerconfig.java@org.apache.metron.common.configuration.profiler.profilerconfig.settimestampfield(optional);False;False;0.9034152775648784;0.09658472243512224
metron-platform\metron-common\src\main\java\org\apache\metron\common\configuration\profiler\profilerconfig.java@org.apache.metron.common.configuration.profiler.profilerconfig.settimestampfield(string);False;False;1.0;0.0
metron-platform\metron-common\src\main\java\org\apache\metron\common\configuration\profiler\profilerconfig.java@org.apache.metron.common.configuration.profiler.profilerconfig.tojson();False;False;0.9777666666666667;0.02223333333333333
metron-platform\metron-common\src\main\java\org\apache\metron\common\configuration\profiler\profilerconfig.java@org.apache.metron.common.configuration.profiler.profilerconfig.tostring();False;False;0.9872499999999998;0.01275
metron-platform\metron-common\src\main\java\org\apache\metron\common\configuration\profiler\profilerconfig.java@org.apache.metron.common.configuration.profiler.profilerconfig.withprofile(profileconfig);False;False;0.9993333333333334;0.0006666666666666666
metron-platform\metron-common\src\main\java\org\apache\metron\common\configuration\profiler\profilerconfig.java@org.apache.metron.common.configuration.profiler.profilerconfig.withtimestampfield(optional);False;False;0.9034152775648784;0.09658472243512224
metron-platform\metron-common\src\main\java\org\apache\metron\common\configuration\profiler\profilerconfigurations.java@org.apache.metron.common.configuration.profiler.profilerconfigurations.delete();False;False;1.0;0.0
metron-platform\metron-common\src\main\java\org\apache\metron\common\configuration\profiler\profilerconfigurations.java@org.apache.metron.common.configuration.profiler.profilerconfigurations.getbatchsize();True;False;0.9034152775648784;0.09658472243512224
metron-platform\metron-common\src\main\java\org\apache\metron\common\configuration\profiler\profilerconfigurations.java@org.apache.metron.common.configuration.profiler.profilerconfigurations.getbatchtimeout();True;False;0.9034152775648784;0.09658472243512224
metron-platform\metron-common\src\main\java\org\apache\metron\common\configuration\profiler\profilerconfigurations.java@org.apache.metron.common.configuration.profiler.profilerconfigurations.getkey();False;False;0.999;0.001
metron-platform\metron-common\src\main\java\org\apache\metron\common\configuration\profiler\profilerconfigurations.java@org.apache.metron.common.configuration.profiler.profilerconfigurations.getprofilerconfig();False;False;0.9916666666666666;0.008333333333333333
metron-platform\metron-common\src\main\java\org\apache\metron\common\configuration\profiler\profilerconfigurations.java@org.apache.metron.common.configuration.profiler.profilerconfigurations.updateprofilerconfig(inputstream);False;False;0.9983333333333334;0.0016666666666666666
metron-platform\metron-common\src\main\java\org\apache\metron\common\configuration\profiler\profilerconfigurations.java@org.apache.metron.common.configuration.profiler.profilerconfigurations.updateprofilerconfig(profilerconfig);False;False;0.97705;0.022949999999999995
metron-platform\metron-common\src\main\java\org\apache\metron\common\configuration\profiler\profilerconfigurations.java@org.apache.metron.common.configuration.profiler.profilerconfigurations.updateprofilerconfig(byte[]);False;False;0.9034152775648784;0.09658472243512224
metron-platform\metron-common\src\main\java\org\apache\metron\common\configuration\writer\indexingwriterconfiguration.java@org.apache.metron.common.configuration.writer.indexingwriterconfiguration.indexingwriterconfiguration(string,indexingconfigurations);False;False;0.9034152775648784;0.09658472243512224
metron-platform\metron-common\src\main\java\org\apache\metron\common\configuration\writer\indexingwriterconfiguration.java@org.apache.metron.common.configuration.writer.indexingwriterconfiguration.getallconfiguredtimeouts();False;False;0.9724166666666666;0.027583333333333335
metron-platform\metron-common\src\main\java\org\apache\metron\common\configuration\writer\indexingwriterconfiguration.java@org.apache.metron.common.configuration.writer.indexingwriterconfiguration.getbatchsize(string);False;False;0.99725;0.00275
metron-platform\metron-common\src\main\java\org\apache\metron\common\configuration\writer\indexingwriterconfiguration.java@org.apache.metron.common.configuration.writer.indexingwriterconfiguration.getbatchtimeout(string);False;False;0.9959;0.0040999999999999995
metron-platform\metron-common\src\main\java\org\apache\metron\common\configuration\writer\indexingwriterconfiguration.java@org.apache.metron.common.configuration.writer.indexingwriterconfiguration.getfieldnameconverter(string);False;False;0.9959;0.0040999999999999995
metron-platform\metron-common\src\main\java\org\apache\metron\common\configuration\writer\indexingwriterconfiguration.java@org.apache.metron.common.configuration.writer.indexingwriterconfiguration.getglobalconfig();False;False;0.9981;0.0019
metron-platform\metron-common\src\main\java\org\apache\metron\common\configuration\writer\indexingwriterconfiguration.java@org.apache.metron.common.configuration.writer.indexingwriterconfiguration.getindex(string);False;False;1.0;0.0
metron-platform\metron-common\src\main\java\org\apache\metron\common\configuration\writer\indexingwriterconfiguration.java@org.apache.metron.common.configuration.writer.indexingwriterconfiguration.getsensorconfig(string);False;False;0.9959;0.0040999999999999995
metron-platform\metron-common\src\main\java\org\apache\metron\common\configuration\writer\indexingwriterconfiguration.java@org.apache.metron.common.configuration.writer.indexingwriterconfiguration.isdefault(string);False;False;1.0;0.0
metron-platform\metron-common\src\main\java\org\apache\metron\common\configuration\writer\indexingwriterconfiguration.java@org.apache.metron.common.configuration.writer.indexingwriterconfiguration.isenabled(string);False;False;1.0;0.0
metron-platform\metron-common\src\main\java\org\apache\metron\common\configuration\writer\parserwriterconfiguration.java@org.apache.metron.common.configuration.writer.parserwriterconfiguration.parserwriterconfiguration(parserconfigurations);False;False;0.9034152775648784;0.09658472243512224
metron-platform\metron-common\src\main\java\org\apache\metron\common\configuration\writer\parserwriterconfiguration.java@org.apache.metron.common.configuration.writer.parserwriterconfiguration.getallconfiguredtimeouts();False;False;1.0;0.0
metron-platform\metron-common\src\main\java\org\apache\metron\common\configuration\writer\parserwriterconfiguration.java@org.apache.metron.common.configuration.writer.parserwriterconfiguration.getbatchsize(string);True;False;0.9809;0.019100000000000002
metron-platform\metron-common\src\main\java\org\apache\metron\common\configuration\writer\parserwriterconfiguration.java@org.apache.metron.common.configuration.writer.parserwriterconfiguration.getbatchtimeout(string);False;False;0.9984333333333334;0.0015666666666666665
metron-platform\metron-common\src\main\java\org\apache\metron\common\configuration\writer\parserwriterconfiguration.java@org.apache.metron.common.configuration.writer.parserwriterconfiguration.getfieldnameconverter(string);False;False;0.9995187969924813;0.000481203007518797
metron-platform\metron-common\src\main\java\org\apache\metron\common\configuration\writer\parserwriterconfiguration.java@org.apache.metron.common.configuration.writer.parserwriterconfiguration.getglobalconfig();False;False;1.0;0.0
metron-platform\metron-common\src\main\java\org\apache\metron\common\configuration\writer\parserwriterconfiguration.java@org.apache.metron.common.configuration.writer.parserwriterconfiguration.getindex(string);False;False;0.9905;0.0095
metron-platform\metron-common\src\main\java\org\apache\metron\common\configuration\writer\parserwriterconfiguration.java@org.apache.metron.common.configuration.writer.parserwriterconfiguration.getsensorconfig(string);False;False;1.0;0.0
metron-platform\metron-common\src\main\java\org\apache\metron\common\configuration\writer\parserwriterconfiguration.java@org.apache.metron.common.configuration.writer.parserwriterconfiguration.isdefault(string);False;False;1.0;0.0
metron-platform\metron-common\src\main\java\org\apache\metron\common\configuration\writer\parserwriterconfiguration.java@org.apache.metron.common.configuration.writer.parserwriterconfiguration.isenabled(string);False;False;1.0;0.0
metron-platform\metron-common\src\main\java\org\apache\metron\common\configuration\writer\singlebatchconfigurationfacade.java@org.apache.metron.common.configuration.writer.singlebatchconfigurationfacade.singlebatchconfigurationfacade(writerconfiguration);False;False;0.9034152775648784;0.09658472243512224
metron-platform\metron-common\src\main\java\org\apache\metron\common\configuration\writer\singlebatchconfigurationfacade.java@org.apache.metron.common.configuration.writer.singlebatchconfigurationfacade.getallconfiguredtimeouts();False;False;1.0;0.0
metron-platform\metron-common\src\main\java\org\apache\metron\common\configuration\writer\singlebatchconfigurationfacade.java@org.apache.metron.common.configuration.writer.singlebatchconfigurationfacade.getbatchsize(string);False;False;0.9987272727272728;0.0012727272727272728
metron-platform\metron-common\src\main\java\org\apache\metron\common\configuration\writer\singlebatchconfigurationfacade.java@org.apache.metron.common.configuration.writer.singlebatchconfigurationfacade.getbatchtimeout(string);False;False;1.0;0.0
metron-platform\metron-common\src\main\java\org\apache\metron\common\configuration\writer\singlebatchconfigurationfacade.java@org.apache.metron.common.configuration.writer.singlebatchconfigurationfacade.getfieldnameconverter(string);False;False;0.9995187969924813;0.000481203007518797
metron-platform\metron-common\src\main\java\org\apache\metron\common\configuration\writer\singlebatchconfigurationfacade.java@org.apache.metron.common.configuration.writer.singlebatchconfigurationfacade.getglobalconfig();False;False;1.0;0.0
metron-platform\metron-common\src\main\java\org\apache\metron\common\configuration\writer\singlebatchconfigurationfacade.java@org.apache.metron.common.configuration.writer.singlebatchconfigurationfacade.getindex(string);False;False;1.0;0.0
metron-platform\metron-common\src\main\java\org\apache\metron\common\configuration\writer\singlebatchconfigurationfacade.java@org.apache.metron.common.configuration.writer.singlebatchconfigurationfacade.getsensorconfig(string);False;False;1.0;0.0
metron-platform\metron-common\src\main\java\org\apache\metron\common\configuration\writer\singlebatchconfigurationfacade.java@org.apache.metron.common.configuration.writer.singlebatchconfigurationfacade.isdefault(string);False;False;1.0;0.0
metron-platform\metron-common\src\main\java\org\apache\metron\common\configuration\writer\singlebatchconfigurationfacade.java@org.apache.metron.common.configuration.writer.singlebatchconfigurationfacade.isenabled(string);False;False;1.0;0.0
metron-platform\metron-common\src\main\java\org\apache\metron\common\csv\csvconverter.java@org.apache.metron.common.csv.csvconverter.getcolumnmap();False;False;0.994;0.006
metron-platform\metron-common\src\main\java\org\apache\metron\common\csv\csvconverter.java@org.apache.metron.common.csv.csvconverter.getcolumnmap(map);False;False;0.9034152775648784;0.09658472243512224
metron-platform\metron-common\src\main\java\org\apache\metron\common\csv\csvconverter.java@org.apache.metron.common.csv.csvconverter.getcolumnmapentry(string,int);False;False;0.9034152775648784;0.09658472243512224
metron-platform\metron-common\src\main\java\org\apache\metron\common\csv\csvconverter.java@org.apache.metron.common.csv.csvconverter.getparser();False;False;0.8722588954818835;0.12774110451811724
metron-platform\metron-common\src\main\java\org\apache\metron\common\csv\csvconverter.java@org.apache.metron.common.csv.csvconverter.ignore(string);False;False;0.9984;0.0016
metron-platform\metron-common\src\main\java\org\apache\metron\common\csv\csvconverter.java@org.apache.metron.common.csv.csvconverter.initialize(map);False;False;0.9034152775648784;0.09658472243512224
metron-platform\metron-common\src\main\java\org\apache\metron\common\csv\csvconverter.java@org.apache.metron.common.csv.csvconverter.tomap(string);False;False;0.9766666666666668;0.02333333333333333
metron-platform\metron-common\src\main\java\org\apache\metron\common\error\metronerror.java@org.apache.metron.common.error.metronerror.adderrorhash(jsonobject);False;False;0.996;0.004
metron-platform\metron-common\src\main\java\org\apache\metron\common\error\metronerror.java@org.apache.metron.common.error.metronerror.addhostname(jsonobject);False;False;0.9034152775648784;0.09658472243512224
metron-platform\metron-common\src\main\java\org\apache\metron\common\error\metronerror.java@org.apache.metron.common.error.metronerror.addmessagestring(jsonobject);False;False;0.9941666666666668;0.005833333333333333
metron-platform\metron-common\src\main\java\org\apache\metron\common\error\metronerror.java@org.apache.metron.common.error.metronerror.addrawmessage(object);False;False;0.9972285714285714;0.0027714285714285714
metron-platform\metron-common\src\main\java\org\apache\metron\common\error\metronerror.java@org.apache.metron.common.error.metronerror.addrawmessages(jsonobject);False;False;0.997;0.003
metron-platform\metron-common\src\main\java\org\apache\metron\common\error\metronerror.java@org.apache.metron.common.error.metronerror.addstacktrace(jsonobject);False;False;0.998;0.002
metron-platform\metron-common\src\main\java\org\apache\metron\common\error\metronerror.java@org.apache.metron.common.error.metronerror.addtimestamp(jsonobject);False;False;1.0;0.0
metron-platform\metron-common\src\main\java\org\apache\metron\common\error\metronerror.java@org.apache.metron.common.error.metronerror.equals(object);True;False;0.922;0.078
metron-platform\metron-common\src\main\java\org\apache\metron\common\error\metronerror.java@org.apache.metron.common.error.metronerror.getjsonobject();True;False;0.9493333333333334;0.050666666666666665
metron-platform\metron-common\src\main\java\org\apache\metron\common\error\metronerror.java@org.apache.metron.common.error.metronerror.getthrowable();False;False;0.993376984126984;0.006623015873015873
metron-platform\metron-common\src\main\java\org\apache\metron\common\error\metronerror.java@org.apache.metron.common.error.metronerror.hashcode();True;False;0.767;0.233
metron-platform\metron-common\src\main\java\org\apache\metron\common\error\metronerror.java@org.apache.metron.common.error.metronerror.witherrorfields(set);False;False;0.9034152775648784;0.09658472243512224
metron-platform\metron-common\src\main\java\org\apache\metron\common\error\metronerror.java@org.apache.metron.common.error.metronerror.witherrortype(errortype);False;False;1.0;0.0
metron-platform\metron-common\src\main\java\org\apache\metron\common\error\metronerror.java@org.apache.metron.common.error.metronerror.withmessage(string);False;False;0.989;0.011
metron-platform\metron-common\src\main\java\org\apache\metron\common\error\metronerror.java@org.apache.metron.common.error.metronerror.withrawmessages(list);False;False;0.9034152775648784;0.09658472243512224
metron-platform\metron-common\src\main\java\org\apache\metron\common\error\metronerror.java@org.apache.metron.common.error.metronerror.withsensortype(set);True;False;0.9034152775648784;0.09658472243512224
metron-platform\metron-common\src\main\java\org\apache\metron\common\error\metronerror.java@org.apache.metron.common.error.metronerror.withsensortype(string);True;False;1.0;0.0
metron-platform\metron-common\src\main\java\org\apache\metron\common\error\metronerror.java@org.apache.metron.common.error.metronerror.withthrowable(throwable);False;False;1.0;0.0
metron-platform\metron-common\src\main\java\org\apache\metron\common\field\dedotfieldnameconverter.java@org.apache.metron.common.field.dedotfieldnameconverter.convert(string);False;False;0.9642880952380951;0.035711904761904764
metron-platform\metron-common\src\main\java\org\apache\metron\common\field\noopfieldnameconverter.java@org.apache.metron.common.field.noopfieldnameconverter.convert(string);False;False;0.9397563492063489;0.0602436507936508
metron-platform\metron-common\src\main\java\org\apache\metron\common\field\transformation\ipprotocoltransformation.java@org.apache.metron.common.field.transformation.ipprotocoltransformation.apply(list,context);False;False;0.9034152775648784;0.09658472243512224
metron-platform\metron-common\src\main\java\org\apache\metron\common\field\transformation\ipprotocoltransformation.java@org.apache.metron.common.field.transformation.ipprotocoltransformation.isinitialized();False;False;0.9870016977227632;0.012998302277236747
metron-platform\metron-common\src\main\java\org\apache\metron\common\field\transformation\ipprotocoltransformation.java@org.apache.metron.common.field.transformation.ipprotocoltransformation.map(object,string);False;False;0.9034152775648784;0.09658472243512224
metron-platform\metron-common\src\main\java\org\apache\metron\common\field\transformation\removetransformation.java@org.apache.metron.common.field.transformation.removetransformation.getcondition(map);False;False;0.9034152775648784;0.09658472243512224
metron-platform\metron-common\src\main\java\org\apache\metron\common\field\transformation\removetransformation.java@org.apache.metron.common.field.transformation.removetransformation.getpredicateprocessor(string);False;False;0.9890833333333332;0.010916666666666667
metron-platform\metron-common\src\main\java\org\apache\metron\common\field\transformation\removetransformation.java@org.apache.metron.common.field.transformation.removetransformation.map(map,list,linkedhashmap,context,map);False;False;0.9034152775648784;0.09658472243512224
metron-platform\metron-common\src\main\java\org\apache\metron\common\field\transformation\removetransformation.java@org.apache.metron.common.field.transformation.removetransformation.parse(string,variableresolver,functionresolver,context);False;False;0.9034152775648784;0.09658472243512224
metron-platform\metron-common\src\main\java\org\apache\metron\common\field\transformation\removetransformation.java@org.apache.metron.common.field.transformation.removetransformation.validate(string);False;False;1.0;0.0
metron-platform\metron-common\src\main\java\org\apache\metron\common\field\transformation\removetransformation.java@org.apache.metron.common.field.transformation.removetransformation.validate(string,boolean,context);False;False;0.9034152775648784;0.09658472243512224
metron-platform\metron-common\src\main\java\org\apache\metron\common\field\transformation\renametransformation.java@org.apache.metron.common.field.transformation.renametransformation.map(map,list,linkedhashmap,context,map);False;False;0.9034152775648784;0.09658472243512224
metron-platform\metron-common\src\main\java\org\apache\metron\common\field\transformation\selecttransformation.java@org.apache.metron.common.field.transformation.selecttransformation.map(map,list,linkedhashmap,context,map);False;False;0.9034152775648784;0.09658472243512224
metron-platform\metron-common\src\main\java\org\apache\metron\common\field\transformation\simplefieldtransformation.java@org.apache.metron.common.field.transformation.simplefieldtransformation.map(map,list,linkedhashmap,context,map);False;False;0.9034152775648784;0.09658472243512224
metron-platform\metron-common\src\main\java\org\apache\metron\common\field\transformation\stellartransformation.java@org.apache.metron.common.field.transformation.stellartransformation.map(map,list,linkedhashmap,context,map);False;False;0.9034152775648784;0.09658472243512224
metron-platform\metron-common\src\main\java\org\apache\metron\common\field\validation\queryvalidation.java@org.apache.metron.common.field.validation.queryvalidation.config(string);False;False;0.9034152775648784;0.09658472243512224
metron-platform\metron-common\src\main\java\org\apache\metron\common\field\validation\queryvalidation.java@org.apache.metron.common.field.validation.queryvalidation.get(map,class);False;False;0.9034152775648784;0.09658472243512224
metron-platform\metron-common\src\main\java\org\apache\metron\common\field\validation\queryvalidation.java@org.apache.metron.common.field.validation.queryvalidation.initialize(map,map);False;False;0.9034152775648784;0.09658472243512224
metron-platform\metron-common\src\main\java\org\apache\metron\common\field\validation\queryvalidation.java@org.apache.metron.common.field.validation.queryvalidation.isvalid(map,map,map,context);False;False;0.9034152775648784;0.09658472243512224
metron-platform\metron-common\src\main\java\org\apache\metron\common\field\validation\simplevalidation.java@org.apache.metron.common.field.validation.simplevalidation.isnonexistentok();False;False;1.0;0.0
metron-platform\metron-common\src\main\java\org\apache\metron\common\field\validation\simplevalidation.java@org.apache.metron.common.field.validation.simplevalidation.isvalid(map,map,map,context);False;False;0.9034152775648784;0.09658472243512224
metron-platform\metron-common\src\main\java\org\apache\metron\common\field\validation\simplevalidation.java@org.apache.metron.common.field.validation.simplevalidation.test(list);False;False;0.9034152775648784;0.09658472243512224
metron-platform\metron-common\src\main\java\org\apache\metron\common\field\validation\network\domainvalidation.java@org.apache.metron.common.field.validation.network.domainvalidation.is_domain();False;False;0.9034152775648784;0.09658472243512224
metron-platform\metron-common\src\main\java\org\apache\metron\common\field\validation\network\domainvalidation.java@org.apache.metron.common.field.validation.network.domainvalidation.getpredicate();False;False;1.0;0.0
metron-platform\metron-common\src\main\java\org\apache\metron\common\field\validation\network\domainvalidation.java@org.apache.metron.common.field.validation.network.is_domain.is_domain();False;False;0.9034152775648784;0.09658472243512224
metron-platform\metron-common\src\main\java\org\apache\metron\common\field\validation\network\emailvalidation.java@org.apache.metron.common.field.validation.network.emailvalidation.is_email();False;False;0.9034152775648784;0.09658472243512224
metron-platform\metron-common\src\main\java\org\apache\metron\common\field\validation\network\emailvalidation.java@org.apache.metron.common.field.validation.network.emailvalidation.getpredicate();False;False;1.0;0.0
metron-platform\metron-common\src\main\java\org\apache\metron\common\field\validation\network\emailvalidation.java@org.apache.metron.common.field.validation.network.is_email.is_email();False;False;0.9034152775648784;0.09658472243512224
metron-platform\metron-common\src\main\java\org\apache\metron\common\field\validation\network\ipvalidation.java@org.apache.metron.common.field.validation.network.ipvalidation.config(string);False;False;0.9034152775648784;0.09658472243512224
metron-platform\metron-common\src\main\java\org\apache\metron\common\field\validation\network\ipvalidation.java@org.apache.metron.common.field.validation.network.ipvalidation.iptype(predicate);False;False;0.9034152775648784;0.09658472243512224
metron-platform\metron-common\src\main\java\org\apache\metron\common\field\validation\network\ipvalidation.java@org.apache.metron.common.field.validation.network.ipvalidation.is_ip();False;False;0.9034152775648784;0.09658472243512224
metron-platform\metron-common\src\main\java\org\apache\metron\common\field\validation\network\ipvalidation.java@org.apache.metron.common.field.validation.network.ipvalidation.get(map);False;False;0.9034152775648784;0.09658472243512224
metron-platform\metron-common\src\main\java\org\apache\metron\common\field\validation\network\ipvalidation.java@org.apache.metron.common.field.validation.network.ipvalidation.get(string);False;False;0.9034152775648784;0.09658472243512224
metron-platform\metron-common\src\main\java\org\apache\metron\common\field\validation\network\ipvalidation.java@org.apache.metron.common.field.validation.network.ipvalidation.isvalid(map,map,map,context);False;False;0.9034152775648784;0.09658472243512224
metron-platform\metron-common\src\main\java\org\apache\metron\common\field\validation\network\ipvalidation.java@org.apache.metron.common.field.validation.network.ipvalidation.isvalid(string);False;False;0.999;0.001
metron-platform\metron-common\src\main\java\org\apache\metron\common\field\validation\network\ipvalidation.java@org.apache.metron.common.field.validation.network.ipvalidation.test(list);False;False;0.9034152775648784;0.09658472243512224
metron-platform\metron-common\src\main\java\org\apache\metron\common\field\validation\network\ipvalidation.java@org.apache.metron.common.field.validation.network.is_ip.is_ip();False;False;0.9034152775648784;0.09658472243512224
metron-platform\metron-common\src\main\java\org\apache\metron\common\field\validation\network\urlvalidation.java@org.apache.metron.common.field.validation.network.is_url.is_url();False;False;0.9034152775648784;0.09658472243512224
metron-platform\metron-common\src\main\java\org\apache\metron\common\field\validation\network\urlvalidation.java@org.apache.metron.common.field.validation.network.urlvalidation.is_url();False;False;0.9034152775648784;0.09658472243512224
metron-platform\metron-common\src\main\java\org\apache\metron\common\field\validation\network\urlvalidation.java@org.apache.metron.common.field.validation.network.urlvalidation.getpredicate();False;False;1.0;0.0
metron-platform\metron-common\src\main\java\org\apache\metron\common\field\validation\primitive\datevalidation.java@org.apache.metron.common.field.validation.primitive.datevalidation.config(string);False;False;0.9034152775648784;0.09658472243512224
metron-platform\metron-common\src\main\java\org\apache\metron\common\field\validation\primitive\datevalidation.java@org.apache.metron.common.field.validation.primitive.datevalidation.is_date();False;False;0.9034152775648784;0.09658472243512224
metron-platform\metron-common\src\main\java\org\apache\metron\common\field\validation\primitive\datevalidation.java@org.apache.metron.common.field.validation.primitive.datevalidation.get(map,class);False;False;0.9034152775648784;0.09658472243512224
metron-platform\metron-common\src\main\java\org\apache\metron\common\field\validation\primitive\datevalidation.java@org.apache.metron.common.field.validation.primitive.datevalidation.initialize(map,map);False;False;0.9034152775648784;0.09658472243512224
metron-platform\metron-common\src\main\java\org\apache\metron\common\field\validation\primitive\datevalidation.java@org.apache.metron.common.field.validation.primitive.datevalidation.isvalid(map,map,map,context);False;False;0.9034152775648784;0.09658472243512224
metron-platform\metron-common\src\main\java\org\apache\metron\common\field\validation\primitive\datevalidation.java@org.apache.metron.common.field.validation.primitive.datevalidation.test(list);False;False;0.9034152775648784;0.09658472243512224
metron-platform\metron-common\src\main\java\org\apache\metron\common\field\validation\primitive\datevalidation.java@org.apache.metron.common.field.validation.primitive.is_date.is_date();False;False;0.9034152775648784;0.09658472243512224
metron-platform\metron-common\src\main\java\org\apache\metron\common\field\validation\primitive\integervalidation.java@org.apache.metron.common.field.validation.primitive.is_integer.is_integer();False;False;0.9034152775648784;0.09658472243512224
metron-platform\metron-common\src\main\java\org\apache\metron\common\field\validation\primitive\integervalidation.java@org.apache.metron.common.field.validation.primitive.integervalidation.is_integer();False;False;0.9034152775648784;0.09658472243512224
metron-platform\metron-common\src\main\java\org\apache\metron\common\field\validation\primitive\integervalidation.java@org.apache.metron.common.field.validation.primitive.integervalidation.getpredicate();False;False;0.9886;0.0114
metron-platform\metron-common\src\main\java\org\apache\metron\common\field\validation\primitive\notemptyvalidation.java@org.apache.metron.common.field.validation.primitive.notemptyvalidation.getpredicate();False;False;0.98;0.02
metron-platform\metron-common\src\main\java\org\apache\metron\common\field\validation\primitive\notemptyvalidation.java@org.apache.metron.common.field.validation.primitive.notemptyvalidation.isnonexistentok();False;False;1.0;0.0
metron-platform\metron-common\src\main\java\org\apache\metron\common\field\validation\primitive\regexvalidation.java@org.apache.metron.common.field.validation.primitive.regexvalidation.config(string);False;False;0.9034152775648784;0.09658472243512224
metron-platform\metron-common\src\main\java\org\apache\metron\common\field\validation\primitive\regexvalidation.java@org.apache.metron.common.field.validation.primitive.regexvalidation.get(map,class);False;False;0.9034152775648784;0.09658472243512224
metron-platform\metron-common\src\main\java\org\apache\metron\common\field\validation\primitive\regexvalidation.java@org.apache.metron.common.field.validation.primitive.regexvalidation.initialize(map,map);False;False;0.9034152775648784;0.09658472243512224
metron-platform\metron-common\src\main\java\org\apache\metron\common\field\validation\primitive\regexvalidation.java@org.apache.metron.common.field.validation.primitive.regexvalidation.isvalid(map,map,map,context);False;False;0.9034152775648784;0.09658472243512224
metron-platform\metron-common\src\main\java\org\apache\metron\common\message\bytesfromposition.java@org.apache.metron.common.message.bytesfromposition.bytesfromposition(integer);False;False;0.9034152775648784;0.09658472243512224
metron-platform\metron-common\src\main\java\org\apache\metron\common\message\bytesfromposition.java@org.apache.metron.common.message.bytesfromposition.get(tuple);False;False;1.0;0.0
metron-platform\metron-common\src\main\java\org\apache\metron\common\message\jsonfromfield.java@org.apache.metron.common.message.jsonfromfield.jsonfromfield(string);False;False;0.9034152775648784;0.09658472243512224
metron-platform\metron-common\src\main\java\org\apache\metron\common\message\jsonfromfield.java@org.apache.metron.common.message.jsonfromfield.get(tuple);False;False;0.9997142857142858;0.0002857142857142857
metron-platform\metron-common\src\main\java\org\apache\metron\common\message\jsonfromfieldbyreference.java@org.apache.metron.common.message.jsonfromfieldbyreference.jsonfromfieldbyreference(string);False;False;0.9034152775648784;0.09658472243512224
metron-platform\metron-common\src\main\java\org\apache\metron\common\message\jsonfromfieldbyreference.java@org.apache.metron.common.message.jsonfromfieldbyreference.get(tuple);False;False;1.0;0.0
metron-platform\metron-common\src\main\java\org\apache\metron\common\message\jsonfromposition.java@org.apache.metron.common.message.jsonfromposition.jsonfromposition(integer);False;False;0.9034152775648784;0.09658472243512224
metron-platform\metron-common\src\main\java\org\apache\metron\common\message\jsonfromposition.java@org.apache.metron.common.message.jsonfromposition.get(tuple);False;False;0.9034152775648784;0.09658472243512224
metron-platform\metron-common\src\main\java\org\apache\metron\common\message\jsonfromposition.java@org.apache.metron.common.message.jsonfromposition.initialvalue();False;False;0.97;0.03
metron-platform\metron-common\src\main\java\org\apache\metron\common\message\objectfromfield.java@org.apache.metron.common.message.objectfromfield.objectfromfield(string);False;False;0.9034152775648784;0.09658472243512224
metron-platform\metron-common\src\main\java\org\apache\metron\common\message\objectfromfield.java@org.apache.metron.common.message.objectfromfield.get(tuple);False;False;1.0;0.0
metron-platform\metron-common\src\main\java\org\apache\metron\common\performance\performancelogger.java@org.apache.metron.common.performance.performancelogger.performancelogger(supplier,logger,thresholdcalculator,timing);False;False;0.9034152775648784;0.09658472243512224
metron-platform\metron-common\src\main\java\org\apache\metron\common\performance\performancelogger.java@org.apache.metron.common.performance.performancelogger.performancelogger(supplier,string);False;False;0.9034152775648784;0.09658472243512224
metron-platform\metron-common\src\main\java\org\apache\metron\common\performance\performancelogger.java@org.apache.metron.common.performance.performancelogger.getpercentthreshold();False;False;0.9966;0.0034
metron-platform\metron-common\src\main\java\org\apache\metron\common\performance\performancelogger.java@org.apache.metron.common.performance.performancelogger.getproperty(string,object);False;False;0.9034152775648784;0.09658472243512224
metron-platform\metron-common\src\main\java\org\apache\metron\common\performance\performancelogger.java@org.apache.metron.common.performance.performancelogger.isdebugenabled();False;False;1.0;0.0
metron-platform\metron-common\src\main\java\org\apache\metron\common\performance\performancelogger.java@org.apache.metron.common.performance.performancelogger.log(string);False;False;0.99275;0.00725
metron-platform\metron-common\src\main\java\org\apache\metron\common\performance\performancelogger.java@org.apache.metron.common.performance.performancelogger.log(string,string);False;False;0.9034152775648784;0.09658472243512224
metron-platform\metron-common\src\main\java\org\apache\metron\common\performance\performancelogger.java@org.apache.metron.common.performance.performancelogger.log(string,string,object);False;False;0.9034152775648784;0.09658472243512224
metron-platform\metron-common\src\main\java\org\apache\metron\common\performance\performancelogger.java@org.apache.metron.common.performance.performancelogger.log(string,string,object,object);False;False;0.9034152775648784;0.09658472243512224
metron-platform\metron-common\src\main\java\org\apache\metron\common\performance\performancelogger.java@org.apache.metron.common.performance.performancelogger.mark(string);False;False;0.998;0.002
metron-platform\metron-common\src\main\java\org\apache\metron\common\performance\performancelogger.java@org.apache.metron.common.performance.performancelogger.oktolog();False;False;0.988;0.012
metron-platform\metron-common\src\main\java\org\apache\metron\common\performance\thresholdcalculator.java@org.apache.metron.common.performance.thresholdcalculator.ispast(int);False;False;0.998;0.002
metron-platform\metron-common\src\main\java\org\apache\metron\common\performance\thresholdcalculator.java@org.apache.metron.common.performance.thresholdcalculator.todecimal(int);False;False;0.999;0.001
metron-platform\metron-common\src\main\java\org\apache\metron\common\performance\timing.java@org.apache.metron.common.performance.timing.timing();False;False;0.9034152775648784;0.09658472243512224
metron-platform\metron-common\src\main\java\org\apache\metron\common\performance\timing.java@org.apache.metron.common.performance.timing.exists(string);False;False;1.0;0.0
metron-platform\metron-common\src\main\java\org\apache\metron\common\performance\timing.java@org.apache.metron.common.performance.timing.getelapsed(string);False;False;0.9961666666666666;0.0038333333333333336
metron-platform\metron-common\src\main\java\org\apache\metron\common\performance\timing.java@org.apache.metron.common.performance.timing.mark(string);False;False;0.9907848978365791;0.009215102163420925
metron-platform\metron-common\src\main\java\org\apache\metron\common\system\clock.java@org.apache.metron.common.system.clock.currenttimeformatted(string);False;False;0.996;0.004
metron-platform\metron-common\src\main\java\org\apache\metron\common\system\clock.java@org.apache.metron.common.system.clock.currenttimemillis();False;False;0.999;0.001
metron-platform\metron-common\src\main\java\org\apache\metron\common\system\environment.java@org.apache.metron.common.system.environment.get(string);False;False;0.998;0.002
metron-platform\metron-common\src\main\java\org\apache\metron\common\system\fakeclock.java@org.apache.metron.common.system.fakeclock.illegalargumentclocknegative(string);False;False;0.9034152775648784;0.09658472243512224
metron-platform\metron-common\src\main\java\org\apache\metron\common\system\fakeclock.java@org.apache.metron.common.system.fakeclock.illegalargumentclockoverflow(string);False;False;0.9034152775648784;0.09658472243512224
metron-platform\metron-common\src\main\java\org\apache\metron\common\system\fakeclock.java@org.apache.metron.common.system.fakeclock.illegalargumentclockzero(string);False;False;0.9034152775648784;0.09658472243512224
metron-platform\metron-common\src\main\java\org\apache\metron\common\system\fakeclock.java@org.apache.metron.common.system.fakeclock.advancetomillis(long);False;False;0.994;0.006
metron-platform\metron-common\src\main\java\org\apache\metron\common\system\fakeclock.java@org.apache.metron.common.system.fakeclock.advancetoseconds(long);False;False;0.994;0.006
metron-platform\metron-common\src\main\java\org\apache\metron\common\system\fakeclock.java@org.apache.metron.common.system.fakeclock.currenttimemillis();False;False;0.997;0.003
metron-platform\metron-common\src\main\java\org\apache\metron\common\system\fakeclock.java@org.apache.metron.common.system.fakeclock.elapsemillis(long);False;False;0.9905;0.0095
metron-platform\metron-common\src\main\java\org\apache\metron\common\system\fakeclock.java@org.apache.metron.common.system.fakeclock.elapseseconds(long);False;False;0.997;0.003
metron-platform\metron-common\src\main\java\org\apache\metron\common\system\fakeclock.java@org.apache.metron.common.system.illegalargumentclocknegative.illegalargumentclocknegative(string);False;False;0.9034152775648784;0.09658472243512224
metron-platform\metron-common\src\main\java\org\apache\metron\common\system\fakeclock.java@org.apache.metron.common.system.illegalargumentclockoverflow.illegalargumentclockoverflow(string);False;False;0.9034152775648784;0.09658472243512224
metron-platform\metron-common\src\main\java\org\apache\metron\common\system\fakeclock.java@org.apache.metron.common.system.illegalargumentclockzero.illegalargumentclockzero(string);False;False;0.9034152775648784;0.09658472243512224
metron-platform\metron-common\src\main\java\org\apache\metron\common\typosquat\additionstrategy.java@org.apache.metron.common.typosquat.additionstrategy.generatecandidates(string);False;False;0.9587666666666667;0.04123333333333334
metron-platform\metron-common\src\main\java\org\apache\metron\common\typosquat\additionstrategy.java@org.apache.metron.common.typosquat.additionstrategy.name();False;False;0.999;0.001
metron-platform\metron-common\src\main\java\org\apache\metron\common\typosquat\bitsquattingstrategy.java@org.apache.metron.common.typosquat.bitsquattingstrategy.generatecandidates(string);False;False;0.90625;0.09375
metron-platform\metron-common\src\main\java\org\apache\metron\common\typosquat\bitsquattingstrategy.java@org.apache.metron.common.typosquat.bitsquattingstrategy.name();False;False;0.999;0.001
metron-platform\metron-common\src\main\java\org\apache\metron\common\typosquat\bitsquattingstrategy.java@org.apache.metron.common.typosquat.bitsquattingstrategy.pastetogether(char[],int,char);False;False;0.9034152775648784;0.09658472243512224
metron-platform\metron-common\src\main\java\org\apache\metron\common\typosquat\homoglyphstrategy.java@org.apache.metron.common.typosquat.homoglyphstrategy.generatecandidates(string);False;False;0.9034152775648784;0.09658472243512224
metron-platform\metron-common\src\main\java\org\apache\metron\common\typosquat\homoglyphstrategy.java@org.apache.metron.common.typosquat.homoglyphstrategy.isace(string);False;False;0.981;0.019
metron-platform\metron-common\src\main\java\org\apache\metron\common\typosquat\homoglyphstrategy.java@org.apache.metron.common.typosquat.homoglyphstrategy.name();False;False;0.999;0.001
metron-platform\metron-common\src\main\java\org\apache\metron\common\typosquat\hyphenationstrategy.java@org.apache.metron.common.typosquat.hyphenationstrategy.generatecandidates(string);False;False;0.9935;0.0065
metron-platform\metron-common\src\main\java\org\apache\metron\common\typosquat\hyphenationstrategy.java@org.apache.metron.common.typosquat.hyphenationstrategy.name();False;False;0.999;0.001
metron-platform\metron-common\src\main\java\org\apache\metron\common\typosquat\insertionstrategy.java@org.apache.metron.common.typosquat.insertionstrategy.generatecandidates(string);False;False;0.9745;0.0255
metron-platform\metron-common\src\main\java\org\apache\metron\common\typosquat\insertionstrategy.java@org.apache.metron.common.typosquat.insertionstrategy.name();False;False;0.999;0.001
metron-platform\metron-common\src\main\java\org\apache\metron\common\typosquat\omissionstrategy.java@org.apache.metron.common.typosquat.omissionstrategy.generatecandidates(string);False;False;0.9867142857142858;0.013285714285714284
metron-platform\metron-common\src\main\java\org\apache\metron\common\typosquat\omissionstrategy.java@org.apache.metron.common.typosquat.omissionstrategy.name();False;False;0.999;0.001
metron-platform\metron-common\src\main\java\org\apache\metron\common\typosquat\repetitionstrategy.java@org.apache.metron.common.typosquat.repetitionstrategy.generatecandidates(string);False;False;0.9571083333333332;0.042891666666666675
metron-platform\metron-common\src\main\java\org\apache\metron\common\typosquat\repetitionstrategy.java@org.apache.metron.common.typosquat.repetitionstrategy.name();False;False;0.999;0.001
metron-platform\metron-common\src\main\java\org\apache\metron\common\typosquat\replacementstrategy.java@org.apache.metron.common.typosquat.replacementstrategy.generatecandidates(string);False;False;0.9695;0.0305
metron-platform\metron-common\src\main\java\org\apache\metron\common\typosquat\replacementstrategy.java@org.apache.metron.common.typosquat.replacementstrategy.name();False;False;0.999;0.001
metron-platform\metron-common\src\main\java\org\apache\metron\common\typosquat\subdomainstrategy.java@org.apache.metron.common.typosquat.subdomainstrategy.generatecandidates(string);False;False;0.8798690476190476;0.12013095238095237
metron-platform\metron-common\src\main\java\org\apache\metron\common\typosquat\subdomainstrategy.java@org.apache.metron.common.typosquat.subdomainstrategy.name();False;False;0.999;0.001
metron-platform\metron-common\src\main\java\org\apache\metron\common\typosquat\transpositionstrategy.java@org.apache.metron.common.typosquat.transpositionstrategy.generatecandidates(string);False;False;0.9635416666666667;0.036458333333333336
metron-platform\metron-common\src\main\java\org\apache\metron\common\typosquat\transpositionstrategy.java@org.apache.metron.common.typosquat.transpositionstrategy.name();False;False;0.999;0.001
metron-platform\metron-common\src\main\java\org\apache\metron\common\typosquat\typosquattingstrategies.java@org.apache.metron.common.typosquat.generate.apply(list,context);False;False;0.9034152775648784;0.09658472243512224
metron-platform\metron-common\src\main\java\org\apache\metron\common\typosquat\typosquattingstrategies.java@org.apache.metron.common.typosquat.generate.isinitialized();False;False;1.0;0.0
metron-platform\metron-common\src\main\java\org\apache\metron\common\typosquat\vowelswapstrategy.java@org.apache.metron.common.typosquat.vowelswapstrategy.generatecandidates(string);False;False;0.8918333333333333;0.10816666666666666
metron-platform\metron-common\src\main\java\org\apache\metron\common\typosquat\vowelswapstrategy.java@org.apache.metron.common.typosquat.vowelswapstrategy.name();False;False;0.999;0.001
metron-platform\metron-common\src\main\java\org\apache\metron\common\utils\errorutils.java@org.apache.metron.common.utils.errorutils.runtimeerrors(function);False;False;0.9034152775648784;0.09658472243512224
metron-platform\metron-common\src\main\java\org\apache\metron\common\utils\errorutils.java@org.apache.metron.common.utils.errorutils.formatreason(pair);False;False;0.9034152775648784;0.09658472243512224
metron-platform\metron-common\src\main\java\org\apache\metron\common\utils\errorutils.java@org.apache.metron.common.utils.errorutils.formatreason(string,optional);False;False;0.9034152775648784;0.09658472243512224
metron-platform\metron-common\src\main\java\org\apache\metron\common\utils\errorutils.java@org.apache.metron.common.utils.errorutils.generatethreaddump();False;False;0.987;0.013
metron-platform\metron-common\src\main\java\org\apache\metron\common\utils\errorutils.java@org.apache.metron.common.utils.errorutils.handleerror(outputcollector,metronerror);False;False;0.9034152775648784;0.09658472243512224
metron-platform\metron-common\src\main\java\org\apache\metron\common\utils\errorutils.java@org.apache.metron.common.utils.errorutils.throwruntime(string);False;False;0.996;0.004
metron-platform\metron-common\src\main\java\org\apache\metron\common\utils\errorutils.java@org.apache.metron.common.utils.errorutils.throwruntime(string,optional);False;False;0.9034152775648784;0.09658472243512224
metron-platform\metron-common\src\main\java\org\apache\metron\common\utils\errorutils.java@org.apache.metron.common.utils.errorutils.throwruntime(string,throwable);False;False;0.9034152775648784;0.09658472243512224
metron-platform\metron-common\src\main\java\org\apache\metron\common\utils\hdfsutils.java@org.apache.metron.common.utils.hdfsutils.readfile(configuration,string);False;False;0.9034152775648784;0.09658472243512224
metron-platform\metron-common\src\main\java\org\apache\metron\common\utils\hdfsutils.java@org.apache.metron.common.utils.hdfsutils.readfile(string);False;False;0.956;0.044
metron-platform\metron-common\src\main\java\org\apache\metron\common\utils\hashutils.java@org.apache.metron.common.utils.hashutils.getmessagehash(jsonobject);False;False;0.998;0.002
metron-platform\metron-common\src\main\java\org\apache\metron\common\utils\hashutils.java@org.apache.metron.common.utils.hashutils.getmessagehash(jsonobject,collection);False;False;0.9034152775648784;0.09658472243512224
metron-platform\metron-common\src\main\java\org\apache\metron\common\utils\hashutils.java@org.apache.metron.common.utils.hashutils.getmessagehash(byte[]);False;False;0.9034152775648784;0.09658472243512224
metron-platform\metron-common\src\main\java\org\apache\metron\common\utils\jsonutils.java@org.apache.metron.common.utils.referencesupplier.referencesupplier();False;False;0.9034152775648784;0.09658472243512224
metron-platform\metron-common\src\main\java\org\apache\metron\common\utils\jsonutils.java@org.apache.metron.common.utils.referencesupplier.get();False;False;0.9238999999999999;0.0761
metron-platform\metron-common\src\main\java\org\apache\metron\common\utils\jsonutils.java@org.apache.metron.common.utils.referencesupplier.gettype();False;False;0.6647380952380952;0.3352619047619047
metron-platform\metron-common\src\main\java\org\apache\metron\common\utils\messageutils.java@org.apache.metron.common.utils.messageutils.getsensortype(jsonobject);False;False;1.0;0.0
metron-platform\metron-common\src\main\java\org\apache\metron\common\utils\reflectionutils.java@org.apache.metron.common.utils.reflectionutils.createinstance(class);False;False;0.9034152775648784;0.09658472243512224
metron-platform\metron-common\src\main\java\org\apache\metron\common\utils\reflectionutils.java@org.apache.metron.common.utils.reflectionutils.createinstance(class,class[],object[]);False;False;0.9034152775648784;0.09658472243512224
metron-platform\metron-common\src\main\java\org\apache\metron\common\utils\reflectionutils.java@org.apache.metron.common.utils.reflectionutils.createinstance(string);False;False;0.9034152775648784;0.09658472243512224
metron-platform\metron-common\src\main\java\org\apache\metron\common\utils\reflectionutils.java@org.apache.metron.common.utils.reflectionutils.createinstance(string,class[],object[]);False;False;0.9034152775648784;0.09658472243512224
metron-platform\metron-common\src\main\java\org\apache\metron\common\utils\reflectionutils.java@org.apache.metron.common.utils.reflectionutils.createinstance(string,t);False;False;0.9034152775648784;0.09658472243512224
metron-platform\metron-common\src\main\java\org\apache\metron\common\utils\serdeutils.java@org.apache.metron.common.utils.defaultinstantiatorstrategy.defaultinstantiatorstrategy(instantiatorstrategy);False;False;0.9034152775648784;0.09658472243512224
metron-platform\metron-common\src\main\java\org\apache\metron\common\utils\serdeutils.java@org.apache.metron.common.utils.defaultinstantiatorstrategy.getfallbackinstantiatorstrategy();False;False;0.9034152775648784;0.09658472243512224
metron-platform\metron-common\src\main\java\org\apache\metron\common\utils\serdeutils.java@org.apache.metron.common.utils.defaultinstantiatorstrategy.newinstance();False;False;0.9034152775648784;0.09658472243512224
metron-platform\metron-common\src\main\java\org\apache\metron\common\utils\serdeutils.java@org.apache.metron.common.utils.defaultinstantiatorstrategy.newinstantiatorof(class);False;False;0.9034152775648784;0.09658472243512224
metron-platform\metron-common\src\main\java\org\apache\metron\common\utils\serdeutils.java@org.apache.metron.common.utils.defaultinstantiatorstrategy.setfallbackinstantiatorstrategy(instantiatorstrategy);False;False;0.9034152775648784;0.09658472243512224
metron-platform\metron-common\src\main\java\org\apache\metron\common\utils\serdeutils.java@org.apache.metron.common.utils.deserializer.deserializer(class);False;False;0.9034152775648784;0.09658472243512224
metron-platform\metron-common\src\main\java\org\apache\metron\common\utils\serdeutils.java@org.apache.metron.common.utils.deserializer.apply(byte[]);False;False;0.9034152775648784;0.09658472243512224
metron-platform\metron-common\src\main\java\org\apache\metron\common\utils\serdeutils.java@org.apache.metron.common.utils.serdeutils.defaultinstantiatorstrategy(instantiatorstrategy);False;False;0.9034152775648784;0.09658472243512224
metron-platform\metron-common\src\main\java\org\apache\metron\common\utils\serdeutils.java@org.apache.metron.common.utils.serdeutils.deserializer(class);False;False;0.9034152775648784;0.09658472243512224
metron-platform\metron-common\src\main\java\org\apache\metron\common\utils\serdeutils.java@org.apache.metron.common.utils.serdeutils.apply(object);False;False;0.9034152775648784;0.09658472243512224
metron-platform\metron-common\src\main\java\org\apache\metron\common\utils\serdeutils.java@org.apache.metron.common.utils.serdeutils.apply(byte[]);False;False;0.9034152775648784;0.09658472243512224
metron-platform\metron-common\src\main\java\org\apache\metron\common\utils\serdeutils.java@org.apache.metron.common.utils.serdeutils.frombytes(byte[],class);False;False;0.9034152775648784;0.09658472243512224
metron-platform\metron-common\src\main\java\org\apache\metron\common\utils\serdeutils.java@org.apache.metron.common.utils.serdeutils.getfallbackinstantiatorstrategy();False;False;1.0;0.0
metron-platform\metron-common\src\main\java\org\apache\metron\common\utils\serdeutils.java@org.apache.metron.common.utils.serdeutils.initialvalue();False;False;0.971;0.029
metron-platform\metron-common\src\main\java\org\apache\metron\common\utils\serdeutils.java@org.apache.metron.common.utils.serdeutils.newinstance();False;False;0.9034152775648784;0.09658472243512224
metron-platform\metron-common\src\main\java\org\apache\metron\common\utils\serdeutils.java@org.apache.metron.common.utils.serdeutils.newinstantiatorof(class);False;False;0.9034152775648784;0.09658472243512224
metron-platform\metron-common\src\main\java\org\apache\metron\common\utils\serdeutils.java@org.apache.metron.common.utils.serdeutils.setfallbackinstantiatorstrategy(instantiatorstrategy);False;False;0.99;0.01
metron-platform\metron-common\src\main\java\org\apache\metron\common\utils\serdeutils.java@org.apache.metron.common.utils.serdeutils.tobytes(object);False;False;0.9034152775648784;0.09658472243512224
metron-platform\metron-common\src\main\java\org\apache\metron\common\utils\serdeutils.java@org.apache.metron.common.utils.serializer.apply(object);False;False;1.0;0.0
metron-platform\metron-common\src\main\java\org\apache\metron\common\utils\stringutils.java@org.apache.metron.common.utils.stringutils.join(string,optional);False;False;0.9034152775648784;0.09658472243512224
metron-platform\metron-common\src\main\java\org\apache\metron\common\utils\stringutils.java@org.apache.metron.common.utils.stringutils.striplines(string,int);False;False;0.9034152775648784;0.09658472243512224
metron-platform\metron-common\src\main\java\org\apache\metron\common\utils\cli\optionhandler.java@org.apache.metron.common.utils.cli.optionhandler.createconfig(commandline,opt_t[],class);False;False;0.9034152775648784;0.09658472243512224
metron-platform\metron-common\src\main\java\org\apache\metron\common\utils\cli\optionhandler.java@org.apache.metron.common.utils.cli.optionhandler.getoptions(clioptions[]);False;False;0.9034152775648784;0.09658472243512224
metron-platform\metron-common\src\main\java\org\apache\metron\common\utils\cli\optionhandler.java@org.apache.metron.common.utils.cli.optionhandler.getvalue(opt_t,commandline);False;False;0.9034152775648784;0.09658472243512224
metron-platform\metron-common\src\main\java\org\apache\metron\common\utils\cli\optionhandler.java@org.apache.metron.common.utils.cli.optionhandler.parse(string,commandlineparser,string[],clioptions[],clioptions);False;False;0.9034152775648784;0.09658472243512224
metron-platform\metron-common\src\main\java\org\apache\metron\common\utils\cli\optionhandler.java@org.apache.metron.common.utils.cli.optionhandler.printhelp(string,clioptions[]);False;False;0.9034152775648784;0.09658472243512224
metron-platform\metron-common\src\main\java\org\apache\metron\common\utils\file\readerspliterator.java@org.apache.metron.common.utils.file.consumerwithlookback.accept(string);False;False;0.9034152775648784;0.09658472243512224
metron-platform\metron-common\src\main\java\org\apache\metron\common\utils\file\readerspliterator.java@org.apache.metron.common.utils.file.readerspliterator.readerspliterator(bufferedreader);False;False;0.9034152775648784;0.09658472243512224
metron-platform\metron-common\src\main\java\org\apache\metron\common\utils\file\readerspliterator.java@org.apache.metron.common.utils.file.readerspliterator.readerspliterator(bufferedreader,int);False;False;0.9034152775648784;0.09658472243512224
metron-platform\metron-common\src\main\java\org\apache\metron\common\utils\file\readerspliterator.java@org.apache.metron.common.utils.file.readerspliterator.accept(string);False;False;0.9980337642118435;0.0019662357881558954
metron-platform\metron-common\src\main\java\org\apache\metron\common\utils\file\readerspliterator.java@org.apache.metron.common.utils.file.readerspliterator.characteristics();False;False;0.9989866666666667;0.0010133333333333333
metron-platform\metron-common\src\main\java\org\apache\metron\common\utils\file\readerspliterator.java@org.apache.metron.common.utils.file.readerspliterator.estimatesize();False;False;0.9999606926406926;3.930735930735931e-05
metron-platform\metron-common\src\main\java\org\apache\metron\common\utils\file\readerspliterator.java@org.apache.metron.common.utils.file.readerspliterator.foreachremaining(consumer);False;False;0.9034152775648784;0.09658472243512224
metron-platform\metron-common\src\main\java\org\apache\metron\common\utils\file\readerspliterator.java@org.apache.metron.common.utils.file.readerspliterator.linestream(bufferedreader,int);False;False;0.9034152775648784;0.09658472243512224
metron-platform\metron-common\src\main\java\org\apache\metron\common\utils\file\readerspliterator.java@org.apache.metron.common.utils.file.readerspliterator.linestream(bufferedreader,int,boolean);False;False;0.9034152775648784;0.09658472243512224
metron-platform\metron-common\src\main\java\org\apache\metron\common\utils\file\readerspliterator.java@org.apache.metron.common.utils.file.readerspliterator.tryadvance(consumer);False;False;0.9034152775648784;0.09658472243512224
metron-platform\metron-common\src\main\java\org\apache\metron\common\utils\file\readerspliterator.java@org.apache.metron.common.utils.file.readerspliterator.trysplit();False;False;0.9393476190476191;0.060652380952380944
metron-platform\metron-common\src\main\java\org\apache\metron\common\writer\bulkwriterresponse.java@org.apache.metron.common.writer.bulkwriterresponse.addallerrors(throwable,iterable);False;False;0.9034152775648784;0.09658472243512224
metron-platform\metron-common\src\main\java\org\apache\metron\common\writer\bulkwriterresponse.java@org.apache.metron.common.writer.bulkwriterresponse.addallsuccesses(iterable);False;False;0.9034152775648784;0.09658472243512224
metron-platform\metron-common\src\main\java\org\apache\metron\common\writer\bulkwriterresponse.java@org.apache.metron.common.writer.bulkwriterresponse.adderror(throwable,tuple);False;False;0.9034152775648784;0.09658472243512224
metron-platform\metron-common\src\main\java\org\apache\metron\common\writer\bulkwriterresponse.java@org.apache.metron.common.writer.bulkwriterresponse.addsuccess(tuple);False;False;1.0;0.0
metron-platform\metron-common\src\main\java\org\apache\metron\common\writer\bulkwriterresponse.java@org.apache.metron.common.writer.bulkwriterresponse.equals(object);False;False;0.997;0.003
metron-platform\metron-common\src\main\java\org\apache\metron\common\writer\bulkwriterresponse.java@org.apache.metron.common.writer.bulkwriterresponse.geterrors();False;False;1.0;0.0
metron-platform\metron-common\src\main\java\org\apache\metron\common\writer\bulkwriterresponse.java@org.apache.metron.common.writer.bulkwriterresponse.getsuccesses();False;False;1.0;0.0
metron-platform\metron-common\src\main\java\org\apache\metron\common\writer\bulkwriterresponse.java@org.apache.metron.common.writer.bulkwriterresponse.haserrors();False;False;1.0;0.0
metron-platform\metron-common\src\main\java\org\apache\metron\common\writer\bulkwriterresponse.java@org.apache.metron.common.writer.bulkwriterresponse.hashcode();False;False;0.881963888888889;0.1180361111111111
metron-platform\metron-common\src\main\java\org\apache\metron\common\writer\bulkwriterresponse.java@org.apache.metron.common.writer.bulkwriterresponse.tostring();False;False;1.0;0.0
metron-platform\metron-common\src\main\java\org\apache\metron\common\zookeeper\zkconfigurationscache.java@org.apache.metron.common.zookeeper.zkconfigurationscache.configuredtypes(updatersupplier);False;False;0.9034152775648784;0.09658472243512224
metron-platform\metron-common\src\main\java\org\apache\metron\common\zookeeper\zkconfigurationscache.java@org.apache.metron.common.zookeeper.zkconfigurationscache.zkconfigurationscache(curatorframework);False;False;0.9034152775648784;0.09658472243512224
metron-platform\metron-common\src\main\java\org\apache\metron\common\zookeeper\zkconfigurationscache.java@org.apache.metron.common.zookeeper.zkconfigurationscache.zkconfigurationscache(curatorframework,configuredtypes);False;False;0.9034152775648784;0.09658472243512224
metron-platform\metron-common\src\main\java\org\apache\metron\common\zookeeper\zkconfigurationscache.java@org.apache.metron.common.zookeeper.zkconfigurationscache.zkconfigurationscache(curatorframework,reloadable);False;False;0.9034152775648784;0.09658472243512224
metron-platform\metron-common\src\main\java\org\apache\metron\common\zookeeper\zkconfigurationscache.java@org.apache.metron.common.zookeeper.zkconfigurationscache.zkconfigurationscache(curatorframework,reloadable,configuredtypes);False;False;0.9034152775648784;0.09658472243512224
metron-platform\metron-common\src\main\java\org\apache\metron\common\zookeeper\zkconfigurationscache.java@org.apache.metron.common.zookeeper.zkconfigurationscache.close();False;False;0.9844666666666666;0.015533333333333333
metron-platform\metron-common\src\main\java\org\apache\metron\common\zookeeper\zkconfigurationscache.java@org.apache.metron.common.zookeeper.zkconfigurationscache.create(map,reloadable);False;False;0.9034152775648784;0.09658472243512224
metron-platform\metron-common\src\main\java\org\apache\metron\common\zookeeper\zkconfigurationscache.java@org.apache.metron.common.zookeeper.zkconfigurationscache.createsupplier(class,map);False;False;0.9034152775648784;0.09658472243512224
metron-platform\metron-common\src\main\java\org\apache\metron\common\zookeeper\zkconfigurationscache.java@org.apache.metron.common.zookeeper.zkconfigurationscache.get(class);False;False;0.9034152775648784;0.09658472243512224
metron-platform\metron-common\src\main\java\org\apache\metron\common\zookeeper\zkconfigurationscache.java@org.apache.metron.common.zookeeper.zkconfigurationscache.initializecache(curatorframework);False;False;0.9034152775648784;0.09658472243512224
metron-platform\metron-common\src\main\java\org\apache\metron\common\zookeeper\zkconfigurationscache.java@org.apache.metron.common.zookeeper.zkconfigurationscache.reset();False;False;0.986;0.014
metron-platform\metron-common\src\main\java\org\apache\metron\common\zookeeper\zkconfigurationscache.java@org.apache.metron.common.zookeeper.zkconfigurationscache.start();False;False;1.0;0.0
metron-platform\metron-common\src\main\java\org\apache\metron\common\zookeeper\configurations\configurationsupdater.java@org.apache.metron.common.zookeeper.configurations.configurationsupdater.configurationsupdater(reloadable,supplier);False;False;0.9034152775648784;0.09658472243512224
metron-platform\metron-common\src\main\java\org\apache\metron\common\zookeeper\configurations\configurationsupdater.java@org.apache.metron.common.zookeeper.configurations.configurationsupdater.delete(curatorframework,string,byte[]);False;False;0.9034152775648784;0.09658472243512224
metron-platform\metron-common\src\main\java\org\apache\metron\common\zookeeper\configurations\configurationsupdater.java@org.apache.metron.common.zookeeper.configurations.configurationsupdater.getconfigurations();False;False;1.0;0.0
metron-platform\metron-common\src\main\java\org\apache\metron\common\zookeeper\configurations\configurationsupdater.java@org.apache.metron.common.zookeeper.configurations.configurationsupdater.reloadcallback(string,configurationtype);False;False;0.9034152775648784;0.09658472243512224
metron-platform\metron-common\src\main\java\org\apache\metron\common\zookeeper\configurations\configurationsupdater.java@org.apache.metron.common.zookeeper.configurations.configurationsupdater.update(curatorframework,string,byte[]);False;False;0.9034152775648784;0.09658472243512224
metron-platform\metron-common\src\main\java\org\apache\metron\common\zookeeper\configurations\enrichmentupdater.java@org.apache.metron.common.zookeeper.configurations.enrichmentupdater.enrichmentupdater(reloadable,supplier);False;False;0.9034152775648784;0.09658472243512224
metron-platform\metron-common\src\main\java\org\apache\metron\common\zookeeper\configurations\enrichmentupdater.java@org.apache.metron.common.zookeeper.configurations.enrichmentupdater.defaultconfigurations();False;False;1.0;0.0
metron-platform\metron-common\src\main\java\org\apache\metron\common\zookeeper\configurations\enrichmentupdater.java@org.apache.metron.common.zookeeper.configurations.enrichmentupdater.delete(string);False;False;1.0;0.0
metron-platform\metron-common\src\main\java\org\apache\metron\common\zookeeper\configurations\enrichmentupdater.java@org.apache.metron.common.zookeeper.configurations.enrichmentupdater.forceupdate(curatorframework);False;False;0.9034152775648784;0.09658472243512224
metron-platform\metron-common\src\main\java\org\apache\metron\common\zookeeper\configurations\enrichmentupdater.java@org.apache.metron.common.zookeeper.configurations.enrichmentupdater.getconfigurationclass();False;False;1.0;0.0
metron-platform\metron-common\src\main\java\org\apache\metron\common\zookeeper\configurations\enrichmentupdater.java@org.apache.metron.common.zookeeper.configurations.enrichmentupdater.gettype();False;False;1.0;0.0
metron-platform\metron-common\src\main\java\org\apache\metron\common\zookeeper\configurations\enrichmentupdater.java@org.apache.metron.common.zookeeper.configurations.enrichmentupdater.update(string,byte[]);False;False;0.9034152775648784;0.09658472243512224
metron-platform\metron-common\src\main\java\org\apache\metron\common\zookeeper\configurations\indexingupdater.java@org.apache.metron.common.zookeeper.configurations.indexingupdater.indexingupdater(reloadable,supplier);False;False;0.9034152775648784;0.09658472243512224
metron-platform\metron-common\src\main\java\org\apache\metron\common\zookeeper\configurations\indexingupdater.java@org.apache.metron.common.zookeeper.configurations.indexingupdater.defaultconfigurations();False;False;1.0;0.0
metron-platform\metron-common\src\main\java\org\apache\metron\common\zookeeper\configurations\indexingupdater.java@org.apache.metron.common.zookeeper.configurations.indexingupdater.delete(string);False;False;1.0;0.0
metron-platform\metron-common\src\main\java\org\apache\metron\common\zookeeper\configurations\indexingupdater.java@org.apache.metron.common.zookeeper.configurations.indexingupdater.forceupdate(curatorframework);False;False;0.9034152775648784;0.09658472243512224
metron-platform\metron-common\src\main\java\org\apache\metron\common\zookeeper\configurations\indexingupdater.java@org.apache.metron.common.zookeeper.configurations.indexingupdater.getconfigurationclass();False;False;1.0;0.0
metron-platform\metron-common\src\main\java\org\apache\metron\common\zookeeper\configurations\indexingupdater.java@org.apache.metron.common.zookeeper.configurations.indexingupdater.gettype();False;False;1.0;0.0
metron-platform\metron-common\src\main\java\org\apache\metron\common\zookeeper\configurations\indexingupdater.java@org.apache.metron.common.zookeeper.configurations.indexingupdater.update(string,byte[]);False;False;0.9034152775648784;0.09658472243512224
metron-platform\metron-common\src\main\java\org\apache\metron\common\zookeeper\configurations\parserupdater.java@org.apache.metron.common.zookeeper.configurations.parserupdater.parserupdater(reloadable,supplier);False;False;0.9034152775648784;0.09658472243512224
metron-platform\metron-common\src\main\java\org\apache\metron\common\zookeeper\configurations\parserupdater.java@org.apache.metron.common.zookeeper.configurations.parserupdater.defaultconfigurations();False;False;1.0;0.0
metron-platform\metron-common\src\main\java\org\apache\metron\common\zookeeper\configurations\parserupdater.java@org.apache.metron.common.zookeeper.configurations.parserupdater.delete(string);False;False;1.0;0.0
metron-platform\metron-common\src\main\java\org\apache\metron\common\zookeeper\configurations\parserupdater.java@org.apache.metron.common.zookeeper.configurations.parserupdater.forceupdate(curatorframework);False;False;0.9034152775648784;0.09658472243512224
metron-platform\metron-common\src\main\java\org\apache\metron\common\zookeeper\configurations\parserupdater.java@org.apache.metron.common.zookeeper.configurations.parserupdater.getconfigurationclass();False;False;1.0;0.0
metron-platform\metron-common\src\main\java\org\apache\metron\common\zookeeper\configurations\parserupdater.java@org.apache.metron.common.zookeeper.configurations.parserupdater.gettype();False;False;1.0;0.0
metron-platform\metron-common\src\main\java\org\apache\metron\common\zookeeper\configurations\parserupdater.java@org.apache.metron.common.zookeeper.configurations.parserupdater.update(string,byte[]);False;False;0.9034152775648784;0.09658472243512224
metron-platform\metron-common\src\main\java\org\apache\metron\common\zookeeper\configurations\profilerupdater.java@org.apache.metron.common.zookeeper.configurations.profilerupdater.profilerupdater(reloadable,supplier);False;False;0.9034152775648784;0.09658472243512224
metron-platform\metron-common\src\main\java\org\apache\metron\common\zookeeper\configurations\profilerupdater.java@org.apache.metron.common.zookeeper.configurations.profilerupdater.defaultconfigurations();False;False;1.0;0.0
metron-platform\metron-common\src\main\java\org\apache\metron\common\zookeeper\configurations\profilerupdater.java@org.apache.metron.common.zookeeper.configurations.profilerupdater.delete(string);False;False;1.0;0.0
metron-platform\metron-common\src\main\java\org\apache\metron\common\zookeeper\configurations\profilerupdater.java@org.apache.metron.common.zookeeper.configurations.profilerupdater.forceupdate(curatorframework);False;False;0.9034152775648784;0.09658472243512224
metron-platform\metron-common\src\main\java\org\apache\metron\common\zookeeper\configurations\profilerupdater.java@org.apache.metron.common.zookeeper.configurations.profilerupdater.getconfigurationclass();False;False;0.998;0.002
metron-platform\metron-common\src\main\java\org\apache\metron\common\zookeeper\configurations\profilerupdater.java@org.apache.metron.common.zookeeper.configurations.profilerupdater.gettype();False;False;1.0;0.0
metron-platform\metron-common\src\main\java\org\apache\metron\common\zookeeper\configurations\profilerupdater.java@org.apache.metron.common.zookeeper.configurations.profilerupdater.readfromzookeeper(curatorframework);False;False;0.9985;0.0015
metron-platform\metron-common\src\main\java\org\apache\metron\common\zookeeper\configurations\profilerupdater.java@org.apache.metron.common.zookeeper.configurations.profilerupdater.update(string,byte[]);False;False;0.9034152775648784;0.09658472243512224
metron-platform\metron-common\src\test\java\org\apache\metron\common\aggregatorstest.java@org.apache.metron.common.aggregatorstest.testmax();False;False;0.989;0.011
metron-platform\metron-common\src\test\java\org\apache\metron\common\aggregatorstest.java@org.apache.metron.common.aggregatorstest.testmean();False;False;0.994;0.006
metron-platform\metron-common\src\test\java\org\apache\metron\common\aggregatorstest.java@org.apache.metron.common.aggregatorstest.testmin();False;False;0.995;0.005
metron-platform\metron-common\src\test\java\org\apache\metron\common\aggregatorstest.java@org.apache.metron.common.aggregatorstest.testminallpositive();False;False;0.998;0.002
metron-platform\metron-common\src\test\java\org\apache\metron\common\aggregatorstest.java@org.apache.metron.common.aggregatorstest.testpositivemean();False;False;0.994;0.006
metron-platform\metron-common\src\test\java\org\apache\metron\common\aggregatorstest.java@org.apache.metron.common.aggregatorstest.testsum();False;False;0.994;0.006
metron-platform\metron-common\src\test\java\org\apache\metron\common\bolt\baseconfiguredbolttest.java@org.apache.metron.common.bolt.baseconfiguredbolttest.waitforconfigupdate(set);False;False;0.9034152775648784;0.09658472243512224
metron-platform\metron-common\src\test\java\org\apache\metron\common\bolt\baseconfiguredbolttest.java@org.apache.metron.common.bolt.baseconfiguredbolttest.waitforconfigupdate(string);False;False;0.998;0.002
metron-platform\metron-common\src\test\java\org\apache\metron\common\bolt\configuredenrichmentbolttest.java@org.apache.metron.common.bolt.configuredenrichmentbolttest.standaloneconfiguredenrichmentbolt(string);False;False;0.9034152775648784;0.09658472243512224
metron-platform\metron-common\src\test\java\org\apache\metron\common\bolt\configuredenrichmentbolttest.java@org.apache.metron.common.bolt.configuredenrichmentbolttest.reloadcallback(string,configurationtype);False;False;0.9034152775648784;0.09658472243512224
metron-platform\metron-common\src\test\java\org\apache\metron\common\bolt\configuredenrichmentbolttest.java@org.apache.metron.common.bolt.configuredenrichmentbolttest.setupconfiguration();False;False;0.988;0.012
metron-platform\metron-common\src\test\java\org\apache\metron\common\bolt\configuredenrichmentbolttest.java@org.apache.metron.common.bolt.configuredenrichmentbolttest.test();False;False;0.9034152775648784;0.09658472243512224
metron-platform\metron-common\src\test\java\org\apache\metron\common\bolt\configuredenrichmentbolttest.java@org.apache.metron.common.bolt.standaloneconfiguredenrichmentbolt.standaloneconfiguredenrichmentbolt(string);False;False;0.9034152775648784;0.09658472243512224
metron-platform\metron-common\src\test\java\org\apache\metron\common\bolt\configuredenrichmentbolttest.java@org.apache.metron.common.bolt.standaloneconfiguredenrichmentbolt.reloadcallback(string,configurationtype);False;False;0.9034152775648784;0.09658472243512224
metron-platform\metron-common\src\test\java\org\apache\metron\common\bolt\configuredparserbolttest.java@org.apache.metron.common.bolt.configuredparserbolttest.standaloneconfiguredparserbolt(string);True;False;0.9034152775648784;0.09658472243512224
metron-platform\metron-common\src\test\java\org\apache\metron\common\bolt\configuredparserbolttest.java@org.apache.metron.common.bolt.configuredparserbolttest.reloadcallback(string,configurationtype);False;False;0.9034152775648784;0.09658472243512224
metron-platform\metron-common\src\test\java\org\apache\metron\common\bolt\configuredparserbolttest.java@org.apache.metron.common.bolt.configuredparserbolttest.setupconfiguration();False;False;0.988;0.012
metron-platform\metron-common\src\test\java\org\apache\metron\common\bolt\configuredparserbolttest.java@org.apache.metron.common.bolt.configuredparserbolttest.test();False;False;0.9034152775648784;0.09658472243512224
metron-platform\metron-common\src\test\java\org\apache\metron\common\bolt\configuredparserbolttest.java@org.apache.metron.common.bolt.standaloneconfiguredparserbolt.standaloneconfiguredparserbolt(string);True;False;0.9034152775648784;0.09658472243512224
metron-platform\metron-common\src\test\java\org\apache\metron\common\bolt\configuredparserbolttest.java@org.apache.metron.common.bolt.standaloneconfiguredparserbolt.reloadcallback(string,configurationtype);False;False;0.9034152775648784;0.09658472243512224
metron-platform\metron-common\src\test\java\org\apache\metron\common\cli\configurationmanagerintegrationtest.java@org.apache.metron.common.cli.configurationmanagerintegrationtest.cleandir(file);False;False;0.9034152775648784;0.09658472243512224
metron-platform\metron-common\src\test\java\org\apache\metron\common\cli\configurationmanagerintegrationtest.java@org.apache.metron.common.cli.configurationmanagerintegrationtest.dumpconfigs(configurationtype);False;False;1.0;0.0
metron-platform\metron-common\src\test\java\org\apache\metron\common\cli\configurationmanagerintegrationtest.java@org.apache.metron.common.cli.configurationmanagerintegrationtest.dumpconfigs(configurationtype,optional);False;False;0.9034152775648784;0.09658472243512224
metron-platform\metron-common\src\test\java\org\apache\metron\common\cli\configurationmanagerintegrationtest.java@org.apache.metron.common.cli.configurationmanagerintegrationtest.patchconfigs(configurationtype,optional,optional,optional,optional,optional);False;False;0.9034152775648784;0.09658472243512224
metron-platform\metron-common\src\test\java\org\apache\metron\common\cli\configurationmanagerintegrationtest.java@org.apache.metron.common.cli.configurationmanagerintegrationtest.pullconfigs(boolean);False;False;0.989;0.011
metron-platform\metron-common\src\test\java\org\apache\metron\common\cli\configurationmanagerintegrationtest.java@org.apache.metron.common.cli.configurationmanagerintegrationtest.pushallconfigs();False;False;1.0;0.0
metron-platform\metron-common\src\test\java\org\apache\metron\common\cli\configurationmanagerintegrationtest.java@org.apache.metron.common.cli.configurationmanagerintegrationtest.pushallconfigs(string);False;False;0.921;0.079
metron-platform\metron-common\src\test\java\org\apache\metron\common\cli\configurationmanagerintegrationtest.java@org.apache.metron.common.cli.configurationmanagerintegrationtest.pushconfigs(configurationtype,file);False;False;0.9034152775648784;0.09658472243512224
metron-platform\metron-common\src\test\java\org\apache\metron\common\cli\configurationmanagerintegrationtest.java@org.apache.metron.common.cli.configurationmanagerintegrationtest.pushconfigs(configurationtype,file,optional);False;False;0.9034152775648784;0.09658472243512224
metron-platform\metron-common\src\test\java\org\apache\metron\common\cli\configurationmanagerintegrationtest.java@org.apache.metron.common.cli.configurationmanagerintegrationtest.redirectsystemout(string[],redirectcallback);False;False;0.9034152775648784;0.09658472243512224
metron-platform\metron-common\src\test\java\org\apache\metron\common\cli\configurationmanagerintegrationtest.java@org.apache.metron.common.cli.configurationmanagerintegrationtest.setup();False;False;0.985;0.015
metron-platform\metron-common\src\test\java\org\apache\metron\common\cli\configurationmanagerintegrationtest.java@org.apache.metron.common.cli.configurationmanagerintegrationtest.teardown();False;False;0.996;0.004
metron-platform\metron-common\src\test\java\org\apache\metron\common\cli\configurationmanagerintegrationtest.java@org.apache.metron.common.cli.configurationmanagerintegrationtest.testpatchglobalfromcomplexkeyvalue();False;False;0.999;0.001
metron-platform\metron-common\src\test\java\org\apache\metron\common\cli\configurationmanagerintegrationtest.java@org.apache.metron.common.cli.configurationmanagerintegrationtest.testpatchglobalfromfile();False;False;1.0;0.0
metron-platform\metron-common\src\test\java\org\apache\metron\common\cli\configurationmanagerintegrationtest.java@org.apache.metron.common.cli.configurationmanagerintegrationtest.testpatchparserfromfile();False;False;1.0;0.0
metron-platform\metron-common\src\test\java\org\apache\metron\common\cli\configurationmanagerintegrationtest.java@org.apache.metron.common.cli.configurationmanagerintegrationtest.testpatchparserfromkeyvalue();False;False;0.999;0.001
metron-platform\metron-common\src\test\java\org\apache\metron\common\cli\configurationmanagerintegrationtest.java@org.apache.metron.common.cli.configurationmanagerintegrationtest.testpatchparserwithbadconfig();False;False;0.991;0.009
metron-platform\metron-common\src\test\java\org\apache\metron\common\cli\configurationmanagerintegrationtest.java@org.apache.metron.common.cli.configurationmanagerintegrationtest.testpatchprofilerwithbadconfig();False;False;0.989;0.011
metron-platform\metron-common\src\test\java\org\apache\metron\common\cli\configurationmanagerintegrationtest.java@org.apache.metron.common.cli.configurationmanagerintegrationtest.testpull();False;False;0.9034152775648784;0.09658472243512224
metron-platform\metron-common\src\test\java\org\apache\metron\common\cli\configurationmanagerintegrationtest.java@org.apache.metron.common.cli.configurationmanagerintegrationtest.testpushall();False;False;0.9034152775648784;0.09658472243512224
metron-platform\metron-common\src\test\java\org\apache\metron\common\cli\configurationmanagerintegrationtest.java@org.apache.metron.common.cli.configurationmanagerintegrationtest.testpushallwithbadconfig();False;False;0.996;0.004
metron-platform\metron-common\src\test\java\org\apache\metron\common\cli\configurationmanagerintegrationtest.java@org.apache.metron.common.cli.configurationmanagerintegrationtest.testpushenrichment();False;False;1.0;0.0
metron-platform\metron-common\src\test\java\org\apache\metron\common\cli\configurationmanagerintegrationtest.java@org.apache.metron.common.cli.configurationmanagerintegrationtest.testpushenrichmentwithbadconfig();False;False;0.999;0.001
metron-platform\metron-common\src\test\java\org\apache\metron\common\cli\configurationmanagerintegrationtest.java@org.apache.metron.common.cli.configurationmanagerintegrationtest.testpushglobal();False;False;0.998;0.002
metron-platform\metron-common\src\test\java\org\apache\metron\common\cli\configurationmanagerintegrationtest.java@org.apache.metron.common.cli.configurationmanagerintegrationtest.testpushglobalwithbadconfig();False;False;0.985;0.015
metron-platform\metron-common\src\test\java\org\apache\metron\common\cli\configurationmanagerintegrationtest.java@org.apache.metron.common.cli.configurationmanagerintegrationtest.testpushindexing();False;False;1.0;0.0
metron-platform\metron-common\src\test\java\org\apache\metron\common\cli\configurationmanagerintegrationtest.java@org.apache.metron.common.cli.configurationmanagerintegrationtest.testpushindexingwithbadconfig();False;False;0.999;0.001
metron-platform\metron-common\src\test\java\org\apache\metron\common\cli\configurationmanagerintegrationtest.java@org.apache.metron.common.cli.configurationmanagerintegrationtest.testpushparser();False;False;1.0;0.0
metron-platform\metron-common\src\test\java\org\apache\metron\common\cli\configurationmanagerintegrationtest.java@org.apache.metron.common.cli.configurationmanagerintegrationtest.testpushparserwithbadconfig();False;False;0.999;0.001
metron-platform\metron-common\src\test\java\org\apache\metron\common\cli\configurationmanagerintegrationtest.java@org.apache.metron.common.cli.configurationmanagerintegrationtest.testpushprofiler();False;False;0.995;0.005
metron-platform\metron-common\src\test\java\org\apache\metron\common\cli\configurationmanagerintegrationtest.java@org.apache.metron.common.cli.configurationmanagerintegrationtest.testpushprofilerwithbadconfig();False;False;0.995;0.005
metron-platform\metron-common\src\test\java\org\apache\metron\common\cli\configurationmanagerintegrationtest.java@org.apache.metron.common.cli.configurationmanagerintegrationtest.validateconfig(string,configurationtype,string);False;False;0.9034152775648784;0.09658472243512224
metron-platform\metron-common\src\test\java\org\apache\metron\common\cli\configurationmanagerintegrationtest.java@org.apache.metron.common.cli.configurationmanagerintegrationtest.validateconfigsondisk(file);False;False;0.988;0.012
metron-platform\metron-common\src\test\java\org\apache\metron\common\cli\configurationmanagerintegrationtest.java@org.apache.metron.common.cli.configurationmanagerintegrationtest.visit(configurationtype,string,string);False;False;0.9034152775648784;0.09658472243512224
metron-platform\metron-common\src\test\java\org\apache\metron\common\configuration\configurationtest.java@org.apache.metron.common.configuration.configurationtest.checkresult(configuration);False;False;0.997;0.003
metron-platform\metron-common\src\test\java\org\apache\metron\common\configuration\configurationtest.java@org.apache.metron.common.configuration.configurationtest.mockglobaldata();False;False;0.987;0.013
metron-platform\metron-common\src\test\java\org\apache\metron\common\configuration\configurationtest.java@org.apache.metron.common.configuration.configurationtest.testcanreadfromfile();False;False;0.988;0.012
metron-platform\metron-common\src\test\java\org\apache\metron\common\configuration\configurationtest.java@org.apache.metron.common.configuration.configurationtest.testcanreadfromzookeeper();False;False;0.998;0.002
metron-platform\metron-common\src\test\java\org\apache\metron\common\configuration\configurationstest.java@org.apache.metron.common.configuration.configurationstest.test();False;False;0.9034152775648784;0.09658472243512224
metron-platform\metron-common\src\test\java\org\apache\metron\common\configuration\configurationsutilstest.java@org.apache.metron.common.configuration.configurationsutilstest.modifiedglobalconfiguration();False;False;0.9926666666666666;0.007333333333333333
metron-platform\metron-common\src\test\java\org\apache\metron\common\configuration\configurationsutilstest.java@org.apache.metron.common.configuration.configurationsutilstest.modifiessingleparserconfiguration();False;False;1.0;0.0
metron-platform\metron-common\src\test\java\org\apache\metron\common\configuration\configurationsutilstest.java@org.apache.metron.common.configuration.configurationsutilstest.patchesglobalconfigurationviapatchjson();False;False;0.984;0.016
metron-platform\metron-common\src\test\java\org\apache\metron\common\configuration\configurationsutilstest.java@org.apache.metron.common.configuration.configurationsutilstest.patchesparserconfigurationviapatchjson();False;False;1.0;0.0
metron-platform\metron-common\src\test\java\org\apache\metron\common\configuration\configurationsutilstest.java@org.apache.metron.common.configuration.configurationsutilstest.setup();False;False;0.9816;0.0184
metron-platform\metron-common\src\test\java\org\apache\metron\common\configuration\configurationsutilstest.java@org.apache.metron.common.configuration.configurationsutilstest.teardown();False;False;0.996;0.004
metron-platform\metron-common\src\test\java\org\apache\metron\common\configuration\configurationsutilstest.java@org.apache.metron.common.configuration.configurationsutilstest.test();False;False;0.9935;0.0065
metron-platform\metron-common\src\test\java\org\apache\metron\common\configuration\enrichmentconfigtest.java@org.apache.metron.common.configuration.enrichmentconfigtest.testserialization();False;False;0.9863166666666666;0.013683333333333334
metron-platform\metron-common\src\test\java\org\apache\metron\common\configuration\sensorenrichmentconfigtest.java@org.apache.metron.common.configuration.sensorenrichmentconfigtest.test();False;False;0.988;0.012
metron-platform\metron-common\src\test\java\org\apache\metron\common\configuration\sensorenrichmentconfigtest.java@org.apache.metron.common.configuration.sensorenrichmentconfigtest.testserde();False;False;0.9424166666666668;0.05758333333333333
metron-platform\metron-common\src\test\java\org\apache\metron\common\configuration\sensorenrichmentupdateconfigtest.java@org.apache.metron.common.configuration.sensorenrichmentupdateconfigtest.persistconfig(string,sensorenrichmentconfig);False;False;0.9034152775648784;0.09658472243512224
metron-platform\metron-common\src\test\java\org\apache\metron\common\configuration\sensorenrichmentupdateconfigtest.java@org.apache.metron.common.configuration.sensorenrichmentupdateconfigtest.readconfig(string);False;False;0.997;0.003
metron-platform\metron-common\src\test\java\org\apache\metron\common\configuration\sensorenrichmentupdateconfigtest.java@org.apache.metron.common.configuration.sensorenrichmentupdateconfigtest.testenrichment();False;False;0.9034152775648784;0.09658472243512224
metron-platform\metron-common\src\test\java\org\apache\metron\common\configuration\sensorenrichmentupdateconfigtest.java@org.apache.metron.common.configuration.sensorenrichmentupdateconfigtest.testthreatintel();False;False;0.9034152775648784;0.09658472243512224
metron-platform\metron-common\src\test\java\org\apache\metron\common\configuration\sensorparserconfigtest.java@org.apache.metron.common.configuration.sensorparserconfigtest.testserde();False;False;0.97375;0.02625
metron-platform\metron-common\src\test\java\org\apache\metron\common\configuration\stellarenrichmentconfigtest.java@org.apache.metron.common.configuration.stellarenrichmentconfigtest.testgetsubgroups_default();False;False;0.99775;0.00225
metron-platform\metron-common\src\test\java\org\apache\metron\common\configuration\stellarenrichmentconfigtest.java@org.apache.metron.common.configuration.stellarenrichmentconfigtest.testgetsubgroups_grouped();False;False;0.9985;0.0015
metron-platform\metron-common\src\test\java\org\apache\metron\common\configuration\stellarenrichmentconfigtest.java@org.apache.metron.common.configuration.stellarenrichmentconfigtest.testgetsubgroups_mixed();False;False;0.999;0.001
metron-platform\metron-common\src\test\java\org\apache\metron\common\configuration\stellarenrichmentconfigtest.java@org.apache.metron.common.configuration.stellarenrichmentconfigtest.testsplitter_default();False;False;0.998;0.002
metron-platform\metron-common\src\test\java\org\apache\metron\common\configuration\stellarenrichmentconfigtest.java@org.apache.metron.common.configuration.stellarenrichmentconfigtest.testsplitter_grouped();False;False;1.0;0.0
metron-platform\metron-common\src\test\java\org\apache\metron\common\configuration\stellarenrichmentconfigtest.java@org.apache.metron.common.configuration.stellarenrichmentconfigtest.testsplitter_listwithtemporaryvariables();False;False;0.992;0.008
metron-platform\metron-common\src\test\java\org\apache\metron\common\configuration\stellarenrichmentconfigtest.java@org.apache.metron.common.configuration.stellarenrichmentconfigtest.testsplitter_mixed();False;False;1.0;0.0
metron-platform\metron-common\src\test\java\org\apache\metron\common\configuration\stellarenrichmenttest.java@org.apache.metron.common.configuration.stellarenrichmenttest.getmessage();False;False;0.9371309523809523;0.06286904761904763
metron-platform\metron-common\src\test\java\org\apache\metron\common\configuration\profiler\profileconfigtest.java@org.apache.metron.common.configuration.profiler.profileconfigtest.testfromjsonwithforeachmissing();False;False;0.928;0.072
metron-platform\metron-common\src\test\java\org\apache\metron\common\configuration\profiler\profileconfigtest.java@org.apache.metron.common.configuration.profiler.profileconfigtest.testfromjsonwithnamemissing();False;False;0.843;0.157
metron-platform\metron-common\src\test\java\org\apache\metron\common\configuration\profiler\profileconfigtest.java@org.apache.metron.common.configuration.profiler.profileconfigtest.testfromjsonwithonlyifdefault();False;False;0.641;0.359
metron-platform\metron-common\src\test\java\org\apache\metron\common\configuration\profiler\profileconfigtest.java@org.apache.metron.common.configuration.profiler.profileconfigtest.testfromjsonwithresultmissing();False;False;0.928;0.072
metron-platform\metron-common\src\test\java\org\apache\metron\common\configuration\profiler\profileconfigtest.java@org.apache.metron.common.configuration.profiler.profileconfigtest.testfromjsonwithresultmissingprofileexpression();False;False;0.873;0.127
metron-platform\metron-common\src\test\java\org\apache\metron\common\configuration\profiler\profileconfigtest.java@org.apache.metron.common.configuration.profiler.profileconfigtest.testfromjsonwithresultwithexpression();False;False;0.59405;0.40595
metron-platform\metron-common\src\test\java\org\apache\metron\common\configuration\profiler\profileconfigtest.java@org.apache.metron.common.configuration.profiler.profileconfigtest.testfromjsonwithresultwithprofileonly();False;False;0.6502166666666667;0.3497833333333333
metron-platform\metron-common\src\test\java\org\apache\metron\common\configuration\profiler\profileconfigtest.java@org.apache.metron.common.configuration.profiler.profileconfigtest.testfromjsonwithresultwithtriage();False;False;0.728;0.272
metron-platform\metron-common\src\test\java\org\apache\metron\common\configuration\profiler\profileconfigtest.java@org.apache.metron.common.configuration.profiler.profileconfigtest.testtojsonwithonlyifdefault();False;False;0.9955;0.0045
metron-platform\metron-common\src\test\java\org\apache\metron\common\configuration\profiler\profileconfigtest.java@org.apache.metron.common.configuration.profiler.profileconfigtest.testtojsonwithprofileonly();False;False;0.9955;0.0045
metron-platform\metron-common\src\test\java\org\apache\metron\common\configuration\profiler\profileconfigtest.java@org.apache.metron.common.configuration.profiler.profileconfigtest.testtojsonwithresultwithexpression();False;False;0.9955;0.0045
metron-platform\metron-common\src\test\java\org\apache\metron\common\configuration\profiler\profileconfigtest.java@org.apache.metron.common.configuration.profiler.profileconfigtest.testtojsonwithresultwithtriage();False;False;0.9955;0.0045
metron-platform\metron-common\src\test\java\org\apache\metron\common\configuration\profiler\profilerconfigtest.java@org.apache.metron.common.configuration.profiler.profilerconfigtest.testfromjson();False;False;0.7891166666666667;0.21088333333333337
metron-platform\metron-common\src\test\java\org\apache\metron\common\configuration\profiler\profilerconfigtest.java@org.apache.metron.common.configuration.profiler.profilerconfigtest.testfromjsontwoprofiles();False;False;0.8608166666666665;0.1391833333333333
metron-platform\metron-common\src\test\java\org\apache\metron\common\configuration\profiler\profilerconfigtest.java@org.apache.metron.common.configuration.profiler.profilerconfigtest.testfromjsonwithnotimestampfield();False;False;0.97225;0.02775
metron-platform\metron-common\src\test\java\org\apache\metron\common\configuration\profiler\profilerconfigtest.java@org.apache.metron.common.configuration.profiler.profilerconfigtest.testfromjsonwithtimestampfield();False;False;0.97325;0.02675
metron-platform\metron-common\src\test\java\org\apache\metron\common\configuration\profiler\profilerconfigtest.java@org.apache.metron.common.configuration.profiler.profilerconfigtest.testjavaserialization();False;False;0.968;0.032
metron-platform\metron-common\src\test\java\org\apache\metron\common\configuration\profiler\profilerconfigtest.java@org.apache.metron.common.configuration.profiler.profilerconfigtest.testkryoserialization();True;False;0.9845;0.0155
metron-platform\metron-common\src\test\java\org\apache\metron\common\configuration\profiler\profilerconfigtest.java@org.apache.metron.common.configuration.profiler.profilerconfigtest.testtojson();False;False;0.994;0.006
metron-platform\metron-common\src\test\java\org\apache\metron\common\configuration\profiler\profilerconfigtest.java@org.apache.metron.common.configuration.profiler.profilerconfigtest.testtojsonwithtriageexpression();False;False;0.9947999999999999;0.0052
metron-platform\metron-common\src\test\java\org\apache\metron\common\configuration\profiler\profilerconfigtest.java@org.apache.metron.common.configuration.profiler.profilerconfigtest.testtojsonwithtwoprofiles();False;False;0.9947999999999999;0.0052
metron-platform\metron-common\src\test\java\org\apache\metron\common\configuration\writer\indexingwriterconfigurationtest.java@org.apache.metron.common.configuration.writer.indexingwriterconfigurationtest.testdefaultbatchsize();False;False;0.9034152775648784;0.09658472243512224
metron-platform\metron-common\src\test\java\org\apache\metron\common\configuration\writer\indexingwriterconfigurationtest.java@org.apache.metron.common.configuration.writer.indexingwriterconfigurationtest.testdefaultbatchtimeout();False;False;0.9034152775648784;0.09658472243512224
metron-platform\metron-common\src\test\java\org\apache\metron\common\configuration\writer\indexingwriterconfigurationtest.java@org.apache.metron.common.configuration.writer.indexingwriterconfigurationtest.testdefaultindex();False;False;0.9034152775648784;0.09658472243512224
metron-platform\metron-common\src\test\java\org\apache\metron\common\configuration\writer\indexingwriterconfigurationtest.java@org.apache.metron.common.configuration.writer.indexingwriterconfigurationtest.testgetallconfiguredtimeouts();False;False;0.9034152775648784;0.09658472243512224
metron-platform\metron-common\src\test\java\org\apache\metron\common\configuration\writer\parserwriterconfigurationtest.java@org.apache.metron.common.configuration.writer.parserwriterconfigurationtest.pulls_writer_configuration_from_parserconfig();True;False;0.9034152775648784;0.09658472243512224
metron-platform\metron-common\src\test\java\org\apache\metron\common\configuration\writer\parserwriterconfigurationtest.java@org.apache.metron.common.configuration.writer.parserwriterconfigurationtest.testdefaultbatchsize();False;False;0.9034152775648784;0.09658472243512224
metron-platform\metron-common\src\test\java\org\apache\metron\common\configuration\writer\parserwriterconfigurationtest.java@org.apache.metron.common.configuration.writer.parserwriterconfigurationtest.testdefaultindex();False;False;0.9034152775648784;0.09658472243512224
metron-platform\metron-common\src\test\java\org\apache\metron\common\error\metronerrortest.java@org.apache.metron.common.error.metronerrortest.getjsonobjectshouldhandlethrowable();False;False;1.0;0.0
metron-platform\metron-common\src\test\java\org\apache\metron\common\error\metronerrortest.java@org.apache.metron.common.error.metronerrortest.getjsonobjectshouldincludeerrorfields();False;False;0.993;0.007
metron-platform\metron-common\src\test\java\org\apache\metron\common\error\metronerrortest.java@org.apache.metron.common.error.metronerrortest.getjsonobjectshouldincluderawmessages();False;False;1.0;0.0
metron-platform\metron-common\src\test\java\org\apache\metron\common\error\metronerrortest.java@org.apache.metron.common.error.metronerrortest.getjsonobjectshouldreturnbasicinformation();True;False;0.9034152775648784;0.09658472243512224
metron-platform\metron-common\src\test\java\org\apache\metron\common\error\metronerrortest.java@org.apache.metron.common.error.metronerrortest.setup();False;False;0.996;0.004
metron-platform\metron-common\src\test\java\org\apache\metron\common\field\dedotfieldnameconvertertest.java@org.apache.metron.common.field.dedotfieldnameconvertertest.testnocolons();False;False;0.999;0.001
metron-platform\metron-common\src\test\java\org\apache\metron\common\field\dedotfieldnameconvertertest.java@org.apache.metron.common.field.dedotfieldnameconvertertest.testwithcolons();False;False;0.978;0.022
metron-platform\metron-common\src\test\java\org\apache\metron\common\field\fieldnameconverterstest.java@org.apache.metron.common.field.fieldnameconverterstest.createconfig(string,string,string);False;False;0.9034152775648784;0.09658472243512224
metron-platform\metron-common\src\test\java\org\apache\metron\common\field\fieldnameconverterstest.java@org.apache.metron.common.field.fieldnameconverterstest.testconfigchange();False;False;0.9853333333333334;0.014666666666666666
metron-platform\metron-common\src\test\java\org\apache\metron\common\field\fieldnameconverterstest.java@org.apache.metron.common.field.fieldnameconverterstest.testcreateblank();False;False;0.965;0.035
metron-platform\metron-common\src\test\java\org\apache\metron\common\field\fieldnameconverterstest.java@org.apache.metron.common.field.fieldnameconverterstest.testcreatededot();False;False;0.975;0.025
metron-platform\metron-common\src\test\java\org\apache\metron\common\field\fieldnameconverterstest.java@org.apache.metron.common.field.fieldnameconverterstest.testcreatedefault();False;False;0.965;0.035
metron-platform\metron-common\src\test\java\org\apache\metron\common\field\fieldnameconverterstest.java@org.apache.metron.common.field.fieldnameconverterstest.testcreateinvalid();False;False;0.96;0.04
metron-platform\metron-common\src\test\java\org\apache\metron\common\field\fieldnameconverterstest.java@org.apache.metron.common.field.fieldnameconverterstest.testcreatenoop();False;False;0.973;0.027
metron-platform\metron-common\src\test\java\org\apache\metron\common\field\transformation\fieldtransformationtest.java@org.apache.metron.common.field.transformation.fieldtransformationtest.map(map,list,linkedhashmap,context,map);False;False;0.9034152775648784;0.09658472243512224
metron-platform\metron-common\src\test\java\org\apache\metron\common\field\transformation\fieldtransformationtest.java@org.apache.metron.common.field.transformation.fieldtransformationtest.testcomplexmapping();False;False;0.998;0.002
metron-platform\metron-common\src\test\java\org\apache\metron\common\field\transformation\fieldtransformationtest.java@org.apache.metron.common.field.transformation.fieldtransformationtest.testinvalidserde_missingmapping();False;False;0.999;0.001
metron-platform\metron-common\src\test\java\org\apache\metron\common\field\transformation\fieldtransformationtest.java@org.apache.metron.common.field.transformation.fieldtransformationtest.testsimplemapping();False;False;0.994;0.006
metron-platform\metron-common\src\test\java\org\apache\metron\common\field\transformation\fieldtransformationtest.java@org.apache.metron.common.field.transformation.fieldtransformationtest.testvalidserde_simple();False;False;0.9733690476190477;0.026630952380952384
metron-platform\metron-common\src\test\java\org\apache\metron\common\field\transformation\fieldtransformationtest.java@org.apache.metron.common.field.transformation.testtransformation.map(map,list,linkedhashmap,context,map);False;False;0.9034152775648784;0.09658472243512224
metron-platform\metron-common\src\test\java\org\apache\metron\common\field\transformation\removetransformationtest.java@org.apache.metron.common.field.transformation.removetransformationtest.testconditionalremove();False;False;0.999;0.001
metron-platform\metron-common\src\test\java\org\apache\metron\common\field\transformation\removetransformationtest.java@org.apache.metron.common.field.transformation.removetransformationtest.testunconditionalremove();False;False;0.988;0.012
metron-platform\metron-common\src\test\java\org\apache\metron\common\field\transformation\renametransformationtest.java@org.apache.metron.common.field.transformation.renametransformationtest.renamemissingfield();False;False;0.9586142857142855;0.04138571428571429
metron-platform\metron-common\src\test\java\org\apache\metron\common\field\transformation\renametransformationtest.java@org.apache.metron.common.field.transformation.renametransformationtest.smoketest();False;False;0.97025;0.02975
metron-platform\metron-common\src\test\java\org\apache\metron\common\field\transformation\selecttransformationtest.java@org.apache.metron.common.field.transformation.selecttransformationtest.testmulitplefieldreturned();False;False;0.991;0.009
metron-platform\metron-common\src\test\java\org\apache\metron\common\field\transformation\selecttransformationtest.java@org.apache.metron.common.field.transformation.selecttransformationtest.testpreservesystemfields();False;False;0.969;0.031
metron-platform\metron-common\src\test\java\org\apache\metron\common\field\transformation\selecttransformationtest.java@org.apache.metron.common.field.transformation.selecttransformationtest.testsinglefieldreturned();False;False;0.989;0.011
metron-platform\metron-common\src\test\java\org\apache\metron\common\field\transformation\stellartransformationtest.java@org.apache.metron.common.field.transformation.stellartransformationtest.stellartransformationtest(cache);False;False;0.9034152775648784;0.09658472243512224
metron-platform\metron-common\src\test\java\org\apache\metron\common\field\transformation\stellartransformationtest.java@org.apache.metron.common.field.transformation.stellartransformationtest.data();False;False;0.952;0.048
metron-platform\metron-common\src\test\java\org\apache\metron\common\field\transformation\stellartransformationtest.java@org.apache.metron.common.field.transformation.stellartransformationtest.testintermediatevalues();False;False;0.98025;0.01975
metron-platform\metron-common\src\test\java\org\apache\metron\common\field\transformation\stellartransformationtest.java@org.apache.metron.common.field.transformation.stellartransformationtest.teststellar();False;False;0.984;0.016
metron-platform\metron-common\src\test\java\org\apache\metron\common\field\transformation\stellartransformationtest.java@org.apache.metron.common.field.transformation.stellartransformationtest.teststellarbadconfig();False;False;0.9034152775648784;0.09658472243512224
metron-platform\metron-common\src\test\java\org\apache\metron\common\field\transformation\stellartransformationtest.java@org.apache.metron.common.field.transformation.stellartransformationtest.teststellarnumericdomain();False;False;0.98225;0.01775
metron-platform\metron-common\src\test\java\org\apache\metron\common\field\transformation\stellartransformationtest.java@org.apache.metron.common.field.transformation.stellartransformationtest.teststellarrename();False;False;0.99325;0.00675
metron-platform\metron-common\src\test\java\org\apache\metron\common\field\transformation\stellartransformationtest.java@org.apache.metron.common.field.transformation.stellartransformationtest.teststellarspecialcharacters();False;False;0.986;0.014
metron-platform\metron-common\src\test\java\org\apache\metron\common\field\transformation\stellartransformationtest.java@org.apache.metron.common.field.transformation.stellartransformationtest.teststellar_multi();False;False;0.978;0.022
metron-platform\metron-common\src\test\java\org\apache\metron\common\field\transformation\stellartransformationtest.java@org.apache.metron.common.field.transformation.stellartransformationtest.teststellar_negative();False;False;0.974;0.026
metron-platform\metron-common\src\test\java\org\apache\metron\common\field\validation\basevalidationtest.java@org.apache.metron.common.field.validation.basevalidationtest.execute(string,map);False;False;0.9034152775648784;0.09658472243512224
metron-platform\metron-common\src\test\java\org\apache\metron\common\field\validation\basevalidationtest.java@org.apache.metron.common.field.validation.basevalidationtest.getconfiguration(string);False;False;0.9932166666666666;0.006783333333333333
metron-platform\metron-common\src\test\java\org\apache\metron\common\field\validation\basevalidationtest.java@org.apache.metron.common.field.validation.basevalidationtest.getvalidator(configurations);False;False;0.9945;0.0055
metron-platform\metron-common\src\test\java\org\apache\metron\common\field\validation\queryvalidationtest.java@org.apache.metron.common.field.validation.queryvalidationtest.testinvalidconfig_invalidquery();False;False;0.994;0.006
metron-platform\metron-common\src\test\java\org\apache\metron\common\field\validation\queryvalidationtest.java@org.apache.metron.common.field.validation.queryvalidationtest.testinvalidconfig_missingconfig();False;False;0.985;0.015
metron-platform\metron-common\src\test\java\org\apache\metron\common\field\validation\queryvalidationtest.java@org.apache.metron.common.field.validation.queryvalidationtest.testnegative();False;False;1.0;0.0
metron-platform\metron-common\src\test\java\org\apache\metron\common\field\validation\queryvalidationtest.java@org.apache.metron.common.field.validation.queryvalidationtest.testnegative_map();False;False;1.0;0.0
metron-platform\metron-common\src\test\java\org\apache\metron\common\field\validation\queryvalidationtest.java@org.apache.metron.common.field.validation.queryvalidationtest.testpositive();False;False;0.998;0.002
metron-platform\metron-common\src\test\java\org\apache\metron\common\field\validation\queryvalidationtest.java@org.apache.metron.common.field.validation.queryvalidationtest.testpositive_map();False;False;1.0;0.0
metron-platform\metron-common\src\test\java\org\apache\metron\common\field\validation\validationtest.java@org.apache.metron.common.field.validation.validationtest.testinvalidconfiguration();False;False;0.969;0.031
metron-platform\metron-common\src\test\java\org\apache\metron\common\field\validation\validationtest.java@org.apache.metron.common.field.validation.validationtest.testvalidconfiguration();False;False;0.989;0.011
metron-platform\metron-common\src\test\java\org\apache\metron\common\field\validation\network\domainvalidationtest.java@org.apache.metron.common.field.validation.network.domainvalidationtest.negativetest_multiple();False;False;1.0;0.0
metron-platform\metron-common\src\test\java\org\apache\metron\common\field\validation\network\domainvalidationtest.java@org.apache.metron.common.field.validation.network.domainvalidationtest.negativetest_single();False;False;0.998;0.002
metron-platform\metron-common\src\test\java\org\apache\metron\common\field\validation\network\domainvalidationtest.java@org.apache.metron.common.field.validation.network.domainvalidationtest.positivetest_multiple();False;False;1.0;0.0
metron-platform\metron-common\src\test\java\org\apache\metron\common\field\validation\network\domainvalidationtest.java@org.apache.metron.common.field.validation.network.domainvalidationtest.positivetest_single();False;False;0.999;0.001
metron-platform\metron-common\src\test\java\org\apache\metron\common\field\validation\network\emailvalidationtest.java@org.apache.metron.common.field.validation.network.emailvalidationtest.negativetest_multiple();False;False;1.0;0.0
metron-platform\metron-common\src\test\java\org\apache\metron\common\field\validation\network\emailvalidationtest.java@org.apache.metron.common.field.validation.network.emailvalidationtest.negativetest_single();False;False;0.9967999999999999;0.0032
metron-platform\metron-common\src\test\java\org\apache\metron\common\field\validation\network\emailvalidationtest.java@org.apache.metron.common.field.validation.network.emailvalidationtest.positivetest_multiple();False;False;1.0;0.0
metron-platform\metron-common\src\test\java\org\apache\metron\common\field\validation\network\emailvalidationtest.java@org.apache.metron.common.field.validation.network.emailvalidationtest.positivetest_single();False;False;0.999;0.001
metron-platform\metron-common\src\test\java\org\apache\metron\common\field\validation\network\ipvalidationtest.java@org.apache.metron.common.field.validation.network.ipvalidationtest.negativetest_multiple();False;False;1.0;0.0
metron-platform\metron-common\src\test\java\org\apache\metron\common\field\validation\network\ipvalidationtest.java@org.apache.metron.common.field.validation.network.ipvalidationtest.negativetest_multiplex2();False;False;1.0;0.0
metron-platform\metron-common\src\test\java\org\apache\metron\common\field\validation\network\ipvalidationtest.java@org.apache.metron.common.field.validation.network.ipvalidationtest.negativetest_single();False;False;1.0;0.0
metron-platform\metron-common\src\test\java\org\apache\metron\common\field\validation\network\ipvalidationtest.java@org.apache.metron.common.field.validation.network.ipvalidationtest.positivetest_multiple();False;False;1.0;0.0
metron-platform\metron-common\src\test\java\org\apache\metron\common\field\validation\network\ipvalidationtest.java@org.apache.metron.common.field.validation.network.ipvalidationtest.positivetest_multiplex2();False;False;1.0;0.0
metron-platform\metron-common\src\test\java\org\apache\metron\common\field\validation\network\ipvalidationtest.java@org.apache.metron.common.field.validation.network.ipvalidationtest.positivetest_single();False;False;0.989;0.011
metron-platform\metron-common\src\test\java\org\apache\metron\common\field\validation\network\urlvalidationtest.java@org.apache.metron.common.field.validation.network.urlvalidationtest.negativetest_multiple();False;False;1.0;0.0
metron-platform\metron-common\src\test\java\org\apache\metron\common\field\validation\network\urlvalidationtest.java@org.apache.metron.common.field.validation.network.urlvalidationtest.negativetest_single();False;False;0.998;0.002
metron-platform\metron-common\src\test\java\org\apache\metron\common\field\validation\network\urlvalidationtest.java@org.apache.metron.common.field.validation.network.urlvalidationtest.positivetest_multiple();False;False;1.0;0.0
metron-platform\metron-common\src\test\java\org\apache\metron\common\field\validation\network\urlvalidationtest.java@org.apache.metron.common.field.validation.network.urlvalidationtest.positivetest_single();False;False;0.999;0.001
metron-platform\metron-common\src\test\java\org\apache\metron\common\field\validation\primitive\datevalidationtest.java@org.apache.metron.common.field.validation.primitive.datevalidationtest.negativetest_multiple();False;False;1.0;0.0
metron-platform\metron-common\src\test\java\org\apache\metron\common\field\validation\primitive\datevalidationtest.java@org.apache.metron.common.field.validation.primitive.datevalidationtest.negativetest_single();False;False;1.0;0.0
metron-platform\metron-common\src\test\java\org\apache\metron\common\field\validation\primitive\datevalidationtest.java@org.apache.metron.common.field.validation.primitive.datevalidationtest.positivetest_multiple();False;False;1.0;0.0
metron-platform\metron-common\src\test\java\org\apache\metron\common\field\validation\primitive\datevalidationtest.java@org.apache.metron.common.field.validation.primitive.datevalidationtest.positivetest_single();False;False;0.997;0.003
metron-platform\metron-common\src\test\java\org\apache\metron\common\field\validation\primitive\integervalidationtest.java@org.apache.metron.common.field.validation.primitive.integervalidationtest.negativetest_multiple();False;False;1.0;0.0
metron-platform\metron-common\src\test\java\org\apache\metron\common\field\validation\primitive\integervalidationtest.java@org.apache.metron.common.field.validation.primitive.integervalidationtest.negativetest_single();False;False;1.0;0.0
metron-platform\metron-common\src\test\java\org\apache\metron\common\field\validation\primitive\integervalidationtest.java@org.apache.metron.common.field.validation.primitive.integervalidationtest.positivetest_multiple();False;False;1.0;0.0
metron-platform\metron-common\src\test\java\org\apache\metron\common\field\validation\primitive\integervalidationtest.java@org.apache.metron.common.field.validation.primitive.integervalidationtest.positivetest_single();False;False;0.999;0.001
metron-platform\metron-common\src\test\java\org\apache\metron\common\field\validation\primitive\notemptyvalidationtest.java@org.apache.metron.common.field.validation.primitive.notemptyvalidationtest.negativetest_multiple();False;False;1.0;0.0
metron-platform\metron-common\src\test\java\org\apache\metron\common\field\validation\primitive\notemptyvalidationtest.java@org.apache.metron.common.field.validation.primitive.notemptyvalidationtest.negativetest_single();False;False;1.0;0.0
metron-platform\metron-common\src\test\java\org\apache\metron\common\field\validation\primitive\notemptyvalidationtest.java@org.apache.metron.common.field.validation.primitive.notemptyvalidationtest.positivetest_multiple();False;False;1.0;0.0
metron-platform\metron-common\src\test\java\org\apache\metron\common\field\validation\primitive\notemptyvalidationtest.java@org.apache.metron.common.field.validation.primitive.notemptyvalidationtest.positivetest_single();False;False;0.995;0.005
metron-platform\metron-common\src\test\java\org\apache\metron\common\field\validation\primitive\regexvalidationtest.java@org.apache.metron.common.field.validation.primitive.regexvalidationtest.negativetest_multiple();False;False;1.0;0.0
metron-platform\metron-common\src\test\java\org\apache\metron\common\field\validation\primitive\regexvalidationtest.java@org.apache.metron.common.field.validation.primitive.regexvalidationtest.negativetest_single();False;False;1.0;0.0
metron-platform\metron-common\src\test\java\org\apache\metron\common\field\validation\primitive\regexvalidationtest.java@org.apache.metron.common.field.validation.primitive.regexvalidationtest.positivetest_multiple();False;False;1.0;0.0
metron-platform\metron-common\src\test\java\org\apache\metron\common\field\validation\primitive\regexvalidationtest.java@org.apache.metron.common.field.validation.primitive.regexvalidationtest.positivetest_single();False;False;1.0;0.0
metron-platform\metron-common\src\test\java\org\apache\metron\common\message\messagegetterstest.java@org.apache.metron.common.message.messagegetterstest.bytesfrompositionshouldreturnbytes();False;False;0.979;0.021
metron-platform\metron-common\src\test\java\org\apache\metron\common\message\messagegetterstest.java@org.apache.metron.common.message.messagegetterstest.defaultbytesfrompositionshouldreturnbytes();False;False;0.9935;0.0065
metron-platform\metron-common\src\test\java\org\apache\metron\common\message\messagegetterstest.java@org.apache.metron.common.message.messagegetterstest.defaultjsonfromfieldshouldreturnjson();False;False;1.0;0.0
metron-platform\metron-common\src\test\java\org\apache\metron\common\message\messagegetterstest.java@org.apache.metron.common.message.messagegetterstest.defaultjsonfrompositionshouldreturnjson();False;False;1.0;0.0
metron-platform\metron-common\src\test\java\org\apache\metron\common\message\messagegetterstest.java@org.apache.metron.common.message.messagegetterstest.defaultobjectfromfieldshouldreturnobject();False;False;0.999;0.001
metron-platform\metron-common\src\test\java\org\apache\metron\common\message\messagegetterstest.java@org.apache.metron.common.message.messagegetterstest.jsonfromfieldshouldreturnjson();False;False;1.0;0.0
metron-platform\metron-common\src\test\java\org\apache\metron\common\message\messagegetterstest.java@org.apache.metron.common.message.messagegetterstest.jsonfrompositionshouldreturnjson();False;False;1.0;0.0
metron-platform\metron-common\src\test\java\org\apache\metron\common\message\messagegetterstest.java@org.apache.metron.common.message.messagegetterstest.jsonfrompositionshouldthrowexception();False;False;0.998;0.002
metron-platform\metron-common\src\test\java\org\apache\metron\common\message\messagegetterstest.java@org.apache.metron.common.message.messagegetterstest.objectfromfieldshouldreturnobject();False;False;1.0;0.0
metron-platform\metron-common\src\test\java\org\apache\metron\common\performance\performanceloggertest.java@org.apache.metron.common.performance.performanceloggertest.defaults_to_1_percent_threshold();False;False;0.9935;0.0065
metron-platform\metron-common\src\test\java\org\apache\metron\common\performance\performanceloggertest.java@org.apache.metron.common.performance.performanceloggertest.does_not_log_when_debugging_disabled();False;False;0.9950833333333334;0.004916666666666666
metron-platform\metron-common\src\test\java\org\apache\metron\common\performance\performanceloggertest.java@org.apache.metron.common.performance.performanceloggertest.isdebugenabled_returns_true_when_debugging_is_set();False;False;0.971207142857143;0.02879285714285714
metron-platform\metron-common\src\test\java\org\apache\metron\common\performance\performanceloggertest.java@org.apache.metron.common.performance.performanceloggertest.logs_formatted_message_provided_format_args();False;False;0.9945;0.0055
metron-platform\metron-common\src\test\java\org\apache\metron\common\performance\performanceloggertest.java@org.apache.metron.common.performance.performanceloggertest.logs_on_threshold();False;False;0.9885;0.0115
metron-platform\metron-common\src\test\java\org\apache\metron\common\performance\performanceloggertest.java@org.apache.metron.common.performance.performanceloggertest.logs_on_threshold_with_message();False;False;0.9965;0.0035
metron-platform\metron-common\src\test\java\org\apache\metron\common\performance\performanceloggertest.java@org.apache.metron.common.performance.performanceloggertest.logs_with_multiple_markers();False;False;0.997;0.003
metron-platform\metron-common\src\test\java\org\apache\metron\common\performance\performanceloggertest.java@org.apache.metron.common.performance.performanceloggertest.setup();False;False;0.979;0.021
metron-platform\metron-common\src\test\java\org\apache\metron\common\performance\performanceloggertest.java@org.apache.metron.common.performance.performanceloggertest.warns_when_logging_nonexisting_marks();False;False;0.98125;0.018750000000000003
metron-platform\metron-common\src\test\java\org\apache\metron\common\performance\timingtest.java@org.apache.metron.common.performance.timingtest.elapsed_time_on_nonexistent_marker_is_zero();False;False;0.999;0.001
metron-platform\metron-common\src\test\java\org\apache\metron\common\performance\timingtest.java@org.apache.metron.common.performance.timingtest.exists_checks_mark_existence();False;False;0.996;0.004
metron-platform\metron-common\src\test\java\org\apache\metron\common\performance\timingtest.java@org.apache.metron.common.performance.timingtest.marking_again_resets_timing();False;False;0.999;0.001
metron-platform\metron-common\src\test\java\org\apache\metron\common\performance\timingtest.java@org.apache.metron.common.performance.timingtest.provides_monotonically_increasing_times_for_multiple_markers();False;False;0.989;0.011
metron-platform\metron-common\src\test\java\org\apache\metron\common\performance\timingtest.java@org.apache.metron.common.performance.timingtest.provides_monotonically_increasing_times_for_single_marker();False;False;1.0;0.0
metron-platform\metron-common\src\test\java\org\apache\metron\common\performance\timingtest.java@org.apache.metron.common.performance.timingtest.setup();False;False;0.999;0.001
metron-platform\metron-common\src\test\java\org\apache\metron\common\system\clocktest.java@org.apache.metron.common.system.clocktest.formats_system_time_given_passed_format();False;False;1.0;0.0
metron-platform\metron-common\src\test\java\org\apache\metron\common\system\clocktest.java@org.apache.metron.common.system.clocktest.returns_system_time();False;False;0.997;0.003
metron-platform\metron-common\src\test\java\org\apache\metron\common\typosquat\typosquattingstrategiestest.java@org.apache.metron.common.typosquat.typosquattingstrategiestest.typosquattingstrategiestest(typosquattingstrategies);False;False;0.9034152775648784;0.09658472243512224
metron-platform\metron-common\src\test\java\org\apache\metron\common\typosquat\typosquattingstrategiestest.java@org.apache.metron.common.typosquat.typosquattingstrategiestest.assertexpected(string,typosquattingstrategies);False;False;0.9034152775648784;0.09658472243512224
metron-platform\metron-common\src\test\java\org\apache\metron\common\typosquat\typosquattingstrategiestest.java@org.apache.metron.common.typosquat.typosquattingstrategiestest.setup();False;False;0.77675;0.22325
metron-platform\metron-common\src\test\java\org\apache\metron\common\typosquat\typosquattingstrategiestest.java@org.apache.metron.common.typosquat.typosquattingstrategiestest.strategies();False;False;0.996;0.004
metron-platform\metron-common\src\test\java\org\apache\metron\common\typosquat\typosquattingstrategiestest.java@org.apache.metron.common.typosquat.typosquattingstrategiestest.test();False;False;0.986;0.014
metron-platform\metron-common\src\test\java\org\apache\metron\common\typosquat\typosquattingstrategiestest.java@org.apache.metron.common.typosquat.typosquattingstrategiestest.teststellar();False;False;0.982;0.018
metron-platform\metron-common\src\test\java\org\apache\metron\common\utils\compressionutilstest.java@org.apache.metron.common.utils.compressionutilstest.compresses_gzip();False;False;0.9933333333333333;0.006666666666666666
metron-platform\metron-common\src\test\java\org\apache\metron\common\utils\compressionutilstest.java@org.apache.metron.common.utils.compressionutilstest.decompresses_gzip();False;False;0.997;0.003
metron-platform\metron-common\src\test\java\org\apache\metron\common\utils\compressionutilstest.java@org.apache.metron.common.utils.compressionutilstest.setup();False;False;0.983;0.017
metron-platform\metron-common\src\test\java\org\apache\metron\common\utils\errorutilstest.java@org.apache.metron.common.utils.errorutilstest.handleerrorshouldemitandreporterror();False;False;0.997;0.003
metron-platform\metron-common\src\test\java\org\apache\metron\common\utils\errorutilstest.java@org.apache.metron.common.utils.errorutilstest.illegal_arg_throws_exception_with_reason();False;False;0.991;0.009
metron-platform\metron-common\src\test\java\org\apache\metron\common\utils\errorutilstest.java@org.apache.metron.common.utils.errorutilstest.illegal_arg_throws_exception_with_reason_and_cause();False;False;1.0;0.0
metron-platform\metron-common\src\test\java\org\apache\metron\common\utils\errorutilstest.java@org.apache.metron.common.utils.errorutilstest.illegal_state_throws_exception_with_reason();False;False;0.997;0.003
metron-platform\metron-common\src\test\java\org\apache\metron\common\utils\errorutilstest.java@org.apache.metron.common.utils.errorutilstest.illegal_state_throws_exception_with_reason_and_cause();False;False;1.0;0.0
metron-platform\metron-common\src\test\java\org\apache\metron\common\utils\hashutilstest.java@org.apache.metron.common.utils.hashutilstest.getmessagehashshouldreturnhashforbytes();False;False;1.0;0.0
metron-platform\metron-common\src\test\java\org\apache\metron\common\utils\hashutilstest.java@org.apache.metron.common.utils.hashutilstest.getmessagehashshouldreturnhashforhashfields();False;False;0.996;0.004
metron-platform\metron-common\src\test\java\org\apache\metron\common\utils\hashutilstest.java@org.apache.metron.common.utils.hashutilstest.getmessagehashshouldreturnhashformessage();False;False;1.0;0.0
metron-platform\metron-common\src\test\java\org\apache\metron\common\utils\jsonutilstest.java@org.apache.metron.common.utils.jsonutilstest.applypatch_modifies_complex_source_json_doc();False;False;0.96725;0.03275
metron-platform\metron-common\src\test\java\org\apache\metron\common\utils\jsonutilstest.java@org.apache.metron.common.utils.jsonutilstest.applypatch_modifies_source_json_doc();False;False;0.969;0.031
metron-platform\metron-common\src\test\java\org\apache\metron\common\utils\jsonutilstest.java@org.apache.metron.common.utils.jsonutilstest.geta();False;False;1.0;0.0
metron-platform\metron-common\src\test\java\org\apache\metron\common\utils\jsonutilstest.java@org.apache.metron.common.utils.jsonutilstest.getb();False;False;1.0;0.0
metron-platform\metron-common\src\test\java\org\apache\metron\common\utils\jsonutilstest.java@org.apache.metron.common.utils.jsonutilstest.loads_file_with_custom_class();False;False;0.9905833333333334;0.009416666666666669
metron-platform\metron-common\src\test\java\org\apache\metron\common\utils\jsonutilstest.java@org.apache.metron.common.utils.jsonutilstest.loads_file_with_map_class();False;False;0.998;0.002
metron-platform\metron-common\src\test\java\org\apache\metron\common\utils\jsonutilstest.java@org.apache.metron.common.utils.jsonutilstest.loads_file_with_typeref();False;False;0.994;0.006
metron-platform\metron-common\src\test\java\org\apache\metron\common\utils\jsonutilstest.java@org.apache.metron.common.utils.jsonutilstest.seta(string);False;False;1.0;0.0
metron-platform\metron-common\src\test\java\org\apache\metron\common\utils\jsonutilstest.java@org.apache.metron.common.utils.jsonutilstest.setb(string);False;False;1.0;0.0
metron-platform\metron-common\src\test\java\org\apache\metron\common\utils\jsonutilstest.java@org.apache.metron.common.utils.jsonutilstest.setup();False;False;0.99;0.01
metron-platform\metron-common\src\test\java\org\apache\metron\common\utils\jsonutilstest.java@org.apache.metron.common.utils.testconfig.geta();False;False;0.9851351218008023;0.014864878199197096
metron-platform\metron-common\src\test\java\org\apache\metron\common\utils\jsonutilstest.java@org.apache.metron.common.utils.testconfig.getb();False;False;0.9851351218008023;0.014864878199197096
metron-platform\metron-common\src\test\java\org\apache\metron\common\utils\jsonutilstest.java@org.apache.metron.common.utils.testconfig.seta(string);False;False;0.9034152775648784;0.09658472243512224
metron-platform\metron-common\src\test\java\org\apache\metron\common\utils\jsonutilstest.java@org.apache.metron.common.utils.testconfig.setb(string);False;False;0.9034152775648784;0.09658472243512224
metron-platform\metron-common\src\test\java\org\apache\metron\common\utils\kafkautilstest.java@org.apache.metron.common.utils.kafkautilstest.parameterizedendpointparsing(string,string);False;False;0.9034152775648784;0.09658472243512224
metron-platform\metron-common\src\test\java\org\apache\metron\common\utils\kafkautilstest.java@org.apache.metron.common.utils.kafkautilstest.data();False;False;0.974;0.026
metron-platform\metron-common\src\test\java\org\apache\metron\common\utils\kafkautilstest.java@org.apache.metron.common.utils.kafkautilstest.testendpointparsing();False;False;0.9955;0.0045
metron-platform\metron-common\src\test\java\org\apache\metron\common\utils\kafkautilstest.java@org.apache.metron.common.utils.kafkautilstest.testgetendpointsfromzookeeperendpoints();False;False;1.0;0.0
metron-platform\metron-common\src\test\java\org\apache\metron\common\utils\kafkautilstest.java@org.apache.metron.common.utils.kafkautilstest.testgetendpointsfromzookeeperhostport();False;False;0.992;0.008
metron-platform\metron-common\src\test\java\org\apache\metron\common\utils\kafkautilstest.java@org.apache.metron.common.utils.kafkautilstest.testgetendpointsfromzookeeperhostportandendpoints();False;False;0.998;0.002
metron-platform\metron-common\src\test\java\org\apache\metron\common\utils\kafkautilstest.java@org.apache.metron.common.utils.parameterizedendpointparsing.parameterizedendpointparsing(string,string);False;False;0.9034152775648784;0.09658472243512224
metron-platform\metron-common\src\test\java\org\apache\metron\common\utils\kafkautilstest.java@org.apache.metron.common.utils.parameterizedendpointparsing.data();False;False;1.0;0.0
metron-platform\metron-common\src\test\java\org\apache\metron\common\utils\kafkautilstest.java@org.apache.metron.common.utils.parameterizedendpointparsing.testendpointparsing();False;False;0.9851351218008023;0.014864878199197096
metron-platform\metron-common\src\test\java\org\apache\metron\common\utils\kafkautilstest.java@org.apache.metron.common.utils.zkmockedutils.testgetendpointsfromzookeeperendpoints();False;False;0.9851351218008023;0.014864878199197096
metron-platform\metron-common\src\test\java\org\apache\metron\common\utils\kafkautilstest.java@org.apache.metron.common.utils.zkmockedutils.testgetendpointsfromzookeeperhostport();False;False;0.9851351218008023;0.014864878199197096
metron-platform\metron-common\src\test\java\org\apache\metron\common\utils\kafkautilstest.java@org.apache.metron.common.utils.zkmockedutils.testgetendpointsfromzookeeperhostportandendpoints();False;False;0.9851351218008023;0.014864878199197096
metron-platform\metron-common\src\test\java\org\apache\metron\common\utils\serdeutilstest.java@org.apache.metron.common.utils.arbitrarypojo.arbitrarypojo();False;False;0.9034152775648784;0.09658472243512224
metron-platform\metron-common\src\test\java\org\apache\metron\common\utils\serdeutilstest.java@org.apache.metron.common.utils.arbitrarypojo.equals(object);False;False;0.9034152775648784;0.09658472243512224
metron-platform\metron-common\src\test\java\org\apache\metron\common\utils\serdeutilstest.java@org.apache.metron.common.utils.arbitrarypojo.getd();False;False;1.0;0.0
metron-platform\metron-common\src\test\java\org\apache\metron\common\utils\serdeutilstest.java@org.apache.metron.common.utils.arbitrarypojo.getlist();False;False;1.0;0.0
metron-platform\metron-common\src\test\java\org\apache\metron\common\utils\serdeutilstest.java@org.apache.metron.common.utils.arbitrarypojo.getmap();False;False;0.9851351218008023;0.014864878199197096
metron-platform\metron-common\src\test\java\org\apache\metron\common\utils\serdeutilstest.java@org.apache.metron.common.utils.arbitrarypojo.getstring();False;False;0.9851351218008023;0.014864878199197096
metron-platform\metron-common\src\test\java\org\apache\metron\common\utils\serdeutilstest.java@org.apache.metron.common.utils.arbitrarypojo.hashcode();False;False;0.9903333333333333;0.009666666666666665
metron-platform\metron-common\src\test\java\org\apache\metron\common\utils\serdeutilstest.java@org.apache.metron.common.utils.arbitrarypojo.setd(double);False;False;0.9775952569781741;0.022404743021829047
metron-platform\metron-common\src\test\java\org\apache\metron\common\utils\serdeutilstest.java@org.apache.metron.common.utils.arbitrarypojo.setlist(list);False;False;0.9034152775648784;0.09658472243512224
metron-platform\metron-common\src\test\java\org\apache\metron\common\utils\serdeutilstest.java@org.apache.metron.common.utils.arbitrarypojo.setmap(map);False;False;0.9034152775648784;0.09658472243512224
metron-platform\metron-common\src\test\java\org\apache\metron\common\utils\serdeutilstest.java@org.apache.metron.common.utils.arbitrarypojo.setstring(string);False;False;0.9863333374684377;0.013666662531561671
metron-platform\metron-common\src\test\java\org\apache\metron\common\utils\serdeutilstest.java@org.apache.metron.common.utils.serdeutilstest.arbitrarypojo();False;False;0.9034152775648784;0.09658472243512224
metron-platform\metron-common\src\test\java\org\apache\metron\common\utils\serdeutilstest.java@org.apache.metron.common.utils.serdeutilstest.equals(object);False;False;0.987;0.013
metron-platform\metron-common\src\test\java\org\apache\metron\common\utils\serdeutilstest.java@org.apache.metron.common.utils.serdeutilstest.getd();False;False;0.9034152775648784;0.09658472243512224
metron-platform\metron-common\src\test\java\org\apache\metron\common\utils\serdeutilstest.java@org.apache.metron.common.utils.serdeutilstest.getlist();False;False;0.9034152775648784;0.09658472243512224
metron-platform\metron-common\src\test\java\org\apache\metron\common\utils\serdeutilstest.java@org.apache.metron.common.utils.serdeutilstest.getmap();False;False;1.0;0.0
metron-platform\metron-common\src\test\java\org\apache\metron\common\utils\serdeutilstest.java@org.apache.metron.common.utils.serdeutilstest.getstring();False;False;1.0;0.0
metron-platform\metron-common\src\test\java\org\apache\metron\common\utils\serdeutilstest.java@org.apache.metron.common.utils.serdeutilstest.hashcode();False;False;0.9034152775648784;0.09658472243512224
metron-platform\metron-common\src\test\java\org\apache\metron\common\utils\serdeutilstest.java@org.apache.metron.common.utils.serdeutilstest.setd(double);False;False;0.9034152775648784;0.09658472243512224
metron-platform\metron-common\src\test\java\org\apache\metron\common\utils\serdeutilstest.java@org.apache.metron.common.utils.serdeutilstest.setlist(list);False;False;0.9034152775648784;0.09658472243512224
metron-platform\metron-common\src\test\java\org\apache\metron\common\utils\serdeutilstest.java@org.apache.metron.common.utils.serdeutilstest.setmap(map);False;False;0.9034152775648784;0.09658472243512224
metron-platform\metron-common\src\test\java\org\apache\metron\common\utils\serdeutilstest.java@org.apache.metron.common.utils.serdeutilstest.setstring(string);False;False;0.9034152775648784;0.09658472243512224
metron-platform\metron-common\src\test\java\org\apache\metron\common\utils\serdeutilstest.java@org.apache.metron.common.utils.serdeutilstest.testarbitrarypojo();False;False;0.999;0.001
metron-platform\metron-common\src\test\java\org\apache\metron\common\utils\serdeutilstest.java@org.apache.metron.common.utils.serdeutilstest.testbloomfilter();False;False;0.995;0.005
metron-platform\metron-common\src\test\java\org\apache\metron\common\utils\serdeutilstest.java@org.apache.metron.common.utils.serdeutilstest.testdouble();False;False;1.0;0.0
metron-platform\metron-common\src\test\java\org\apache\metron\common\utils\serdeutilstest.java@org.apache.metron.common.utils.serdeutilstest.testfloat();False;False;1.0;0.0
metron-platform\metron-common\src\test\java\org\apache\metron\common\utils\serdeutilstest.java@org.apache.metron.common.utils.serdeutilstest.testinteger();False;False;0.992;0.008
metron-platform\metron-common\src\test\java\org\apache\metron\common\utils\serdeutilstest.java@org.apache.metron.common.utils.serdeutilstest.testlist();False;False;1.0;0.0
metron-platform\metron-common\src\test\java\org\apache\metron\common\utils\serdeutilstest.java@org.apache.metron.common.utils.serdeutilstest.testlong();False;False;1.0;0.0
metron-platform\metron-common\src\test\java\org\apache\metron\common\utils\serdeutilstest.java@org.apache.metron.common.utils.serdeutilstest.testmap();False;False;0.998;0.002
metron-platform\metron-common\src\test\java\org\apache\metron\common\utils\serdeutilstest.java@org.apache.metron.common.utils.serdeutilstest.testshort();False;False;1.0;0.0
metron-platform\metron-common\src\test\java\org\apache\metron\common\utils\file\readerspliteratortest.java@org.apache.metron.common.utils.file.readerspliteratortest.getnumberofbatches(readerspliterator);False;False;0.9034152775648784;0.09658472243512224
metron-platform\metron-common\src\test\java\org\apache\metron\common\utils\file\readerspliteratortest.java@org.apache.metron.common.utils.file.readerspliteratortest.getreader();False;False;0.9034152775648784;0.09658472243512224
metron-platform\metron-common\src\test\java\org\apache\metron\common\utils\file\readerspliteratortest.java@org.apache.metron.common.utils.file.readerspliteratortest.setup();False;False;0.966;0.034
metron-platform\metron-common\src\test\java\org\apache\metron\common\utils\file\readerspliteratortest.java@org.apache.metron.common.utils.file.readerspliteratortest.testmediumbatch();False;False;0.997;0.003
metron-platform\metron-common\src\test\java\org\apache\metron\common\utils\file\readerspliteratortest.java@org.apache.metron.common.utils.file.readerspliteratortest.testonebigbatch();False;False;0.997;0.003
metron-platform\metron-common\src\test\java\org\apache\metron\common\utils\file\readerspliteratortest.java@org.apache.metron.common.utils.file.readerspliteratortest.testparallelstreamlargebatch();False;False;0.9034152775648784;0.09658472243512224
metron-platform\metron-common\src\test\java\org\apache\metron\common\utils\file\readerspliteratortest.java@org.apache.metron.common.utils.file.readerspliteratortest.testparallelstreamsmallbatch();False;False;0.9034152775648784;0.09658472243512224
metron-platform\metron-common\src\test\java\org\apache\metron\common\utils\file\readerspliteratortest.java@org.apache.metron.common.utils.file.readerspliteratortest.testsequentialstreamlargebatch();False;False;0.9034152775648784;0.09658472243512224
metron-platform\metron-common\src\test\java\org\apache\metron\common\utils\file\readerspliteratortest.java@org.apache.metron.common.utils.file.readerspliteratortest.testsmallbatch();False;False;0.997;0.003
metron-platform\metron-common\src\test\java\org\apache\metron\common\utils\file\readerspliteratortest.java@org.apache.metron.common.utils.file.readerspliteratortest.validatemapcount(map);False;False;0.9034152775648784;0.09658472243512224
metron-platform\metron-common\src\test\java\org\apache\metron\common\writer\indexingwriterconfigurationtest.java@org.apache.metron.common.writer.indexingwriterconfigurationtest.testdefaultbatchsize();False;False;0.988;0.012
metron-platform\metron-common\src\test\java\org\apache\metron\common\writer\indexingwriterconfigurationtest.java@org.apache.metron.common.writer.indexingwriterconfigurationtest.testdefaultbatchtimeout();False;False;0.983;0.017
metron-platform\metron-common\src\test\java\org\apache\metron\common\writer\indexingwriterconfigurationtest.java@org.apache.metron.common.writer.indexingwriterconfigurationtest.testdefaultindex();False;False;0.942;0.058
metron-platform\metron-common\src\test\java\org\apache\metron\common\writer\indexingwriterconfigurationtest.java@org.apache.metron.common.writer.indexingwriterconfigurationtest.testgetallconfiguredtimeouts();False;False;0.9763333333333334;0.023666666666666666
metron-platform\metron-common\src\test\java\org\apache\metron\common\writer\parserwriterconfigurationtest.java@org.apache.metron.common.writer.parserwriterconfigurationtest.testdefaultbatchsize();False;False;0.994;0.006
metron-platform\metron-common\src\test\java\org\apache\metron\common\writer\parserwriterconfigurationtest.java@org.apache.metron.common.writer.parserwriterconfigurationtest.testdefaultindex();False;False;0.997;0.003
metron-platform\metron-common\src\test\java\org\apache\metron\common\zookeeper\zkconfigurationscacheintegrationtest.java@org.apache.metron.common.zookeeper.zkconfigurationscacheintegrationtest.setup();False;True;0.479;0.521
metron-platform\metron-common\src\test\java\org\apache\metron\common\zookeeper\zkconfigurationscacheintegrationtest.java@org.apache.metron.common.zookeeper.zkconfigurationscacheintegrationtest.teardown();False;False;0.9931666666666668;0.006833333333333333
metron-platform\metron-common\src\test\java\org\apache\metron\common\zookeeper\zkconfigurationscacheintegrationtest.java@org.apache.metron.common.zookeeper.zkconfigurationscacheintegrationtest.validatebasewrite();False;True;0.499;0.501
metron-platform\metron-common\src\test\java\org\apache\metron\common\zookeeper\zkconfigurationscacheintegrationtest.java@org.apache.metron.common.zookeeper.zkconfigurationscacheintegrationtest.validatedelete();False;False;0.871;0.129
metron-platform\metron-common\src\test\java\org\apache\metron\common\zookeeper\zkconfigurationscacheintegrationtest.java@org.apache.metron.common.zookeeper.zkconfigurationscacheintegrationtest.validateupdate();False;False;0.89;0.11
metron-platform\metron-data-management\src\main\java\org\apache\metron\dataloads\bulk\datapruner.java@org.apache.metron.dataloads.bulk.datapruner.datapruner(date,integer,string);False;False;0.9034152775648784;0.09658472243512224
metron-platform\metron-data-management\src\main\java\org\apache\metron\dataloads\bulk\datapruner.java@org.apache.metron.dataloads.bulk.datapruner.dateatmidnight(date);False;False;0.991;0.009
metron-platform\metron-data-management\src\main\java\org\apache\metron\dataloads\bulk\hdfsdatapruner.java@org.apache.metron.dataloads.bulk.datefilefilter.datefilefilter(hdfsdatapruner);False;False;0.9034152775648784;0.09658472243512224
metron-platform\metron-data-management\src\main\java\org\apache\metron\dataloads\bulk\hdfsdatapruner.java@org.apache.metron.dataloads.bulk.datefilefilter.datefilefilter(hdfsdatapruner,boolean);False;False;0.9034152775648784;0.09658472243512224
metron-platform\metron-data-management\src\main\java\org\apache\metron\dataloads\bulk\hdfsdatapruner.java@org.apache.metron.dataloads.bulk.datefilefilter.accept(path);False;False;0.9034152775648784;0.09658472243512224
metron-platform\metron-data-management\src\main\java\org\apache\metron\dataloads\bulk\hdfsdatapruner.java@org.apache.metron.dataloads.bulk.hdfsdatapruner.datefilefilter(hdfsdatapruner);False;False;0.9034152775648784;0.09658472243512224
metron-platform\metron-data-management\src\main\java\org\apache\metron\dataloads\bulk\hdfsdatapruner.java@org.apache.metron.dataloads.bulk.hdfsdatapruner.datefilefilter(hdfsdatapruner,boolean);False;False;0.9034152775648784;0.09658472243512224
metron-platform\metron-data-management\src\main\java\org\apache\metron\dataloads\bulk\hdfsdatapruner.java@org.apache.metron.dataloads.bulk.hdfsdatapruner.hdfsdatapruner(date,integer,string,string);False;False;0.9034152775648784;0.09658472243512224
metron-platform\metron-data-management\src\main\java\org\apache\metron\dataloads\bulk\hdfsdatapruner.java@org.apache.metron.dataloads.bulk.hdfsdatapruner.accept(path);False;False;0.9034152775648784;0.09658472243512224
metron-platform\metron-data-management\src\main\java\org\apache\metron\dataloads\bulk\hdfsdatapruner.java@org.apache.metron.dataloads.bulk.hdfsdatapruner.main(string);False;False;0.9034152775648784;0.09658472243512224
metron-platform\metron-data-management\src\main\java\org\apache\metron\dataloads\bulk\hdfsdatapruner.java@org.apache.metron.dataloads.bulk.hdfsdatapruner.prune();False;False;0.9935;0.0065
metron-platform\metron-data-management\src\main\java\org\apache\metron\dataloads\bulk\leastrecentlyusedpruner.java@org.apache.metron.dataloads.bulk.leastrecentlyusedpruner.bulkloadoptions(string,optionhandler);False;False;0.9034152775648784;0.09658472243512224
metron-platform\metron-data-management\src\main\java\org\apache\metron\dataloads\bulk\leastrecentlyusedpruner.java@org.apache.metron.dataloads.bulk.leastrecentlyusedpruner.apply(string);False;False;0.98;0.02
metron-platform\metron-data-management\src\main\java\org\apache\metron\dataloads\bulk\leastrecentlyusedpruner.java@org.apache.metron.dataloads.bulk.leastrecentlyusedpruner.createjob(configuration,string,string,string,string,long);False;False;0.9034152775648784;0.09658472243512224
metron-platform\metron-data-management\src\main\java\org\apache\metron\dataloads\bulk\leastrecentlyusedpruner.java@org.apache.metron.dataloads.bulk.leastrecentlyusedpruner.get(commandline);False;False;1.0;0.0
metron-platform\metron-data-management\src\main\java\org\apache\metron\dataloads\bulk\leastrecentlyusedpruner.java@org.apache.metron.dataloads.bulk.leastrecentlyusedpruner.getformat(commandline);False;False;0.988;0.012
metron-platform\metron-data-management\src\main\java\org\apache\metron\dataloads\bulk\leastrecentlyusedpruner.java@org.apache.metron.dataloads.bulk.leastrecentlyusedpruner.getoptions();False;False;1.0;0.0
metron-platform\metron-data-management\src\main\java\org\apache\metron\dataloads\bulk\leastrecentlyusedpruner.java@org.apache.metron.dataloads.bulk.leastrecentlyusedpruner.gettimestamp(commandline);False;False;0.9936;0.0064
metron-platform\metron-data-management\src\main\java\org\apache\metron\dataloads\bulk\leastrecentlyusedpruner.java@org.apache.metron.dataloads.bulk.leastrecentlyusedpruner.has(commandline);False;False;1.0;0.0
metron-platform\metron-data-management\src\main\java\org\apache\metron\dataloads\bulk\leastrecentlyusedpruner.java@org.apache.metron.dataloads.bulk.leastrecentlyusedpruner.main(string);False;False;0.965;0.035
metron-platform\metron-data-management\src\main\java\org\apache\metron\dataloads\bulk\leastrecentlyusedpruner.java@org.apache.metron.dataloads.bulk.leastrecentlyusedpruner.parse(commandlineparser,string[]);False;False;0.9034152775648784;0.09658472243512224
metron-platform\metron-data-management\src\main\java\org\apache\metron\dataloads\bulk\leastrecentlyusedpruner.java@org.apache.metron.dataloads.bulk.leastrecentlyusedpruner.printhelp();False;False;1.0;0.0
metron-platform\metron-data-management\src\main\java\org\apache\metron\dataloads\bulk\leastrecentlyusedpruner.java@org.apache.metron.dataloads.bulk.leastrecentlyusedpruner.setuphbasejob(job,string,string);False;False;0.9034152775648784;0.09658472243512224
metron-platform\metron-data-management\src\main\java\org\apache\metron\dataloads\bulk\startdateexception.java@org.apache.metron.dataloads.bulk.startdateexception.startdateexception(string);False;False;0.9034152775648784;0.09658472243512224
metron-platform\metron-data-management\src\main\java\org\apache\metron\dataloads\bulk\startdateexception.java@org.apache.metron.dataloads.bulk.startdateexception.startdateexception(string,throwable);False;False;0.9034152775648784;0.09658472243512224
metron-platform\metron-data-management\src\main\java\org\apache\metron\dataloads\extractor\extractordecorator.java@org.apache.metron.dataloads.extractor.extractordecorator.extractordecorator(extractor);False;False;0.9034152775648784;0.09658472243512224
metron-platform\metron-data-management\src\main\java\org\apache\metron\dataloads\extractor\extractordecorator.java@org.apache.metron.dataloads.extractor.extractordecorator.extract(string);False;False;0.998;0.002
metron-platform\metron-data-management\src\main\java\org\apache\metron\dataloads\extractor\extractordecorator.java@org.apache.metron.dataloads.extractor.extractordecorator.getunderlyingextractor();False;False;1.0;0.0
metron-platform\metron-data-management\src\main\java\org\apache\metron\dataloads\extractor\extractordecorator.java@org.apache.metron.dataloads.extractor.extractordecorator.initialize(map);False;False;0.9034152775648784;0.09658472243512224
metron-platform\metron-data-management\src\main\java\org\apache\metron\dataloads\extractor\extractorhandler.java@org.apache.metron.dataloads.extractor.extractorhandler.getconfig();False;False;0.979;0.021
metron-platform\metron-data-management\src\main\java\org\apache\metron\dataloads\extractor\extractorhandler.java@org.apache.metron.dataloads.extractor.extractorhandler.getextractor();False;False;1.0;0.0
metron-platform\metron-data-management\src\main\java\org\apache\metron\dataloads\extractor\extractorhandler.java@org.apache.metron.dataloads.extractor.extractorhandler.getinputformat();False;False;1.0;0.0
metron-platform\metron-data-management\src\main\java\org\apache\metron\dataloads\extractor\extractorhandler.java@org.apache.metron.dataloads.extractor.extractorhandler.load(inputstream);False;False;0.98825;0.01175
metron-platform\metron-data-management\src\main\java\org\apache\metron\dataloads\extractor\extractorhandler.java@org.apache.metron.dataloads.extractor.extractorhandler.load(string);False;False;0.9960166666666667;0.003983333333333333
metron-platform\metron-data-management\src\main\java\org\apache\metron\dataloads\extractor\extractorhandler.java@org.apache.metron.dataloads.extractor.extractorhandler.load(string,charset);False;False;0.9034152775648784;0.09658472243512224
metron-platform\metron-data-management\src\main\java\org\apache\metron\dataloads\extractor\extractorhandler.java@org.apache.metron.dataloads.extractor.extractorhandler.setconfig(map);False;False;0.9034152775648784;0.09658472243512224
metron-platform\metron-data-management\src\main\java\org\apache\metron\dataloads\extractor\extractorhandler.java@org.apache.metron.dataloads.extractor.extractorhandler.setextractor(string);False;False;0.9034152775648784;0.09658472243512224
metron-platform\metron-data-management\src\main\java\org\apache\metron\dataloads\extractor\extractorhandler.java@org.apache.metron.dataloads.extractor.extractorhandler.setinputformat(string);False;False;0.9034152775648784;0.09658472243512224
metron-platform\metron-data-management\src\main\java\org\apache\metron\dataloads\extractor\transformfilterextractordecorator.java@org.apache.metron.dataloads.extractor.transformfilterextractordecorator.extractoroptions(string);False;False;0.9034152775648784;0.09658472243512224
metron-platform\metron-data-management\src\main\java\org\apache\metron\dataloads\extractor\transformfilterextractordecorator.java@org.apache.metron.dataloads.extractor.transformfilterextractordecorator.transformfilterextractordecorator(extractor);False;False;0.9034152775648784;0.09658472243512224
metron-platform\metron-data-management\src\main\java\org\apache\metron\dataloads\extractor\transformfilterextractordecorator.java@org.apache.metron.dataloads.extractor.transformfilterextractordecorator.createcontext(optional);False;False;0.9034152775648784;0.09658472243512224
metron-platform\metron-data-management\src\main\java\org\apache\metron\dataloads\extractor\transformfilterextractordecorator.java@org.apache.metron.dataloads.extractor.transformfilterextractordecorator.existsin(map);False;False;0.9034152775648784;0.09658472243512224
metron-platform\metron-data-management\src\main\java\org\apache\metron\dataloads\extractor\transformfilterextractordecorator.java@org.apache.metron.dataloads.extractor.transformfilterextractordecorator.extract(string);False;False;1.0;0.0
metron-platform\metron-data-management\src\main\java\org\apache\metron\dataloads\extractor\transformfilterextractordecorator.java@org.apache.metron.dataloads.extractor.transformfilterextractordecorator.extract(string,atomicreference);False;False;0.9034152775648784;0.09658472243512224
metron-platform\metron-data-management\src\main\java\org\apache\metron\dataloads\extractor\transformfilterextractordecorator.java@org.apache.metron.dataloads.extractor.transformfilterextractordecorator.filter(string,mapvariableresolver);False;False;0.9034152775648784;0.09658472243512224
metron-platform\metron-data-management\src\main\java\org\apache\metron\dataloads\extractor\transformfilterextractordecorator.java@org.apache.metron.dataloads.extractor.transformfilterextractordecorator.getcapabilities();False;False;1.0;0.0
metron-platform\metron-data-management\src\main\java\org\apache\metron\dataloads\extractor\transformfilterextractordecorator.java@org.apache.metron.dataloads.extractor.transformfilterextractordecorator.getfilter(map,string);False;False;0.9034152775648784;0.09658472243512224
metron-platform\metron-data-management\src\main\java\org\apache\metron\dataloads\extractor\transformfilterextractordecorator.java@org.apache.metron.dataloads.extractor.transformfilterextractordecorator.getglobalconfig(optional);False;False;0.9034152775648784;0.09658472243512224
metron-platform\metron-data-management\src\main\java\org\apache\metron\dataloads\extractor\transformfilterextractordecorator.java@org.apache.metron.dataloads.extractor.transformfilterextractordecorator.gettransforms(map,string);False;False;0.9034152775648784;0.09658472243512224
metron-platform\metron-data-management\src\main\java\org\apache\metron\dataloads\extractor\transformfilterextractordecorator.java@org.apache.metron.dataloads.extractor.transformfilterextractordecorator.initialize(map);False;False;0.9034152775648784;0.09658472243512224
metron-platform\metron-data-management\src\main\java\org\apache\metron\dataloads\extractor\transformfilterextractordecorator.java@org.apache.metron.dataloads.extractor.transformfilterextractordecorator.initializestate(map);False;False;0.9034152775648784;0.09658472243512224
metron-platform\metron-data-management\src\main\java\org\apache\metron\dataloads\extractor\transformfilterextractordecorator.java@org.apache.metron.dataloads.extractor.transformfilterextractordecorator.mergestates(list);False;False;0.9034152775648784;0.09658472243512224
metron-platform\metron-data-management\src\main\java\org\apache\metron\dataloads\extractor\transformfilterextractordecorator.java@org.apache.metron.dataloads.extractor.transformfilterextractordecorator.setzkclient(optional);False;False;0.9034152775648784;0.09658472243512224
metron-platform\metron-data-management\src\main\java\org\apache\metron\dataloads\extractor\transformfilterextractordecorator.java@org.apache.metron.dataloads.extractor.transformfilterextractordecorator.setupclient(optional,string);False;False;0.9034152775648784;0.09658472243512224
metron-platform\metron-data-management\src\main\java\org\apache\metron\dataloads\extractor\transformfilterextractordecorator.java@org.apache.metron.dataloads.extractor.transformfilterextractordecorator.tostring();False;False;0.986;0.014
metron-platform\metron-data-management\src\main\java\org\apache\metron\dataloads\extractor\transformfilterextractordecorator.java@org.apache.metron.dataloads.extractor.transformfilterextractordecorator.transform(map,map,mapvariableresolver);False;False;0.9034152775648784;0.09658472243512224
metron-platform\metron-data-management\src\main\java\org\apache\metron\dataloads\extractor\transformfilterextractordecorator.java@org.apache.metron.dataloads.extractor.transformfilterextractordecorator.updatelookupkv(lookupkv,atomicreference);False;False;0.9034152775648784;0.09658472243512224
metron-platform\metron-data-management\src\main\java\org\apache\metron\dataloads\extractor\csv\csvextractor.java@org.apache.metron.dataloads.extractor.csv.csvextractor.extract(string);False;False;0.9768;0.0232
metron-platform\metron-data-management\src\main\java\org\apache\metron\dataloads\extractor\csv\csvextractor.java@org.apache.metron.dataloads.extractor.csv.csvextractor.getconverter();False;False;1.0;0.0
metron-platform\metron-data-management\src\main\java\org\apache\metron\dataloads\extractor\csv\csvextractor.java@org.apache.metron.dataloads.extractor.csv.csvextractor.getindicatorcolumn();False;False;1.0;0.0
metron-platform\metron-data-management\src\main\java\org\apache\metron\dataloads\extractor\csv\csvextractor.java@org.apache.metron.dataloads.extractor.csv.csvextractor.gettype();False;False;0.9870016977227632;0.012998302277236747
metron-platform\metron-data-management\src\main\java\org\apache\metron\dataloads\extractor\csv\csvextractor.java@org.apache.metron.dataloads.extractor.csv.csvextractor.gettype(string[]);False;False;0.9034152775648784;0.09658472243512224
metron-platform\metron-data-management\src\main\java\org\apache\metron\dataloads\extractor\csv\csvextractor.java@org.apache.metron.dataloads.extractor.csv.csvextractor.gettypecolumnindex();False;False;0.999;0.001
metron-platform\metron-data-management\src\main\java\org\apache\metron\dataloads\extractor\csv\csvextractor.java@org.apache.metron.dataloads.extractor.csv.csvextractor.initialize(map);False;False;0.9034152775648784;0.09658472243512224
metron-platform\metron-data-management\src\main\java\org\apache\metron\dataloads\extractor\inputformat\wholefileformat.java@org.apache.metron.dataloads.extractor.inputformat.wholefileformat.createrecordreader(inputsplit,taskattemptcontext);False;False;0.9034152775648784;0.09658472243512224
metron-platform\metron-data-management\src\main\java\org\apache\metron\dataloads\extractor\inputformat\wholefileformat.java@org.apache.metron.dataloads.extractor.inputformat.wholefileformat.getcurrentkey();False;False;0.9995;0.0005
metron-platform\metron-data-management\src\main\java\org\apache\metron\dataloads\extractor\inputformat\wholefileformat.java@org.apache.metron.dataloads.extractor.inputformat.wholefileformat.getcurrentvalue();False;False;1.0;0.0
metron-platform\metron-data-management\src\main\java\org\apache\metron\dataloads\extractor\inputformat\wholefileformat.java@org.apache.metron.dataloads.extractor.inputformat.wholefileformat.getprogress();False;False;0.993375518925519;0.006624481074481075
metron-platform\metron-data-management\src\main\java\org\apache\metron\dataloads\extractor\inputformat\wholefileformat.java@org.apache.metron.dataloads.extractor.inputformat.wholefileformat.initialize(inputsplit,taskattemptcontext);False;False;0.9034152775648784;0.09658472243512224
metron-platform\metron-data-management\src\main\java\org\apache\metron\dataloads\extractor\inputformat\wholefileformat.java@org.apache.metron.dataloads.extractor.inputformat.wholefileformat.issplitable(jobcontext,path);False;False;0.9034152775648784;0.09658472243512224
metron-platform\metron-data-management\src\main\java\org\apache\metron\dataloads\extractor\inputformat\wholefileformat.java@org.apache.metron.dataloads.extractor.inputformat.wholefileformat.nextkeyvalue();False;False;0.993;0.007
metron-platform\metron-data-management\src\main\java\org\apache\metron\dataloads\extractor\inputformat\wholefileformat.java@org.apache.metron.dataloads.extractor.inputformat.wholefileformat.set(job,list,map);False;False;0.9034152775648784;0.09658472243512224
metron-platform\metron-data-management\src\main\java\org\apache\metron\dataloads\extractor\inputformat\wholefileformat.java@org.apache.metron.dataloads.extractor.inputformat.wholefileinputformat.createrecordreader(inputsplit,taskattemptcontext);False;False;0.9034152775648784;0.09658472243512224
metron-platform\metron-data-management\src\main\java\org\apache\metron\dataloads\extractor\inputformat\wholefileformat.java@org.apache.metron.dataloads.extractor.inputformat.wholefileinputformat.issplitable(jobcontext,path);False;False;0.9034152775648784;0.09658472243512224
metron-platform\metron-data-management\src\main\java\org\apache\metron\dataloads\extractor\inputformat\wholefileformat.java@org.apache.metron.dataloads.extractor.inputformat.wholefilerecordreader.getcurrentkey();False;False;0.9851351218008023;0.014864878199197096
metron-platform\metron-data-management\src\main\java\org\apache\metron\dataloads\extractor\inputformat\wholefileformat.java@org.apache.metron.dataloads.extractor.inputformat.wholefilerecordreader.getcurrentvalue();False;False;0.9851351218008023;0.014864878199197096
metron-platform\metron-data-management\src\main\java\org\apache\metron\dataloads\extractor\inputformat\wholefileformat.java@org.apache.metron.dataloads.extractor.inputformat.wholefilerecordreader.getprogress();False;False;0.9851351218008023;0.014864878199197096
metron-platform\metron-data-management\src\main\java\org\apache\metron\dataloads\extractor\inputformat\wholefileformat.java@org.apache.metron.dataloads.extractor.inputformat.wholefilerecordreader.initialize(inputsplit,taskattemptcontext);False;False;0.9034152775648784;0.09658472243512224
metron-platform\metron-data-management\src\main\java\org\apache\metron\dataloads\extractor\inputformat\wholefileformat.java@org.apache.metron.dataloads.extractor.inputformat.wholefilerecordreader.nextkeyvalue();False;False;1.0;0.0
metron-platform\metron-data-management\src\main\java\org\apache\metron\dataloads\extractor\stix\stixextractor.java@org.apache.metron.dataloads.extractor.stix.stixextractor.extract(string);False;False;0.987;0.013
metron-platform\metron-data-management\src\main\java\org\apache\metron\dataloads\extractor\stix\stixextractor.java@org.apache.metron.dataloads.extractor.stix.stixextractor.getobservables(stixpackage);False;False;1.0;0.0
metron-platform\metron-data-management\src\main\java\org\apache\metron\dataloads\extractor\stix\stixextractor.java@org.apache.metron.dataloads.extractor.stix.stixextractor.initialize(map);False;False;0.9034152775648784;0.09658472243512224
metron-platform\metron-data-management\src\main\java\org\apache\metron\dataloads\extractor\stix\stixextractor.java@org.apache.metron.dataloads.extractor.stix.stixextractor.main(string[]);False;False;0.9034152775648784;0.09658472243512224
metron-platform\metron-data-management\src\main\java\org\apache\metron\dataloads\extractor\stix\stixextractor.java@org.apache.metron.dataloads.extractor.stix.stixextractor.split(stringobjectpropertytype);False;False;0.984;0.016
metron-platform\metron-data-management\src\main\java\org\apache\metron\dataloads\extractor\stix\types\abstractobjecttypehandler.java@org.apache.metron.dataloads.extractor.stix.types.abstractobjecttypehandler.abstractobjecttypehandler(class);False;False;0.9034152775648784;0.09658472243512224
metron-platform\metron-data-management\src\main\java\org\apache\metron\dataloads\extractor\stix\types\abstractobjecttypehandler.java@org.apache.metron.dataloads.extractor.stix.types.abstractobjecttypehandler.gettype();False;False;1.0;0.0
metron-platform\metron-data-management\src\main\java\org\apache\metron\dataloads\extractor\stix\types\abstractobjecttypehandler.java@org.apache.metron.dataloads.extractor.stix.types.abstractobjecttypehandler.gettypeclass();False;False;0.999;0.001
metron-platform\metron-data-management\src\main\java\org\apache\metron\dataloads\extractor\stix\types\addresshandler.java@org.apache.metron.dataloads.extractor.stix.types.addresshandler.addresshandler();False;False;0.9034152775648784;0.09658472243512224
metron-platform\metron-data-management\src\main\java\org\apache\metron\dataloads\extractor\stix\types\addresshandler.java@org.apache.metron.dataloads.extractor.stix.types.addresshandler.extract(address,map);False;False;0.9034152775648784;0.09658472243512224
metron-platform\metron-data-management\src\main\java\org\apache\metron\dataloads\extractor\stix\types\addresshandler.java@org.apache.metron.dataloads.extractor.stix.types.addresshandler.getpossibletypes();False;False;0.993;0.007
metron-platform\metron-data-management\src\main\java\org\apache\metron\dataloads\extractor\stix\types\domainhandler.java@org.apache.metron.dataloads.extractor.stix.types.domainhandler.domainhandler();False;False;0.9034152775648784;0.09658472243512224
metron-platform\metron-data-management\src\main\java\org\apache\metron\dataloads\extractor\stix\types\domainhandler.java@org.apache.metron.dataloads.extractor.stix.types.domainhandler.extract(domainname,map);False;False;0.9034152775648784;0.09658472243512224
metron-platform\metron-data-management\src\main\java\org\apache\metron\dataloads\extractor\stix\types\domainhandler.java@org.apache.metron.dataloads.extractor.stix.types.domainhandler.getpossibletypes();False;False;0.991;0.009
metron-platform\metron-data-management\src\main\java\org\apache\metron\dataloads\extractor\stix\types\hostnamehandler.java@org.apache.metron.dataloads.extractor.stix.types.hostnamehandler.hostnamehandler();False;False;0.9034152775648784;0.09658472243512224
metron-platform\metron-data-management\src\main\java\org\apache\metron\dataloads\extractor\stix\types\hostnamehandler.java@org.apache.metron.dataloads.extractor.stix.types.hostnamehandler.extract(hostname,map);False;False;0.9034152775648784;0.09658472243512224
metron-platform\metron-data-management\src\main\java\org\apache\metron\dataloads\extractor\stix\types\hostnamehandler.java@org.apache.metron.dataloads.extractor.stix.types.hostnamehandler.getpossibletypes();False;False;0.994;0.006
metron-platform\metron-data-management\src\main\java\org\apache\metron\dataloads\extractor\stix\types\urihandler.java@org.apache.metron.dataloads.extractor.stix.types.urihandler.urihandler();False;False;0.9034152775648784;0.09658472243512224
metron-platform\metron-data-management\src\main\java\org\apache\metron\dataloads\extractor\stix\types\urihandler.java@org.apache.metron.dataloads.extractor.stix.types.urihandler.extract(uriobjecttype,map);False;False;0.9034152775648784;0.09658472243512224
metron-platform\metron-data-management\src\main\java\org\apache\metron\dataloads\extractor\stix\types\urihandler.java@org.apache.metron.dataloads.extractor.stix.types.urihandler.getpossibletypes();False;False;1.0;0.0
metron-platform\metron-data-management\src\main\java\org\apache\metron\dataloads\hbase\mr\bulkloadmapper.java@org.apache.metron.dataloads.hbase.mr.bulkloadmapper.initialize(configuration);False;False;0.9034152775648784;0.09658472243512224
metron-platform\metron-data-management\src\main\java\org\apache\metron\dataloads\hbase\mr\bulkloadmapper.java@org.apache.metron.dataloads.hbase.mr.bulkloadmapper.map(object,text,context);False;False;0.9034152775648784;0.09658472243512224
metron-platform\metron-data-management\src\main\java\org\apache\metron\dataloads\hbase\mr\bulkloadmapper.java@org.apache.metron.dataloads.hbase.mr.bulkloadmapper.setup(context);False;False;0.996;0.004
metron-platform\metron-data-management\src\main\java\org\apache\metron\dataloads\hbase\mr\bulkloadmapper.java@org.apache.metron.dataloads.hbase.mr.bulkloadmapper.write(immutablebyteswritable,put,context);False;False;0.9034152775648784;0.09658472243512224
metron-platform\metron-data-management\src\main\java\org\apache\metron\dataloads\hbase\mr\prunermapper.java@org.apache.metron.dataloads.hbase.mr.prunermapper.getindicator();False;False;0.9999035029046496;9.649709535030588e-05
metron-platform\metron-data-management\src\main\java\org\apache\metron\dataloads\hbase\mr\prunermapper.java@org.apache.metron.dataloads.hbase.mr.prunermapper.map(immutablebyteswritable,result,context);False;False;0.9034152775648784;0.09658472243512224
metron-platform\metron-data-management\src\main\java\org\apache\metron\dataloads\hbase\mr\prunermapper.java@org.apache.metron.dataloads.hbase.mr.prunermapper.setup(context);False;False;0.9034152775648784;0.09658472243512224
metron-platform\metron-data-management\src\main\java\org\apache\metron\dataloads\hbase\mr\prunermapper.java@org.apache.metron.dataloads.hbase.mr.prunermapper.tobytes();False;False;1.0;0.0
metron-platform\metron-data-management\src\main\java\org\apache\metron\dataloads\hbase\mr\prunermapper.java@org.apache.metron.dataloads.hbase.mr.prunermapper.tolookupkey(byte[]);False;False;0.9034152775648784;0.09658472243512224
metron-platform\metron-data-management\src\main\java\org\apache\metron\dataloads\nonbulk\flatfile\commonoptions.java@org.apache.metron.dataloads.nonbulk.flatfile.batchsize.apply(string);False;False;0.9888333333333333;0.011166666666666667
metron-platform\metron-data-management\src\main\java\org\apache\metron\dataloads\nonbulk\flatfile\commonoptions.java@org.apache.metron.dataloads.nonbulk.flatfile.batchsize.getshortcode();False;False;1.0;0.0
metron-platform\metron-data-management\src\main\java\org\apache\metron\dataloads\nonbulk\flatfile\commonoptions.java@org.apache.metron.dataloads.nonbulk.flatfile.batchsize.getvalue(opt_t,commandline);False;False;0.9034152775648784;0.09658472243512224
metron-platform\metron-data-management\src\main\java\org\apache\metron\dataloads\nonbulk\flatfile\commonoptions.java@org.apache.metron.dataloads.nonbulk.flatfile.commonoptions.importmode(object[],object,function);False;False;0.9034152775648784;0.09658472243512224
metron-platform\metron-data-management\src\main\java\org\apache\metron\dataloads\nonbulk\flatfile\commonoptions.java@org.apache.metron.dataloads.nonbulk.flatfile.commonoptions.apply(string);False;False;0.94375;0.05625
metron-platform\metron-data-management\src\main\java\org\apache\metron\dataloads\nonbulk\flatfile\commonoptions.java@org.apache.metron.dataloads.nonbulk.flatfile.commonoptions.getshortcode();False;False;0.992;0.008
metron-platform\metron-data-management\src\main\java\org\apache\metron\dataloads\nonbulk\flatfile\commonoptions.java@org.apache.metron.dataloads.nonbulk.flatfile.commonoptions.getvalue(opt_t,commandline);False;False;0.9034152775648784;0.09658472243512224
metron-platform\metron-data-management\src\main\java\org\apache\metron\dataloads\nonbulk\flatfile\commonoptions.java@org.apache.metron.dataloads.nonbulk.flatfile.extractorconfig.apply(string);False;False;0.9888333333333333;0.011166666666666667
metron-platform\metron-data-management\src\main\java\org\apache\metron\dataloads\nonbulk\flatfile\commonoptions.java@org.apache.metron.dataloads.nonbulk.flatfile.extractorconfig.getshortcode();False;False;1.0;0.0
metron-platform\metron-data-management\src\main\java\org\apache\metron\dataloads\nonbulk\flatfile\commonoptions.java@org.apache.metron.dataloads.nonbulk.flatfile.extractorconfig.getvalue(opt_t,commandline);False;False;0.9034152775648784;0.09658472243512224
metron-platform\metron-data-management\src\main\java\org\apache\metron\dataloads\nonbulk\flatfile\commonoptions.java@org.apache.metron.dataloads.nonbulk.flatfile.help.apply(string);False;False;0.9034152775648784;0.09658472243512224
metron-platform\metron-data-management\src\main\java\org\apache\metron\dataloads\nonbulk\flatfile\commonoptions.java@org.apache.metron.dataloads.nonbulk.flatfile.help.getshortcode();False;False;0.9851351218008023;0.014864878199197096
metron-platform\metron-data-management\src\main\java\org\apache\metron\dataloads\nonbulk\flatfile\commonoptions.java@org.apache.metron.dataloads.nonbulk.flatfile.importmode.importmode(object[],object,function);False;False;0.9034152775648784;0.09658472243512224
metron-platform\metron-data-management\src\main\java\org\apache\metron\dataloads\nonbulk\flatfile\commonoptions.java@org.apache.metron.dataloads.nonbulk.flatfile.importmode.apply(string);False;False;0.9936666666666666;0.006333333333333333
metron-platform\metron-data-management\src\main\java\org\apache\metron\dataloads\nonbulk\flatfile\commonoptions.java@org.apache.metron.dataloads.nonbulk.flatfile.importmode.getshortcode();False;False;0.9851351218008023;0.014864878199197096
metron-platform\metron-data-management\src\main\java\org\apache\metron\dataloads\nonbulk\flatfile\commonoptions.java@org.apache.metron.dataloads.nonbulk.flatfile.importmode.getvalue(opt_t,commandline);False;False;0.9034152775648784;0.09658472243512224
metron-platform\metron-data-management\src\main\java\org\apache\metron\dataloads\nonbulk\flatfile\commonoptions.java@org.apache.metron.dataloads.nonbulk.flatfile.input.apply(string);False;False;0.992;0.008
metron-platform\metron-data-management\src\main\java\org\apache\metron\dataloads\nonbulk\flatfile\commonoptions.java@org.apache.metron.dataloads.nonbulk.flatfile.input.getshortcode();False;False;0.9851351218008023;0.014864878199197096
metron-platform\metron-data-management\src\main\java\org\apache\metron\dataloads\nonbulk\flatfile\commonoptions.java@org.apache.metron.dataloads.nonbulk.flatfile.input.getvalue(opt_t,commandline);False;False;0.9034152775648784;0.09658472243512224
metron-platform\metron-data-management\src\main\java\org\apache\metron\dataloads\nonbulk\flatfile\commonoptions.java@org.apache.metron.dataloads.nonbulk.flatfile.log4jproperties.apply(string);False;False;0.9915;0.0085
metron-platform\metron-data-management\src\main\java\org\apache\metron\dataloads\nonbulk\flatfile\commonoptions.java@org.apache.metron.dataloads.nonbulk.flatfile.log4jproperties.getshortcode();False;False;1.0;0.0
metron-platform\metron-data-management\src\main\java\org\apache\metron\dataloads\nonbulk\flatfile\commonoptions.java@org.apache.metron.dataloads.nonbulk.flatfile.numthreads.apply(string);False;False;0.9935;0.0065
metron-platform\metron-data-management\src\main\java\org\apache\metron\dataloads\nonbulk\flatfile\commonoptions.java@org.apache.metron.dataloads.nonbulk.flatfile.numthreads.getshortcode();False;False;0.9991617776658545;0.0008382223341456683
metron-platform\metron-data-management\src\main\java\org\apache\metron\dataloads\nonbulk\flatfile\commonoptions.java@org.apache.metron.dataloads.nonbulk.flatfile.numthreads.getvalue(opt_t,commandline);False;False;0.9034152775648784;0.09658472243512224
metron-platform\metron-data-management\src\main\java\org\apache\metron\dataloads\nonbulk\flatfile\commonoptions.java@org.apache.metron.dataloads.nonbulk.flatfile.quiet.apply(string);False;False;0.9034152775648784;0.09658472243512224
metron-platform\metron-data-management\src\main\java\org\apache\metron\dataloads\nonbulk\flatfile\commonoptions.java@org.apache.metron.dataloads.nonbulk.flatfile.quiet.getshortcode();False;False;0.9851351218008023;0.014864878199197096
metron-platform\metron-data-management\src\main\java\org\apache\metron\dataloads\nonbulk\flatfile\commonoptions.java@org.apache.metron.dataloads.nonbulk.flatfile.quiet.getvalue(opt_t,commandline);False;False;0.9034152775648784;0.09658472243512224
metron-platform\metron-data-management\src\main\java\org\apache\metron\dataloads\nonbulk\flatfile\hbaseextractorstate.java@org.apache.metron.dataloads.nonbulk.flatfile.hbaseextractorstate.hbaseextractorstate(htableinterface,string,extractor,hbaseconverter,configuration);False;False;0.9034152775648784;0.09658472243512224
metron-platform\metron-data-management\src\main\java\org\apache\metron\dataloads\nonbulk\flatfile\hbaseextractorstate.java@org.apache.metron.dataloads.nonbulk.flatfile.hbaseextractorstate.getcf();False;False;0.992;0.008
metron-platform\metron-data-management\src\main\java\org\apache\metron\dataloads\nonbulk\flatfile\hbaseextractorstate.java@org.apache.metron.dataloads.nonbulk.flatfile.hbaseextractorstate.getconverter();False;False;1.0;0.0
metron-platform\metron-data-management\src\main\java\org\apache\metron\dataloads\nonbulk\flatfile\hbaseextractorstate.java@org.apache.metron.dataloads.nonbulk.flatfile.hbaseextractorstate.getextractor();False;False;1.0;0.0
metron-platform\metron-data-management\src\main\java\org\apache\metron\dataloads\nonbulk\flatfile\hbaseextractorstate.java@org.apache.metron.dataloads.nonbulk.flatfile.hbaseextractorstate.getfilesystem();False;False;1.0;0.0
metron-platform\metron-data-management\src\main\java\org\apache\metron\dataloads\nonbulk\flatfile\hbaseextractorstate.java@org.apache.metron.dataloads.nonbulk.flatfile.hbaseextractorstate.gettable();False;False;1.0;0.0
metron-platform\metron-data-management\src\main\java\org\apache\metron\dataloads\nonbulk\flatfile\simpleenrichmentflatfileloader.java@org.apache.metron.dataloads.nonbulk.flatfile.simpleenrichmentflatfileloader.main(configuration,string[]);False;False;0.9034152775648784;0.09658472243512224
metron-platform\metron-data-management\src\main\java\org\apache\metron\dataloads\nonbulk\flatfile\simpleenrichmentflatfileloader.java@org.apache.metron.dataloads.nonbulk.flatfile.simpleenrichmentflatfileloader.main(string);False;False;0.9875;0.0125
metron-platform\metron-data-management\src\main\java\org\apache\metron\dataloads\nonbulk\flatfile\simpleflatfilesummarizer.java@org.apache.metron.dataloads.nonbulk.flatfile.simpleflatfilesummarizer.main(configuration,string[]);False;False;0.9034152775648784;0.09658472243512224
metron-platform\metron-data-management\src\main\java\org\apache\metron\dataloads\nonbulk\flatfile\simpleflatfilesummarizer.java@org.apache.metron.dataloads.nonbulk.flatfile.simpleflatfilesummarizer.main(string);False;False;0.9575;0.0425
metron-platform\metron-data-management\src\main\java\org\apache\metron\dataloads\nonbulk\flatfile\importer\abstractlocalimporter.java@org.apache.metron.dataloads.nonbulk.flatfile.importer.abstractlocalimporter.assertoption(enummap,options_t);False;False;0.9034152775648784;0.09658472243512224
metron-platform\metron-data-management\src\main\java\org\apache\metron\dataloads\nonbulk\flatfile\importer\abstractlocalimporter.java@org.apache.metron.dataloads.nonbulk.flatfile.importer.abstractlocalimporter.extractlinebyline(list,filesystem,threadlocal,int,int,boolean);False;False;0.9034152775648784;0.09658472243512224
metron-platform\metron-data-management\src\main\java\org\apache\metron\dataloads\nonbulk\flatfile\importer\abstractlocalimporter.java@org.apache.metron.dataloads.nonbulk.flatfile.importer.abstractlocalimporter.extractwholefiles(list,filesystem,threadlocal,boolean);False;False;0.9034152775648784;0.09658472243512224
metron-platform\metron-data-management\src\main\java\org\apache\metron\dataloads\nonbulk\flatfile\importer\abstractlocalimporter.java@org.apache.metron.dataloads.nonbulk.flatfile.importer.abstractlocalimporter.getlocationsrecursive(list,filesystem);False;False;0.9034152775648784;0.09658472243512224
metron-platform\metron-data-management\src\main\java\org\apache\metron\dataloads\nonbulk\flatfile\importer\abstractlocalimporter.java@org.apache.metron.dataloads.nonbulk.flatfile.importer.abstractlocalimporter.importdata(enummap,extractorhandler,configuration);False;False;0.9034152775648784;0.09658472243512224
metron-platform\metron-data-management\src\main\java\org\apache\metron\dataloads\nonbulk\flatfile\importer\abstractlocalimporter.java@org.apache.metron.dataloads.nonbulk.flatfile.importer.abstractlocalimporter.resolvelocation(string,filesystem);False;False;0.9034152775648784;0.09658472243512224
metron-platform\metron-data-management\src\main\java\org\apache\metron\dataloads\nonbulk\flatfile\importer\abstractlocalimporter.java@org.apache.metron.dataloads.nonbulk.flatfile.importer.abstractlocalimporter.update();False;False;0.9541714285714286;0.04582857142857142
metron-platform\metron-data-management\src\main\java\org\apache\metron\dataloads\nonbulk\flatfile\importer\abstractlocalimporter.java@org.apache.metron.dataloads.nonbulk.flatfile.importer.progress.update();False;False;0.9851351218008023;0.014864878199197096
metron-platform\metron-data-management\src\main\java\org\apache\metron\dataloads\nonbulk\flatfile\importer\localimporter.java@org.apache.metron.dataloads.nonbulk.flatfile.importer.localimporter.localimporter();False;False;0.9034152775648784;0.09658472243512224
metron-platform\metron-data-management\src\main\java\org\apache\metron\dataloads\nonbulk\flatfile\importer\localimporter.java@org.apache.metron.dataloads.nonbulk.flatfile.importer.localimporter.localimporter(htableproviderretriever);False;False;0.9034152775648784;0.09658472243512224
metron-platform\metron-data-management\src\main\java\org\apache\metron\dataloads\nonbulk\flatfile\importer\localimporter.java@org.apache.metron.dataloads.nonbulk.flatfile.importer.localimporter.batchsize(enummap);False;False;0.9034152775648784;0.09658472243512224
metron-platform\metron-data-management\src\main\java\org\apache\metron\dataloads\nonbulk\flatfile\importer\localimporter.java@org.apache.metron.dataloads.nonbulk.flatfile.importer.localimporter.createstate(enummap,configuration,extractorhandler);False;False;0.9034152775648784;0.09658472243512224
metron-platform\metron-data-management\src\main\java\org\apache\metron\dataloads\nonbulk\flatfile\importer\localimporter.java@org.apache.metron.dataloads.nonbulk.flatfile.importer.localimporter.extract(hbaseextractorstate,string);False;False;0.9034152775648784;0.09658472243512224
metron-platform\metron-data-management\src\main\java\org\apache\metron\dataloads\nonbulk\flatfile\importer\localimporter.java@org.apache.metron.dataloads.nonbulk.flatfile.importer.localimporter.getinputs(enummap);False;False;0.9034152775648784;0.09658472243512224
metron-platform\metron-data-management\src\main\java\org\apache\metron\dataloads\nonbulk\flatfile\importer\localimporter.java@org.apache.metron.dataloads.nonbulk.flatfile.importer.localimporter.initialvalue();False;False;0.9034152775648784;0.09658472243512224
metron-platform\metron-data-management\src\main\java\org\apache\metron\dataloads\nonbulk\flatfile\importer\localimporter.java@org.apache.metron.dataloads.nonbulk.flatfile.importer.localimporter.isquiet(enummap);False;False;0.9034152775648784;0.09658472243512224
metron-platform\metron-data-management\src\main\java\org\apache\metron\dataloads\nonbulk\flatfile\importer\localimporter.java@org.apache.metron.dataloads.nonbulk.flatfile.importer.localimporter.numthreads(enummap,extractorhandler);False;False;0.9034152775648784;0.09658472243512224
metron-platform\metron-data-management\src\main\java\org\apache\metron\dataloads\nonbulk\flatfile\importer\localimporter.java@org.apache.metron.dataloads.nonbulk.flatfile.importer.localimporter.toput(string,extractor,string,hbaseconverter);False;False;0.9034152775648784;0.09658472243512224
metron-platform\metron-data-management\src\main\java\org\apache\metron\dataloads\nonbulk\flatfile\importer\localimporter.java@org.apache.metron.dataloads.nonbulk.flatfile.importer.localimporter.validatestate(enummap,extractorhandler);False;False;0.9034152775648784;0.09658472243512224
metron-platform\metron-data-management\src\main\java\org\apache\metron\dataloads\nonbulk\flatfile\importer\localsummarizer.java@org.apache.metron.dataloads.nonbulk.flatfile.importer.localsummarizer.localsummarizer();False;False;0.9034152775648784;0.09658472243512224
metron-platform\metron-data-management\src\main\java\org\apache\metron\dataloads\nonbulk\flatfile\importer\localsummarizer.java@org.apache.metron.dataloads.nonbulk.flatfile.importer.localsummarizer.summarizationstate(statefulextractor,object);False;False;0.9034152775648784;0.09658472243512224
metron-platform\metron-data-management\src\main\java\org\apache\metron\dataloads\nonbulk\flatfile\importer\localsummarizer.java@org.apache.metron.dataloads.nonbulk.flatfile.importer.localsummarizer.batchsize(enummap);False;False;0.9034152775648784;0.09658472243512224
metron-platform\metron-data-management\src\main\java\org\apache\metron\dataloads\nonbulk\flatfile\importer\localsummarizer.java@org.apache.metron.dataloads.nonbulk.flatfile.importer.localsummarizer.createstate(enummap,configuration,extractorhandler);False;False;0.9034152775648784;0.09658472243512224
metron-platform\metron-data-management\src\main\java\org\apache\metron\dataloads\nonbulk\flatfile\importer\localsummarizer.java@org.apache.metron.dataloads.nonbulk.flatfile.importer.localsummarizer.extract(summarizationstate,string);False;False;0.9034152775648784;0.09658472243512224
metron-platform\metron-data-management\src\main\java\org\apache\metron\dataloads\nonbulk\flatfile\importer\localsummarizer.java@org.apache.metron.dataloads.nonbulk.flatfile.importer.localsummarizer.getextractor();False;False;1.0;0.0
metron-platform\metron-data-management\src\main\java\org\apache\metron\dataloads\nonbulk\flatfile\importer\localsummarizer.java@org.apache.metron.dataloads.nonbulk.flatfile.importer.localsummarizer.getinputs(enummap);False;False;0.9034152775648784;0.09658472243512224
metron-platform\metron-data-management\src\main\java\org\apache\metron\dataloads\nonbulk\flatfile\importer\localsummarizer.java@org.apache.metron.dataloads.nonbulk.flatfile.importer.localsummarizer.getstate();False;False;1.0;0.0
metron-platform\metron-data-management\src\main\java\org\apache\metron\dataloads\nonbulk\flatfile\importer\localsummarizer.java@org.apache.metron.dataloads.nonbulk.flatfile.importer.localsummarizer.importdata(enummap,extractorhandler,configuration);False;False;0.9034152775648784;0.09658472243512224
metron-platform\metron-data-management\src\main\java\org\apache\metron\dataloads\nonbulk\flatfile\importer\localsummarizer.java@org.apache.metron.dataloads.nonbulk.flatfile.importer.localsummarizer.isquiet(enummap);False;False;0.9034152775648784;0.09658472243512224
metron-platform\metron-data-management\src\main\java\org\apache\metron\dataloads\nonbulk\flatfile\importer\localsummarizer.java@org.apache.metron.dataloads.nonbulk.flatfile.importer.localsummarizer.numthreads(enummap,extractorhandler);False;False;0.9034152775648784;0.09658472243512224
metron-platform\metron-data-management\src\main\java\org\apache\metron\dataloads\nonbulk\flatfile\importer\localsummarizer.java@org.apache.metron.dataloads.nonbulk.flatfile.importer.localsummarizer.validatestate(enummap,extractorhandler);False;False;0.9034152775648784;0.09658472243512224
metron-platform\metron-data-management\src\main\java\org\apache\metron\dataloads\nonbulk\flatfile\importer\localsummarizer.java@org.apache.metron.dataloads.nonbulk.flatfile.importer.summarizationstate.summarizationstate(statefulextractor,object);False;False;0.9034152775648784;0.09658472243512224
metron-platform\metron-data-management\src\main\java\org\apache\metron\dataloads\nonbulk\flatfile\importer\localsummarizer.java@org.apache.metron.dataloads.nonbulk.flatfile.importer.summarizationstate.getextractor();False;False;0.9851351218008023;0.014864878199197096
metron-platform\metron-data-management\src\main\java\org\apache\metron\dataloads\nonbulk\flatfile\importer\localsummarizer.java@org.apache.metron.dataloads.nonbulk.flatfile.importer.summarizationstate.getstate();False;False;0.9851351218008023;0.014864878199197096
metron-platform\metron-data-management\src\main\java\org\apache\metron\dataloads\nonbulk\flatfile\location\filelocation.java@org.apache.metron.dataloads.nonbulk.flatfile.location.filelocation.exists(string);False;False;0.9998571428571429;0.00014285714285714284
metron-platform\metron-data-management\src\main\java\org\apache\metron\dataloads\nonbulk\flatfile\location\filelocation.java@org.apache.metron.dataloads.nonbulk.flatfile.location.filelocation.isdirectory(string);False;False;1.0;0.0
metron-platform\metron-data-management\src\main\java\org\apache\metron\dataloads\nonbulk\flatfile\location\filelocation.java@org.apache.metron.dataloads.nonbulk.flatfile.location.filelocation.list(string);False;False;0.9965;0.0035
metron-platform\metron-data-management\src\main\java\org\apache\metron\dataloads\nonbulk\flatfile\location\filelocation.java@org.apache.metron.dataloads.nonbulk.flatfile.location.filelocation.match(string);False;False;1.0;0.0
metron-platform\metron-data-management\src\main\java\org\apache\metron\dataloads\nonbulk\flatfile\location\filelocation.java@org.apache.metron.dataloads.nonbulk.flatfile.location.filelocation.openinputstream(string);False;False;1.0;0.0
metron-platform\metron-data-management\src\main\java\org\apache\metron\dataloads\nonbulk\flatfile\location\hdfslocation.java@org.apache.metron.dataloads.nonbulk.flatfile.location.hdfslocation.exists(string);False;False;1.0;0.0
metron-platform\metron-data-management\src\main\java\org\apache\metron\dataloads\nonbulk\flatfile\location\hdfslocation.java@org.apache.metron.dataloads.nonbulk.flatfile.location.hdfslocation.init(filesystem);False;False;1.0;0.0
metron-platform\metron-data-management\src\main\java\org\apache\metron\dataloads\nonbulk\flatfile\location\hdfslocation.java@org.apache.metron.dataloads.nonbulk.flatfile.location.hdfslocation.isdirectory(string);False;False;1.0;0.0
metron-platform\metron-data-management\src\main\java\org\apache\metron\dataloads\nonbulk\flatfile\location\hdfslocation.java@org.apache.metron.dataloads.nonbulk.flatfile.location.hdfslocation.list(string);False;False;0.997;0.003
metron-platform\metron-data-management\src\main\java\org\apache\metron\dataloads\nonbulk\flatfile\location\hdfslocation.java@org.apache.metron.dataloads.nonbulk.flatfile.location.hdfslocation.match(string);False;False;0.9034152775648784;0.09658472243512224
metron-platform\metron-data-management\src\main\java\org\apache\metron\dataloads\nonbulk\flatfile\location\hdfslocation.java@org.apache.metron.dataloads.nonbulk.flatfile.location.hdfslocation.openinputstream(string);False;False;1.0;0.0
metron-platform\metron-data-management\src\main\java\org\apache\metron\dataloads\nonbulk\flatfile\location\location.java@org.apache.metron.dataloads.nonbulk.flatfile.location.location.location(string,rawlocation);False;False;0.9034152775648784;0.09658472243512224
metron-platform\metron-data-management\src\main\java\org\apache\metron\dataloads\nonbulk\flatfile\location\location.java@org.apache.metron.dataloads.nonbulk.flatfile.location.location.exists();False;False;0.999;0.001
metron-platform\metron-data-management\src\main\java\org\apache\metron\dataloads\nonbulk\flatfile\location\location.java@org.apache.metron.dataloads.nonbulk.flatfile.location.location.filevisitor(list,consumer,filesystem);False;False;0.9034152775648784;0.09658472243512224
metron-platform\metron-data-management\src\main\java\org\apache\metron\dataloads\nonbulk\flatfile\location\location.java@org.apache.metron.dataloads.nonbulk.flatfile.location.location.getchildren();False;False;0.934295238095238;0.0657047619047619
metron-platform\metron-data-management\src\main\java\org\apache\metron\dataloads\nonbulk\flatfile\location\location.java@org.apache.metron.dataloads.nonbulk.flatfile.location.location.getrawlocation();False;False;1.0;0.0
metron-platform\metron-data-management\src\main\java\org\apache\metron\dataloads\nonbulk\flatfile\location\location.java@org.apache.metron.dataloads.nonbulk.flatfile.location.location.isdirectory();False;False;0.9991824675324675;0.0008175324675324675
metron-platform\metron-data-management\src\main\java\org\apache\metron\dataloads\nonbulk\flatfile\location\location.java@org.apache.metron.dataloads.nonbulk.flatfile.location.location.openreader();False;False;1.0;0.0
metron-platform\metron-data-management\src\main\java\org\apache\metron\dataloads\nonbulk\flatfile\location\location.java@org.apache.metron.dataloads.nonbulk.flatfile.location.location.tostring();False;False;0.9870016977227632;0.012998302277236747
metron-platform\metron-data-management\src\main\java\org\apache\metron\dataloads\nonbulk\flatfile\location\urllocation.java@org.apache.metron.dataloads.nonbulk.flatfile.location.urllocation.exists(string);False;False;0.9995187969924813;0.000481203007518797
metron-platform\metron-data-management\src\main\java\org\apache\metron\dataloads\nonbulk\flatfile\location\urllocation.java@org.apache.metron.dataloads.nonbulk.flatfile.location.urllocation.isdirectory(string);False;False;1.0;0.0
metron-platform\metron-data-management\src\main\java\org\apache\metron\dataloads\nonbulk\flatfile\location\urllocation.java@org.apache.metron.dataloads.nonbulk.flatfile.location.urllocation.list(string);False;False;1.0;0.0
metron-platform\metron-data-management\src\main\java\org\apache\metron\dataloads\nonbulk\flatfile\location\urllocation.java@org.apache.metron.dataloads.nonbulk.flatfile.location.urllocation.match(string);False;False;0.9034152775648784;0.09658472243512224
metron-platform\metron-data-management\src\main\java\org\apache\metron\dataloads\nonbulk\flatfile\location\urllocation.java@org.apache.metron.dataloads.nonbulk.flatfile.location.urllocation.openinputstream(string);False;False;0.998;0.002
metron-platform\metron-data-management\src\main\java\org\apache\metron\dataloads\nonbulk\flatfile\writer\consolewriter.java@org.apache.metron.dataloads.nonbulk.flatfile.writer.consolewriter.write(object,optional,configuration);False;False;0.9034152775648784;0.09658472243512224
metron-platform\metron-data-management\src\main\java\org\apache\metron\dataloads\nonbulk\flatfile\writer\consolewriter.java@org.apache.metron.dataloads.nonbulk.flatfile.writer.consolewriter.write(byte[],optional,configuration);False;False;0.9034152775648784;0.09658472243512224
metron-platform\metron-data-management\src\main\java\org\apache\metron\dataloads\nonbulk\flatfile\writer\hdfswriter.java@org.apache.metron.dataloads.nonbulk.flatfile.writer.hdfswriter.validate(optional,configuration);False;False;0.9034152775648784;0.09658472243512224
metron-platform\metron-data-management\src\main\java\org\apache\metron\dataloads\nonbulk\flatfile\writer\hdfswriter.java@org.apache.metron.dataloads.nonbulk.flatfile.writer.hdfswriter.write(byte[],optional,configuration);False;False;0.9034152775648784;0.09658472243512224
metron-platform\metron-data-management\src\main\java\org\apache\metron\dataloads\nonbulk\flatfile\writer\invalidwriteroutput.java@org.apache.metron.dataloads.nonbulk.flatfile.writer.invalidwriteroutput.invalidwriteroutput(string);False;False;0.9034152775648784;0.09658472243512224
metron-platform\metron-data-management\src\main\java\org\apache\metron\dataloads\nonbulk\flatfile\writer\invalidwriteroutput.java@org.apache.metron.dataloads.nonbulk.flatfile.writer.invalidwriteroutput.invalidwriteroutput(string,throwable);False;False;0.9034152775648784;0.09658472243512224
metron-platform\metron-data-management\src\main\java\org\apache\metron\dataloads\nonbulk\flatfile\writer\localwriter.java@org.apache.metron.dataloads.nonbulk.flatfile.writer.localwriter.validate(optional,configuration);False;False;0.9034152775648784;0.09658472243512224
metron-platform\metron-data-management\src\main\java\org\apache\metron\dataloads\nonbulk\flatfile\writer\localwriter.java@org.apache.metron.dataloads.nonbulk.flatfile.writer.localwriter.write(byte[],optional,configuration);False;False;0.9034152775648784;0.09658472243512224
metron-platform\metron-data-management\src\main\java\org\apache\metron\dataloads\nonbulk\geo\geoenrichmentloader.java@org.apache.metron.dataloads.nonbulk.geo.geoenrichmentloader.geoenrichmentoptions(string,geoenrichmentloader);False;False;0.9034152775648784;0.09658472243512224
metron-platform\metron-data-management\src\main\java\org\apache\metron\dataloads\nonbulk\geo\geoenrichmentloader.java@org.apache.metron.dataloads.nonbulk.geo.geoenrichmentloader.apply(string);False;False;0.986;0.014
metron-platform\metron-data-management\src\main\java\org\apache\metron\dataloads\nonbulk\geo\geoenrichmentloader.java@org.apache.metron.dataloads.nonbulk.geo.geoenrichmentloader.downloadgeofile(string,string,int);False;False;0.9034152775648784;0.09658472243512224
metron-platform\metron-data-management\src\main\java\org\apache\metron\dataloads\nonbulk\geo\geoenrichmentloader.java@org.apache.metron.dataloads.nonbulk.geo.geoenrichmentloader.get(commandline);False;False;1.0;0.0
metron-platform\metron-data-management\src\main\java\org\apache\metron\dataloads\nonbulk\geo\geoenrichmentloader.java@org.apache.metron.dataloads.nonbulk.geo.geoenrichmentloader.get(commandline,string);False;False;0.9034152775648784;0.09658472243512224
metron-platform\metron-data-management\src\main\java\org\apache\metron\dataloads\nonbulk\geo\geoenrichmentloader.java@org.apache.metron.dataloads.nonbulk.geo.geoenrichmentloader.getoptions();False;False;0.999;0.001
metron-platform\metron-data-management\src\main\java\org\apache\metron\dataloads\nonbulk\geo\geoenrichmentloader.java@org.apache.metron.dataloads.nonbulk.geo.geoenrichmentloader.has(commandline);False;False;1.0;0.0
metron-platform\metron-data-management\src\main\java\org\apache\metron\dataloads\nonbulk\geo\geoenrichmentloader.java@org.apache.metron.dataloads.nonbulk.geo.geoenrichmentloader.loadgeoipdatabase(commandline);False;False;0.9034152775648784;0.09658472243512224
metron-platform\metron-data-management\src\main\java\org\apache\metron\dataloads\nonbulk\geo\geoenrichmentloader.java@org.apache.metron.dataloads.nonbulk.geo.geoenrichmentloader.main(string);False;False;0.994;0.006
metron-platform\metron-data-management\src\main\java\org\apache\metron\dataloads\nonbulk\geo\geoenrichmentloader.java@org.apache.metron.dataloads.nonbulk.geo.geoenrichmentloader.parse(commandlineparser,string[]);False;False;0.9034152775648784;0.09658472243512224
metron-platform\metron-data-management\src\main\java\org\apache\metron\dataloads\nonbulk\geo\geoenrichmentloader.java@org.apache.metron.dataloads.nonbulk.geo.geoenrichmentloader.printhelp();False;False;1.0;0.0
metron-platform\metron-data-management\src\main\java\org\apache\metron\dataloads\nonbulk\geo\geoenrichmentloader.java@org.apache.metron.dataloads.nonbulk.geo.geoenrichmentloader.pushconfig(path,path,string);False;False;0.9034152775648784;0.09658472243512224
metron-platform\metron-data-management\src\main\java\org\apache\metron\dataloads\nonbulk\geo\geoenrichmentloader.java@org.apache.metron.dataloads.nonbulk.geo.geoenrichmentloader.putdbfile(path,path);False;False;0.9034152775648784;0.09658472243512224
metron-platform\metron-data-management\src\main\java\org\apache\metron\dataloads\nonbulk\taxii\tableinfo.java@org.apache.metron.dataloads.nonbulk.taxii.tableinfo.tableinfo(string);False;False;0.9034152775648784;0.09658472243512224
metron-platform\metron-data-management\src\main\java\org\apache\metron\dataloads\nonbulk\taxii\tableinfo.java@org.apache.metron.dataloads.nonbulk.taxii.tableinfo.equals(object);False;False;0.999;0.001
metron-platform\metron-data-management\src\main\java\org\apache\metron\dataloads\nonbulk\taxii\tableinfo.java@org.apache.metron.dataloads.nonbulk.taxii.tableinfo.getcolumnfamily();False;False;1.0;0.0
metron-platform\metron-data-management\src\main\java\org\apache\metron\dataloads\nonbulk\taxii\tableinfo.java@org.apache.metron.dataloads.nonbulk.taxii.tableinfo.gettablename();False;False;0.991;0.009
metron-platform\metron-data-management\src\main\java\org\apache\metron\dataloads\nonbulk\taxii\tableinfo.java@org.apache.metron.dataloads.nonbulk.taxii.tableinfo.hashcode();False;False;0.998;0.002
metron-platform\metron-data-management\src\main\java\org\apache\metron\dataloads\nonbulk\taxii\tableinfo.java@org.apache.metron.dataloads.nonbulk.taxii.tableinfo.tostring();False;False;1.0;0.0
metron-platform\metron-data-management\src\main\java\org\apache\metron\dataloads\nonbulk\taxii\taxiiconnectionconfig.java@org.apache.metron.dataloads.nonbulk.taxii.taxiiconnectionconfig.getallowedindicatortypes();False;False;1.0;0.0
metron-platform\metron-data-management\src\main\java\org\apache\metron\dataloads\nonbulk\taxii\taxiiconnectionconfig.java@org.apache.metron.dataloads.nonbulk.taxii.taxiiconnectionconfig.getbegintime();False;False;1.0;0.0
metron-platform\metron-data-management\src\main\java\org\apache\metron\dataloads\nonbulk\taxii\taxiiconnectionconfig.java@org.apache.metron.dataloads.nonbulk.taxii.taxiiconnectionconfig.getcollection();False;False;0.9870016977227632;0.012998302277236747
metron-platform\metron-data-management\src\main\java\org\apache\metron\dataloads\nonbulk\taxii\taxiiconnectionconfig.java@org.apache.metron.dataloads.nonbulk.taxii.taxiiconnectionconfig.getcolumnfamily();False;False;1.0;0.0
metron-platform\metron-data-management\src\main\java\org\apache\metron\dataloads\nonbulk\taxii\taxiiconnectionconfig.java@org.apache.metron.dataloads.nonbulk.taxii.taxiiconnectionconfig.getendpoint();False;False;0.9417685107265211;0.05823148927348096
metron-platform\metron-data-management\src\main\java\org\apache\metron\dataloads\nonbulk\taxii\taxiiconnectionconfig.java@org.apache.metron.dataloads.nonbulk.taxii.taxiiconnectionconfig.getpassword();False;False;0.9870016977227632;0.012998302277236747
metron-platform\metron-data-management\src\main\java\org\apache\metron\dataloads\nonbulk\taxii\taxiiconnectionconfig.java@org.apache.metron.dataloads.nonbulk.taxii.taxiiconnectionconfig.getport();False;False;0.9870016977227632;0.012998302277236747
metron-platform\metron-data-management\src\main\java\org\apache\metron\dataloads\nonbulk\taxii\taxiiconnectionconfig.java@org.apache.metron.dataloads.nonbulk.taxii.taxiiconnectionconfig.getproxy();False;False;0.9417685107265211;0.05823148927348096
metron-platform\metron-data-management\src\main\java\org\apache\metron\dataloads\nonbulk\taxii\taxiiconnectionconfig.java@org.apache.metron.dataloads.nonbulk.taxii.taxiiconnectionconfig.getsubscriptionid();False;False;1.0;0.0
metron-platform\metron-data-management\src\main\java\org\apache\metron\dataloads\nonbulk\taxii\taxiiconnectionconfig.java@org.apache.metron.dataloads.nonbulk.taxii.taxiiconnectionconfig.gettable();False;False;0.9870016977227632;0.012998302277236747
metron-platform\metron-data-management\src\main\java\org\apache\metron\dataloads\nonbulk\taxii\taxiiconnectionconfig.java@org.apache.metron.dataloads.nonbulk.taxii.taxiiconnectionconfig.gettype();False;False;1.0;0.0
metron-platform\metron-data-management\src\main\java\org\apache\metron\dataloads\nonbulk\taxii\taxiiconnectionconfig.java@org.apache.metron.dataloads.nonbulk.taxii.taxiiconnectionconfig.getusername();False;False;0.9870016977227632;0.012998302277236747
metron-platform\metron-data-management\src\main\java\org\apache\metron\dataloads\nonbulk\taxii\taxiiconnectionconfig.java@org.apache.metron.dataloads.nonbulk.taxii.taxiiconnectionconfig.load(inputstream);False;False;0.9855083333333331;0.014491666666666668
metron-platform\metron-data-management\src\main\java\org\apache\metron\dataloads\nonbulk\taxii\taxiiconnectionconfig.java@org.apache.metron.dataloads.nonbulk.taxii.taxiiconnectionconfig.load(string);False;False;0.99825;0.00175
metron-platform\metron-data-management\src\main\java\org\apache\metron\dataloads\nonbulk\taxii\taxiiconnectionconfig.java@org.apache.metron.dataloads.nonbulk.taxii.taxiiconnectionconfig.load(string,charset);False;False;0.9034152775648784;0.09658472243512224
metron-platform\metron-data-management\src\main\java\org\apache\metron\dataloads\nonbulk\taxii\taxiiconnectionconfig.java@org.apache.metron.dataloads.nonbulk.taxii.taxiiconnectionconfig.setallowedindicatortypes(list);False;False;0.9034152775648784;0.09658472243512224
metron-platform\metron-data-management\src\main\java\org\apache\metron\dataloads\nonbulk\taxii\taxiiconnectionconfig.java@org.apache.metron.dataloads.nonbulk.taxii.taxiiconnectionconfig.setbegintime(string);False;False;0.9918333333333335;0.008166666666666666
metron-platform\metron-data-management\src\main\java\org\apache\metron\dataloads\nonbulk\taxii\taxiiconnectionconfig.java@org.apache.metron.dataloads.nonbulk.taxii.taxiiconnectionconfig.setcollection(string);False;False;0.9863333374684377;0.013666662531561671
metron-platform\metron-data-management\src\main\java\org\apache\metron\dataloads\nonbulk\taxii\taxiiconnectionconfig.java@org.apache.metron.dataloads.nonbulk.taxii.taxiiconnectionconfig.setcolumnfamily(string);False;False;0.9775952569781741;0.022404743021829047
metron-platform\metron-data-management\src\main\java\org\apache\metron\dataloads\nonbulk\taxii\taxiiconnectionconfig.java@org.apache.metron.dataloads.nonbulk.taxii.taxiiconnectionconfig.setendpoint(string);False;False;0.9980448801198801;0.0019551198801198797
metron-platform\metron-data-management\src\main\java\org\apache\metron\dataloads\nonbulk\taxii\taxiiconnectionconfig.java@org.apache.metron.dataloads.nonbulk.taxii.taxiiconnectionconfig.setpassword(string);False;False;0.9863333374684377;0.013666662531561671
metron-platform\metron-data-management\src\main\java\org\apache\metron\dataloads\nonbulk\taxii\taxiiconnectionconfig.java@org.apache.metron.dataloads.nonbulk.taxii.taxiiconnectionconfig.setport(int);False;False;0.9863333374684377;0.013666662531561671
metron-platform\metron-data-management\src\main\java\org\apache\metron\dataloads\nonbulk\taxii\taxiiconnectionconfig.java@org.apache.metron.dataloads.nonbulk.taxii.taxiiconnectionconfig.setproxy(string);False;False;0.9980448801198801;0.0019551198801198797
metron-platform\metron-data-management\src\main\java\org\apache\metron\dataloads\nonbulk\taxii\taxiiconnectionconfig.java@org.apache.metron.dataloads.nonbulk.taxii.taxiiconnectionconfig.setsubscriptionid(string);False;False;0.9775952569781741;0.022404743021829047
metron-platform\metron-data-management\src\main\java\org\apache\metron\dataloads\nonbulk\taxii\taxiiconnectionconfig.java@org.apache.metron.dataloads.nonbulk.taxii.taxiiconnectionconfig.settable(string);False;False;0.9863333374684377;0.013666662531561671
metron-platform\metron-data-management\src\main\java\org\apache\metron\dataloads\nonbulk\taxii\taxiiconnectionconfig.java@org.apache.metron.dataloads.nonbulk.taxii.taxiiconnectionconfig.settype(connectiontype);False;False;1.0;0.0
metron-platform\metron-data-management\src\main\java\org\apache\metron\dataloads\nonbulk\taxii\taxiiconnectionconfig.java@org.apache.metron.dataloads.nonbulk.taxii.taxiiconnectionconfig.setusername(string);False;False;0.9863333374684377;0.013666662531561671
metron-platform\metron-data-management\src\main\java\org\apache\metron\dataloads\nonbulk\taxii\taxiiconnectionconfig.java@org.apache.metron.dataloads.nonbulk.taxii.taxiiconnectionconfig.tostring();False;False;0.955;0.045
metron-platform\metron-data-management\src\main\java\org\apache\metron\dataloads\nonbulk\taxii\taxiiconnectionconfig.java@org.apache.metron.dataloads.nonbulk.taxii.taxiiconnectionconfig.withallowedindicatortypes(list);False;False;0.9034152775648784;0.09658472243512224
metron-platform\metron-data-management\src\main\java\org\apache\metron\dataloads\nonbulk\taxii\taxiiconnectionconfig.java@org.apache.metron.dataloads.nonbulk.taxii.taxiiconnectionconfig.withbegintime(date);False;False;1.0;0.0
metron-platform\metron-data-management\src\main\java\org\apache\metron\dataloads\nonbulk\taxii\taxiiconnectionconfig.java@org.apache.metron.dataloads.nonbulk.taxii.taxiiconnectionconfig.withcollection(string);False;False;1.0;0.0
metron-platform\metron-data-management\src\main\java\org\apache\metron\dataloads\nonbulk\taxii\taxiiconnectionconfig.java@org.apache.metron.dataloads.nonbulk.taxii.taxiiconnectionconfig.withcolumnfamily(string);False;False;1.0;0.0
metron-platform\metron-data-management\src\main\java\org\apache\metron\dataloads\nonbulk\taxii\taxiiconnectionconfig.java@org.apache.metron.dataloads.nonbulk.taxii.taxiiconnectionconfig.withconnectiontype(connectiontype);False;False;1.0;0.0
metron-platform\metron-data-management\src\main\java\org\apache\metron\dataloads\nonbulk\taxii\taxiiconnectionconfig.java@org.apache.metron.dataloads.nonbulk.taxii.taxiiconnectionconfig.withendpoint(url);False;False;1.0;0.0
metron-platform\metron-data-management\src\main\java\org\apache\metron\dataloads\nonbulk\taxii\taxiiconnectionconfig.java@org.apache.metron.dataloads.nonbulk.taxii.taxiiconnectionconfig.withpassword(string);False;False;1.0;0.0
metron-platform\metron-data-management\src\main\java\org\apache\metron\dataloads\nonbulk\taxii\taxiiconnectionconfig.java@org.apache.metron.dataloads.nonbulk.taxii.taxiiconnectionconfig.withport(int);False;False;1.0;0.0
metron-platform\metron-data-management\src\main\java\org\apache\metron\dataloads\nonbulk\taxii\taxiiconnectionconfig.java@org.apache.metron.dataloads.nonbulk.taxii.taxiiconnectionconfig.withproxy(url);False;False;1.0;0.0
metron-platform\metron-data-management\src\main\java\org\apache\metron\dataloads\nonbulk\taxii\taxiiconnectionconfig.java@org.apache.metron.dataloads.nonbulk.taxii.taxiiconnectionconfig.withsubscriptionid(string);False;False;1.0;0.0
metron-platform\metron-data-management\src\main\java\org\apache\metron\dataloads\nonbulk\taxii\taxiiconnectionconfig.java@org.apache.metron.dataloads.nonbulk.taxii.taxiiconnectionconfig.withtable(string);False;False;1.0;0.0
metron-platform\metron-data-management\src\main\java\org\apache\metron\dataloads\nonbulk\taxii\taxiiconnectionconfig.java@org.apache.metron.dataloads.nonbulk.taxii.taxiiconnectionconfig.withusername(string);False;False;1.0;0.0
metron-platform\metron-data-management\src\main\java\org\apache\metron\dataloads\nonbulk\taxii\taxiihandler.java@org.apache.metron.dataloads.nonbulk.taxii.taxiihandler.taxiihandler(taxiiconnectionconfig,extractor,configuration);False;False;0.9034152775648784;0.09658472243512224
metron-platform\metron-data-management\src\main\java\org\apache\metron\dataloads\nonbulk\taxii\taxiihandler.java@org.apache.metron.dataloads.nonbulk.taxii.taxiihandler.buildclient(url,string,string);False;False;0.9034152775648784;0.09658472243512224
metron-platform\metron-data-management\src\main\java\org\apache\metron\dataloads\nonbulk\taxii\taxiihandler.java@org.apache.metron.dataloads.nonbulk.taxii.taxiihandler.call(httpclient,uri,request_t,httpclientcontext,class);False;False;0.9034152775648784;0.09658472243512224
metron-platform\metron-data-management\src\main\java\org\apache\metron\dataloads\nonbulk\taxii\taxiihandler.java@org.apache.metron.dataloads.nonbulk.taxii.taxiihandler.call(object,class);False;False;0.9034152775648784;0.09658472243512224
metron-platform\metron-data-management\src\main\java\org\apache\metron\dataloads\nonbulk\taxii\taxiihandler.java@org.apache.metron.dataloads.nonbulk.taxii.taxiihandler.createcontext(url,string,string,int);False;False;0.9034152775648784;0.09658472243512224
metron-platform\metron-data-management\src\main\java\org\apache\metron\dataloads\nonbulk\taxii\taxiihandler.java@org.apache.metron.dataloads.nonbulk.taxii.taxiihandler.createhtable(string);False;False;1.0;0.0
metron-platform\metron-data-management\src\main\java\org\apache\metron\dataloads\nonbulk\taxii\taxiihandler.java@org.apache.metron.dataloads.nonbulk.taxii.taxiihandler.discoverpollingclient(url,url,string,string,httpclientcontext,string);False;False;0.9034152775648784;0.09658472243512224
metron-platform\metron-data-management\src\main\java\org\apache\metron\dataloads\nonbulk\taxii\taxiihandler.java@org.apache.metron.dataloads.nonbulk.taxii.taxiihandler.getstringfromdocument(document);False;False;0.9034152775648784;0.09658472243512224
metron-platform\metron-data-management\src\main\java\org\apache\metron\dataloads\nonbulk\taxii\taxiihandler.java@org.apache.metron.dataloads.nonbulk.taxii.taxiihandler.gettable(string);False;False;0.97725;0.02275
metron-platform\metron-data-management\src\main\java\org\apache\metron\dataloads\nonbulk\taxii\taxiihandler.java@org.apache.metron.dataloads.nonbulk.taxii.taxiihandler.initialvalue();False;False;0.994;0.006
metron-platform\metron-data-management\src\main\java\org\apache\metron\dataloads\nonbulk\taxii\taxiihandler.java@org.apache.metron.dataloads.nonbulk.taxii.taxiihandler.initializeclient(taxiiconnectionconfig);False;False;0.972;0.028
metron-platform\metron-data-management\src\main\java\org\apache\metron\dataloads\nonbulk\taxii\taxiihandler.java@org.apache.metron.dataloads.nonbulk.taxii.taxiihandler.run();False;False;0.9034152775648784;0.09658472243512224
metron-platform\metron-data-management\src\main\java\org\apache\metron\dataloads\nonbulk\taxii\taxiiloader.java@org.apache.metron.dataloads.nonbulk.taxii.taxiiloader.taxiioptions(string,optionhandler);False;False;0.9034152775648784;0.09658472243512224
metron-platform\metron-data-management\src\main\java\org\apache\metron\dataloads\nonbulk\taxii\taxiiloader.java@org.apache.metron.dataloads.nonbulk.taxii.taxiiloader.apply(string);False;False;0.991;0.009
metron-platform\metron-data-management\src\main\java\org\apache\metron\dataloads\nonbulk\taxii\taxiiloader.java@org.apache.metron.dataloads.nonbulk.taxii.taxiiloader.get(commandline);False;False;1.0;0.0
metron-platform\metron-data-management\src\main\java\org\apache\metron\dataloads\nonbulk\taxii\taxiiloader.java@org.apache.metron.dataloads.nonbulk.taxii.taxiiloader.getoptions();False;False;1.0;0.0
metron-platform\metron-data-management\src\main\java\org\apache\metron\dataloads\nonbulk\taxii\taxiiloader.java@org.apache.metron.dataloads.nonbulk.taxii.taxiiloader.has(commandline);False;False;1.0;0.0
metron-platform\metron-data-management\src\main\java\org\apache\metron\dataloads\nonbulk\taxii\taxiiloader.java@org.apache.metron.dataloads.nonbulk.taxii.taxiiloader.isstixextractor(extractor);False;False;0.97425;0.02575
metron-platform\metron-data-management\src\main\java\org\apache\metron\dataloads\nonbulk\taxii\taxiiloader.java@org.apache.metron.dataloads.nonbulk.taxii.taxiiloader.main(string);False;False;0.986;0.014
metron-platform\metron-data-management\src\main\java\org\apache\metron\dataloads\nonbulk\taxii\taxiiloader.java@org.apache.metron.dataloads.nonbulk.taxii.taxiiloader.parse(commandlineparser,string[]);False;False;0.9034152775648784;0.09658472243512224
metron-platform\metron-data-management\src\main\java\org\apache\metron\dataloads\nonbulk\taxii\taxiiloader.java@org.apache.metron.dataloads.nonbulk.taxii.taxiiloader.printhelp();False;False;1.0;0.0
metron-platform\metron-data-management\src\test\java\org\apache\metron\dataloads\bulk\hdfsdataprunertest.java@org.apache.metron.dataloads.bulk.hdfsdataprunertest.beforeclass();False;False;0.9806;0.019399999999999997
metron-platform\metron-data-management\src\test\java\org\apache\metron\dataloads\bulk\hdfsdataprunertest.java@org.apache.metron.dataloads.bulk.hdfsdataprunertest.createtestfiles();False;False;0.99;0.01
metron-platform\metron-data-management\src\test\java\org\apache\metron\dataloads\bulk\hdfsdataprunertest.java@org.apache.metron.dataloads.bulk.hdfsdataprunertest.setup();False;False;0.9781333333333333;0.021866666666666666
metron-platform\metron-data-management\src\test\java\org\apache\metron\dataloads\bulk\hdfsdataprunertest.java@org.apache.metron.dataloads.bulk.hdfsdataprunertest.testdeletescorrectfiles();False;False;0.9955;0.0045
metron-platform\metron-data-management\src\test\java\org\apache\metron\dataloads\bulk\hdfsdataprunertest.java@org.apache.metron.dataloads.bulk.hdfsdataprunertest.testfailsontodaysdate();False;False;0.989;0.011
metron-platform\metron-data-management\src\test\java\org\apache\metron\dataloads\bulk\hdfsdataprunertest.java@org.apache.metron.dataloads.bulk.hdfsdataprunertest.testignoresdirectories();False;False;0.997;0.003
metron-platform\metron-data-management\src\test\java\org\apache\metron\dataloads\bulk\hdfsdataprunertest.java@org.apache.metron.dataloads.bulk.hdfsdataprunertest.testthrowbadfile();False;False;0.9034152775648784;0.09658472243512224
metron-platform\metron-data-management\src\test\java\org\apache\metron\dataloads\bulk\hdfsdataprunertest.java@org.apache.metron.dataloads.bulk.hdfsdataprunertest.testthrowsisdirectory();False;False;0.9034152775648784;0.09658472243512224
metron-platform\metron-data-management\src\test\java\org\apache\metron\dataloads\extractor\extractordecoratortest.java@org.apache.metron.dataloads.extractor.extractordecoratortest.before();False;False;0.996;0.004
metron-platform\metron-data-management\src\test\java\org\apache\metron\dataloads\extractor\extractordecoratortest.java@org.apache.metron.dataloads.extractor.extractordecoratortest.calls_extractor_methods();False;False;0.999;0.001
metron-platform\metron-data-management\src\test\java\org\apache\metron\dataloads\extractor\extractordecoratortest.java@org.apache.metron.dataloads.extractor.extractordecoratortest.sets_member_variables();False;False;0.98725;0.01275
metron-platform\metron-data-management\src\test\java\org\apache\metron\dataloads\extractor\extractortest.java@org.apache.metron.dataloads.extractor.dummyextractor.extract(string);False;False;0.9034152775648784;0.09658472243512224
metron-platform\metron-data-management\src\test\java\org\apache\metron\dataloads\extractor\extractortest.java@org.apache.metron.dataloads.extractor.extractortest.extract(string);False;False;0.991;0.009
metron-platform\metron-data-management\src\test\java\org\apache\metron\dataloads\extractor\extractortest.java@org.apache.metron.dataloads.extractor.extractortest.testdummyextractor();False;False;0.992;0.008
metron-platform\metron-data-management\src\test\java\org\apache\metron\dataloads\extractor\extractortest.java@org.apache.metron.dataloads.extractor.extractortest.testextractionloading();False;False;0.994;0.006
metron-platform\metron-data-management\src\test\java\org\apache\metron\dataloads\extractor\transformfilterextractordecoratortest.java@org.apache.metron.dataloads.extractor.transformfilterextractordecoratortest.bad_indicator_filter_causes_exception();False;False;1.0;0.0
metron-platform\metron-data-management\src\test\java\org\apache\metron\dataloads\extractor\transformfilterextractordecoratortest.java@org.apache.metron.dataloads.extractor.transformfilterextractordecoratortest.bad_indicator_transform_causes_exception();False;False;1.0;0.0
metron-platform\metron-data-management\src\test\java\org\apache\metron\dataloads\extractor\transformfilterextractordecoratortest.java@org.apache.metron.dataloads.extractor.transformfilterextractordecoratortest.bad_value_filter_causes_exception();False;False;1.0;0.0
metron-platform\metron-data-management\src\test\java\org\apache\metron\dataloads\extractor\transformfilterextractordecoratortest.java@org.apache.metron.dataloads.extractor.transformfilterextractordecoratortest.bad_value_transform_causes_exception();False;False;1.0;0.0
metron-platform\metron-data-management\src\test\java\org\apache\metron\dataloads\extractor\transformfilterextractordecoratortest.java@org.apache.metron.dataloads.extractor.transformfilterextractordecoratortest.filters_indicators();False;False;1.0;0.0
metron-platform\metron-data-management\src\test\java\org\apache\metron\dataloads\extractor\transformfilterextractordecoratortest.java@org.apache.metron.dataloads.extractor.transformfilterextractordecoratortest.filters_values();False;False;0.998;0.002
metron-platform\metron-data-management\src\test\java\org\apache\metron\dataloads\extractor\transformfilterextractordecoratortest.java@org.apache.metron.dataloads.extractor.transformfilterextractordecoratortest.setup();False;False;0.979;0.021
metron-platform\metron-data-management\src\test\java\org\apache\metron\dataloads\extractor\transformfilterextractordecoratortest.java@org.apache.metron.dataloads.extractor.transformfilterextractordecoratortest.transforms_values_and_indicators();False;False;0.9955;0.0045
metron-platform\metron-data-management\src\test\java\org\apache\metron\dataloads\extractor\csv\csvextractortest.java@org.apache.metron.dataloads.extractor.csv.csvextractortest.testcsvextractor();False;False;0.961;0.039
metron-platform\metron-data-management\src\test\java\org\apache\metron\dataloads\extractor\csv\csvextractortest.java@org.apache.metron.dataloads.extractor.csv.csvextractortest.testinitialize();False;False;0.9924166666666667;0.007583333333333334
metron-platform\metron-data-management\src\test\java\org\apache\metron\dataloads\extractor\csv\csvextractortest.java@org.apache.metron.dataloads.extractor.csv.csvextractortest.validate(extractorhandler);False;False;1.0;0.0
metron-platform\metron-data-management\src\test\java\org\apache\metron\dataloads\extractor\stix\stixextractortest.java@org.apache.metron.dataloads.extractor.stix.stixextractortest.setup();False;False;0.99275;0.00725
metron-platform\metron-data-management\src\test\java\org\apache\metron\dataloads\extractor\stix\stixextractortest.java@org.apache.metron.dataloads.extractor.stix.stixextractortest.teststixaddresses(string);False;False;0.9034152775648784;0.09658472243512224
metron-platform\metron-data-management\src\test\java\org\apache\metron\dataloads\extractor\stix\stixextractortest.java@org.apache.metron.dataloads.extractor.stix.stixextractortest.teststixaddresseswithcondition();False;False;1.0;0.0
metron-platform\metron-data-management\src\test\java\org\apache\metron\dataloads\extractor\stix\stixextractortest.java@org.apache.metron.dataloads.extractor.stix.stixextractortest.teststixaddresseswithoutcondition();False;False;1.0;0.0
metron-platform\metron-data-management\src\test\java\org\apache\metron\dataloads\extractor\stix\urihandlertest.java@org.apache.metron.dataloads.extractor.stix.urihandlertest.testurihandler();False;False;0.997;0.003
metron-platform\metron-data-management\src\test\java\org\apache\metron\dataloads\hbase\hbaseenrichmentconvertertest.java@org.apache.metron.dataloads.hbase.hbaseenrichmentconvertertest.testget();False;False;0.968;0.032
metron-platform\metron-data-management\src\test\java\org\apache\metron\dataloads\hbase\hbaseenrichmentconvertertest.java@org.apache.metron.dataloads.hbase.hbaseenrichmentconvertertest.testkeyserialization();False;False;0.996;0.004
metron-platform\metron-data-management\src\test\java\org\apache\metron\dataloads\hbase\hbaseenrichmentconvertertest.java@org.apache.metron.dataloads.hbase.hbaseenrichmentconvertertest.testkeyserializationremainsconstant();False;False;0.973;0.027
metron-platform\metron-data-management\src\test\java\org\apache\metron\dataloads\hbase\hbaseenrichmentconvertertest.java@org.apache.metron.dataloads.hbase.hbaseenrichmentconvertertest.testput();False;False;0.998;0.002
metron-platform\metron-data-management\src\test\java\org\apache\metron\dataloads\hbase\hbaseenrichmentconvertertest.java@org.apache.metron.dataloads.hbase.hbaseenrichmentconvertertest.testresult();False;False;0.998;0.002
metron-platform\metron-data-management\src\test\java\org\apache\metron\dataloads\hbase\mr\bulkloadmappertest.java@org.apache.metron.dataloads.hbase.mr.bulkloadmappertest.testmapper();False;False;0.9034152775648784;0.09658472243512224
metron-platform\metron-data-management\src\test\java\org\apache\metron\dataloads\hbase\mr\bulkloadmappertest.java@org.apache.metron.dataloads.hbase.mr.bulkloadmappertest.write(immutablebyteswritable,put,context);False;False;0.9034152775648784;0.09658472243512224
metron-platform\metron-data-management\src\test\java\org\apache\metron\dataloads\hbase\mr\leastrecentlyusedprunerintegrationtest.java@org.apache.metron.dataloads.hbase.mr.leastrecentlyusedprunerintegrationtest.getkeys(int,int);False;False;0.9034152775648784;0.09658472243512224
metron-platform\metron-data-management\src\test\java\org\apache\metron\dataloads\hbase\mr\leastrecentlyusedprunerintegrationtest.java@org.apache.metron.dataloads.hbase.mr.leastrecentlyusedprunerintegrationtest.setup();False;False;0.948;0.052
metron-platform\metron-data-management\src\test\java\org\apache\metron\dataloads\hbase\mr\leastrecentlyusedprunerintegrationtest.java@org.apache.metron.dataloads.hbase.mr.leastrecentlyusedprunerintegrationtest.teardown();False;False;0.999;0.001
metron-platform\metron-data-management\src\test\java\org\apache\metron\dataloads\hbase\mr\leastrecentlyusedprunerintegrationtest.java@org.apache.metron.dataloads.hbase.mr.leastrecentlyusedprunerintegrationtest.test();False;False;0.9333333333333333;0.06666666666666665
metron-platform\metron-data-management\src\test\java\org\apache\metron\dataloads\hbase\mr\leastrecentlyusedprunerintegrationtest.java@org.apache.metron.dataloads.hbase.mr.leastrecentlyusedprunerintegrationtest.testcommandline();False;False;0.999;0.001
metron-platform\metron-data-management\src\test\java\org\apache\metron\dataloads\nonbulk\flatfile\simpleenrichmentflatfileloaderintegrationtest.java@org.apache.metron.dataloads.nonbulk.flatfile.simpleenrichmentflatfileloaderintegrationtest.custom_extractor_transforms_and_filters_indicators_and_value_metadata();False;False;0.999;0.001
metron-platform\metron-data-management\src\test\java\org\apache\metron\dataloads\nonbulk\flatfile\simpleenrichmentflatfileloaderintegrationtest.java@org.apache.metron.dataloads.nonbulk.flatfile.simpleenrichmentflatfileloaderintegrationtest.getzookeeperurl(string,int);False;False;0.9034152775648784;0.09658472243512224
metron-platform\metron-data-management\src\test\java\org\apache\metron\dataloads\nonbulk\flatfile\simpleenrichmentflatfileloaderintegrationtest.java@org.apache.metron.dataloads.nonbulk.flatfile.simpleenrichmentflatfileloaderintegrationtest.setup();False;False;0.828;0.172
metron-platform\metron-data-management\src\test\java\org\apache\metron\dataloads\nonbulk\flatfile\simpleenrichmentflatfileloaderintegrationtest.java@org.apache.metron.dataloads.nonbulk.flatfile.simpleenrichmentflatfileloaderintegrationtest.setupglobalconfig(string);False;False;0.9575844155844156;0.04241558441558442
metron-platform\metron-data-management\src\test\java\org\apache\metron\dataloads\nonbulk\flatfile\simpleenrichmentflatfileloaderintegrationtest.java@org.apache.metron.dataloads.nonbulk.flatfile.simpleenrichmentflatfileloaderintegrationtest.stellar_transforms_and_filters_indicators_and_value_metadata();False;False;1.0;0.0
metron-platform\metron-data-management\src\test\java\org\apache\metron\dataloads\nonbulk\flatfile\simpleenrichmentflatfileloaderintegrationtest.java@org.apache.metron.dataloads.nonbulk.flatfile.simpleenrichmentflatfileloaderintegrationtest.teardown();False;False;0.96875;0.03125
metron-platform\metron-data-management\src\test\java\org\apache\metron\dataloads\nonbulk\flatfile\simpleenrichmentflatfileloaderintegrationtest.java@org.apache.metron.dataloads.nonbulk.flatfile.simpleenrichmentflatfileloaderintegrationtest.testargs();False;False;0.997;0.003
metron-platform\metron-data-management\src\test\java\org\apache\metron\dataloads\nonbulk\flatfile\simpleenrichmentflatfileloaderintegrationtest.java@org.apache.metron.dataloads.nonbulk.flatfile.simpleenrichmentflatfileloaderintegrationtest.testlocallinebyline();False;False;1.0;0.0
metron-platform\metron-data-management\src\test\java\org\apache\metron\dataloads\nonbulk\flatfile\simpleenrichmentflatfileloaderintegrationtest.java@org.apache.metron.dataloads.nonbulk.flatfile.simpleenrichmentflatfileloaderintegrationtest.testlocallinebyline_gz();False;False;1.0;0.0
metron-platform\metron-data-management\src\test\java\org\apache\metron\dataloads\nonbulk\flatfile\simpleenrichmentflatfileloaderintegrationtest.java@org.apache.metron.dataloads.nonbulk.flatfile.simpleenrichmentflatfileloaderintegrationtest.testlocallinebyline_zip();False;False;1.0;0.0
metron-platform\metron-data-management\src\test\java\org\apache\metron\dataloads\nonbulk\flatfile\simpleenrichmentflatfileloaderintegrationtest.java@org.apache.metron.dataloads.nonbulk.flatfile.simpleenrichmentflatfileloaderintegrationtest.testlocalwholefile();False;False;1.0;0.0
metron-platform\metron-data-management\src\test\java\org\apache\metron\dataloads\nonbulk\flatfile\simpleenrichmentflatfileloaderintegrationtest.java@org.apache.metron.dataloads.nonbulk.flatfile.simpleenrichmentflatfileloaderintegrationtest.testmrlinebyline();False;False;0.998;0.002
metron-platform\metron-data-management\src\test\java\org\apache\metron\dataloads\nonbulk\flatfile\simpleflatfilesummarizertest.java@org.apache.metron.dataloads.nonbulk.flatfile.inmemorylocation.inmemorylocation(map);False;False;0.9034152775648784;0.09658472243512224
metron-platform\metron-data-management\src\test\java\org\apache\metron\dataloads\nonbulk\flatfile\simpleflatfilesummarizertest.java@org.apache.metron.dataloads.nonbulk.flatfile.inmemorylocation.exists(string);False;False;0.9034152775648784;0.09658472243512224
metron-platform\metron-data-management\src\test\java\org\apache\metron\dataloads\nonbulk\flatfile\simpleflatfilesummarizertest.java@org.apache.metron.dataloads.nonbulk.flatfile.inmemorylocation.isdirectory(string);False;False;0.9034152775648784;0.09658472243512224
metron-platform\metron-data-management\src\test\java\org\apache\metron\dataloads\nonbulk\flatfile\simpleflatfilesummarizertest.java@org.apache.metron.dataloads.nonbulk.flatfile.inmemorylocation.list(string);False;False;0.9034152775648784;0.09658472243512224
metron-platform\metron-data-management\src\test\java\org\apache\metron\dataloads\nonbulk\flatfile\simpleflatfilesummarizertest.java@org.apache.metron.dataloads.nonbulk.flatfile.inmemorylocation.match(string);False;False;1.0;0.0
metron-platform\metron-data-management\src\test\java\org\apache\metron\dataloads\nonbulk\flatfile\simpleflatfilesummarizertest.java@org.apache.metron.dataloads.nonbulk.flatfile.inmemorylocation.openinputstream(string);False;False;1.0;0.0
metron-platform\metron-data-management\src\test\java\org\apache\metron\dataloads\nonbulk\flatfile\simpleflatfilesummarizertest.java@org.apache.metron.dataloads.nonbulk.flatfile.mocksummarizer.mocksummarizer(map);False;False;0.9034152775648784;0.09658472243512224
metron-platform\metron-data-management\src\test\java\org\apache\metron\dataloads\nonbulk\flatfile\simpleflatfilesummarizertest.java@org.apache.metron.dataloads.nonbulk.flatfile.mocksummarizer.getlocationsrecursive(list,filesystem);False;False;0.9034152775648784;0.09658472243512224
metron-platform\metron-data-management\src\test\java\org\apache\metron\dataloads\nonbulk\flatfile\simpleflatfilesummarizertest.java@org.apache.metron.dataloads.nonbulk.flatfile.mocksummarizer.resolvelocation(string,filesystem);False;False;0.9034152775648784;0.09658472243512224
metron-platform\metron-data-management\src\test\java\org\apache\metron\dataloads\nonbulk\flatfile\simpleflatfilesummarizertest.java@org.apache.metron.dataloads.nonbulk.flatfile.peekingwriter.peekingwriter(atomicreference);False;False;0.9034152775648784;0.09658472243512224
metron-platform\metron-data-management\src\test\java\org\apache\metron\dataloads\nonbulk\flatfile\simpleflatfilesummarizertest.java@org.apache.metron.dataloads.nonbulk.flatfile.peekingwriter.write(object,optional,configuration);False;False;0.9034152775648784;0.09658472243512224
metron-platform\metron-data-management\src\test\java\org\apache\metron\dataloads\nonbulk\flatfile\simpleflatfilesummarizertest.java@org.apache.metron.dataloads.nonbulk.flatfile.simpleflatfilesummarizertest.inmemorylocation(map);False;False;0.9034152775648784;0.09658472243512224
metron-platform\metron-data-management\src\test\java\org\apache\metron\dataloads\nonbulk\flatfile\simpleflatfilesummarizertest.java@org.apache.metron.dataloads.nonbulk.flatfile.simpleflatfilesummarizertest.mocksummarizer(map);False;False;0.9034152775648784;0.09658472243512224
metron-platform\metron-data-management\src\test\java\org\apache\metron\dataloads\nonbulk\flatfile\simpleflatfilesummarizertest.java@org.apache.metron.dataloads.nonbulk.flatfile.simpleflatfilesummarizertest.peekingwriter(atomicreference);False;False;0.9034152775648784;0.09658472243512224
metron-platform\metron-data-management\src\test\java\org\apache\metron\dataloads\nonbulk\flatfile\simpleflatfilesummarizertest.java@org.apache.metron.dataloads.nonbulk.flatfile.simpleflatfilesummarizertest.exists(string);False;False;0.9993;0.0007
metron-platform\metron-data-management\src\test\java\org\apache\metron\dataloads\nonbulk\flatfile\simpleflatfilesummarizertest.java@org.apache.metron.dataloads.nonbulk.flatfile.simpleflatfilesummarizertest.generatedata();False;False;0.8583333333333334;0.14166666666666666
metron-platform\metron-data-management\src\test\java\org\apache\metron\dataloads\nonbulk\flatfile\simpleflatfilesummarizertest.java@org.apache.metron.dataloads.nonbulk.flatfile.simpleflatfilesummarizertest.getlocationsrecursive(list,filesystem);False;False;0.9034152775648784;0.09658472243512224
metron-platform\metron-data-management\src\test\java\org\apache\metron\dataloads\nonbulk\flatfile\simpleflatfilesummarizertest.java@org.apache.metron.dataloads.nonbulk.flatfile.simpleflatfilesummarizertest.isdirectory(string);False;False;0.9983333333333333;0.0016666666666666666
metron-platform\metron-data-management\src\test\java\org\apache\metron\dataloads\nonbulk\flatfile\simpleflatfilesummarizertest.java@org.apache.metron.dataloads.nonbulk.flatfile.simpleflatfilesummarizertest.list(string);False;False;0.9885;0.0115
metron-platform\metron-data-management\src\test\java\org\apache\metron\dataloads\nonbulk\flatfile\simpleflatfilesummarizertest.java@org.apache.metron.dataloads.nonbulk.flatfile.simpleflatfilesummarizertest.match(string);False;False;0.9746954861356155;0.02530451386438429
metron-platform\metron-data-management\src\test\java\org\apache\metron\dataloads\nonbulk\flatfile\simpleflatfilesummarizertest.java@org.apache.metron.dataloads.nonbulk.flatfile.simpleflatfilesummarizertest.openinputstream(string);False;False;0.9934554518042448;0.0065445481957552495
metron-platform\metron-data-management\src\test\java\org\apache\metron\dataloads\nonbulk\flatfile\simpleflatfilesummarizertest.java@org.apache.metron.dataloads.nonbulk.flatfile.simpleflatfilesummarizertest.resolvelocation(string,filesystem);False;False;0.9034152775648784;0.09658472243512224
metron-platform\metron-data-management\src\test\java\org\apache\metron\dataloads\nonbulk\flatfile\simpleflatfilesummarizertest.java@org.apache.metron.dataloads.nonbulk.flatfile.simpleflatfilesummarizertest.testargs();False;False;0.997;0.003
metron-platform\metron-data-management\src\test\java\org\apache\metron\dataloads\nonbulk\flatfile\simpleflatfilesummarizertest.java@org.apache.metron.dataloads.nonbulk.flatfile.simpleflatfilesummarizertest.testlinebyline();False;False;1.0;0.0
metron-platform\metron-data-management\src\test\java\org\apache\metron\dataloads\nonbulk\flatfile\simpleflatfilesummarizertest.java@org.apache.metron.dataloads.nonbulk.flatfile.simpleflatfilesummarizertest.testlinebyline(int);False;False;0.933;0.067
metron-platform\metron-data-management\src\test\java\org\apache\metron\dataloads\nonbulk\flatfile\simpleflatfilesummarizertest.java@org.apache.metron.dataloads.nonbulk.flatfile.simpleflatfilesummarizertest.testwholefile();False;False;0.97475;0.02525
metron-platform\metron-data-management\src\test\java\org\apache\metron\dataloads\nonbulk\flatfile\simpleflatfilesummarizertest.java@org.apache.metron.dataloads.nonbulk.flatfile.simpleflatfilesummarizertest.testwholefile(int);False;False;0.9247484126984126;0.07525158730158729
metron-platform\metron-data-management\src\test\java\org\apache\metron\dataloads\nonbulk\flatfile\simpleflatfilesummarizertest.java@org.apache.metron.dataloads.nonbulk.flatfile.simpleflatfilesummarizertest.write(object,optional,configuration);False;False;0.9034152775648784;0.09658472243512224
metron-platform\metron-data-management\src\test\java\org\apache\metron\dataloads\nonbulk\geo\geoenrichmentloadertest.java@org.apache.metron.dataloads.nonbulk.geo.geoenrichmentloadertest.loader_throws_exception_on_bad_gzip_file();False;False;0.9848333333333333;0.015166666666666667
metron-platform\metron-data-management\src\test\java\org\apache\metron\dataloads\nonbulk\geo\geoenrichmentloadertest.java@org.apache.metron.dataloads.nonbulk.geo.geoenrichmentloadertest.setup();False;False;0.99;0.01
metron-platform\metron-data-management\src\test\java\org\apache\metron\dataloads\nonbulk\geo\geoenrichmentloadertest.java@org.apache.metron.dataloads.nonbulk.geo.geoenrichmentloadertest.testcommandlinelongopts();False;False;1.0;0.0
metron-platform\metron-data-management\src\test\java\org\apache\metron\dataloads\nonbulk\geo\geoenrichmentloadertest.java@org.apache.metron.dataloads.nonbulk.geo.geoenrichmentloadertest.testcommandlineshortopts();False;False;0.999;0.001
metron-platform\metron-data-management\src\test\java\org\apache\metron\dataloads\nonbulk\geo\geoenrichmentloadertest.java@org.apache.metron.dataloads.nonbulk.geo.geoenrichmentloadertest.testloadgeoipdatabase();False;False;0.984;0.016
metron-platform\metron-data-management\src\test\java\org\apache\metron\dataloads\nonbulk\taxii\mocktaxiiservice.java@org.apache.metron.dataloads.nonbulk.taxii.applicationconfig.applicationconfig();False;False;0.9034152775648784;0.09658472243512224
metron-platform\metron-data-management\src\test\java\org\apache\metron\dataloads\nonbulk\taxii\mocktaxiiservice.java@org.apache.metron.dataloads.nonbulk.taxii.applicationconfig.getclasses();False;False;0.9851351218008023;0.014864878199197096
metron-platform\metron-data-management\src\test\java\org\apache\metron\dataloads\nonbulk\taxii\mocktaxiiservice.java@org.apache.metron.dataloads.nonbulk.taxii.mocktaxiiservice.applicationconfig();False;False;0.9034152775648784;0.09658472243512224
metron-platform\metron-data-management\src\test\java\org\apache\metron\dataloads\nonbulk\taxii\mocktaxiiservice.java@org.apache.metron.dataloads.nonbulk.taxii.mocktaxiiservice.getclasses();False;False;1.0;0.0
metron-platform\metron-data-management\src\test\java\org\apache\metron\dataloads\nonbulk\taxii\mocktaxiiservice.java@org.apache.metron.dataloads.nonbulk.taxii.mocktaxiiservice.getdata();False;False;0.96055;0.039450000000000006
metron-platform\metron-data-management\src\test\java\org\apache\metron\dataloads\nonbulk\taxii\mocktaxiiservice.java@org.apache.metron.dataloads.nonbulk.taxii.mocktaxiiservice.getdiscovery();False;False;0.996;0.004
metron-platform\metron-data-management\src\test\java\org\apache\metron\dataloads\nonbulk\taxii\mocktaxiiservice.java@org.apache.metron.dataloads.nonbulk.taxii.mocktaxiiservice.shutdown();False;False;0.99775;0.00225
metron-platform\metron-data-management\src\test\java\org\apache\metron\dataloads\nonbulk\taxii\mocktaxiiservice.java@org.apache.metron.dataloads.nonbulk.taxii.mocktaxiiservice.start(int);False;False;0.979;0.021
metron-platform\metron-data-management\src\test\java\org\apache\metron\dataloads\nonbulk\taxii\taxiiintegrationtest.java@org.apache.metron.dataloads.nonbulk.taxii.taxiiintegrationtest.createhtable(string);False;False;0.9906666666666666;0.009333333333333332
metron-platform\metron-data-management\src\test\java\org\apache\metron\dataloads\nonbulk\taxii\taxiiintegrationtest.java@org.apache.metron.dataloads.nonbulk.taxii.taxiiintegrationtest.getindicators(string,iterable,string);False;False;0.9034152775648784;0.09658472243512224
metron-platform\metron-data-management\src\test\java\org\apache\metron\dataloads\nonbulk\taxii\taxiiintegrationtest.java@org.apache.metron.dataloads.nonbulk.taxii.taxiiintegrationtest.numstringsmatch(string,string);False;False;0.9034152775648784;0.09658472243512224
metron-platform\metron-data-management\src\test\java\org\apache\metron\dataloads\nonbulk\taxii\taxiiintegrationtest.java@org.apache.metron.dataloads.nonbulk.taxii.taxiiintegrationtest.setup();False;False;0.988;0.012
metron-platform\metron-data-management\src\test\java\org\apache\metron\dataloads\nonbulk\taxii\taxiiintegrationtest.java@org.apache.metron.dataloads.nonbulk.taxii.taxiiintegrationtest.teardown();False;False;0.9096666666666666;0.09033333333333333
metron-platform\metron-data-management\src\test\java\org\apache\metron\dataloads\nonbulk\taxii\taxiiintegrationtest.java@org.apache.metron.dataloads.nonbulk.taxii.taxiiintegrationtest.testcommandline();False;False;0.999;0.001
metron-platform\metron-data-management\src\test\java\org\apache\metron\dataloads\nonbulk\taxii\taxiiintegrationtest.java@org.apache.metron.dataloads.nonbulk.taxii.taxiiintegrationtest.testtaxii();False;False;0.9034152775648784;0.09658472243512224
metron-platform\metron-elasticsearch\src\main\java\org\apache\metron\elasticsearch\bulk\elasticsearchimportexport.java@org.apache.metron.elasticsearch.bulk.elasticsearchimportexport.bulkify(path,path);False;False;0.9034152775648784;0.09658472243512224
metron-platform\metron-elasticsearch\src\main\java\org\apache\metron\elasticsearch\bulk\elasticsearchimportexport.java@org.apache.metron.elasticsearch.bulk.elasticsearchimportexport.main(string[]);False;False;0.9034152775648784;0.09658472243512224
metron-platform\metron-elasticsearch\src\main\java\org\apache\metron\elasticsearch\dao\elasticsearchcolumnmetadatadao.java@org.apache.metron.elasticsearch.dao.elasticsearchcolumnmetadatadao.elasticsearchcolumnmetadatadao(adminclient);False;False;0.9034152775648784;0.09658472243512224
metron-platform\metron-elasticsearch\src\main\java\org\apache\metron\elasticsearch\dao\elasticsearchcolumnmetadatadao.java@org.apache.metron.elasticsearch.dao.elasticsearchcolumnmetadatadao.getcolumnmetadata(list);False;False;0.9034152775648784;0.09658472243512224
metron-platform\metron-elasticsearch\src\main\java\org\apache\metron\elasticsearch\dao\elasticsearchcolumnmetadatadao.java@org.apache.metron.elasticsearch.dao.elasticsearchcolumnmetadatadao.getlatestindices(list);False;False;0.9034152775648784;0.09658472243512224
metron-platform\metron-elasticsearch\src\main\java\org\apache\metron\elasticsearch\dao\elasticsearchcolumnmetadatadao.java@org.apache.metron.elasticsearch.dao.elasticsearchcolumnmetadatadao.tofieldtype(string);False;False;1.0;0.0
metron-platform\metron-elasticsearch\src\main\java\org\apache\metron\elasticsearch\dao\elasticsearchdao.java@org.apache.metron.elasticsearch.dao.elasticsearchdao.elasticsearchdao(transportclient,accessconfig,elasticsearchsearchdao,elasticsearchupdatedao,elasticsearchretrievelatestdao,elasticsearchcolumnmetadatadao,elasticsearchrequestsubmitter);False;False;0.9034152775648784;0.09658472243512224
metron-platform\metron-elasticsearch\src\main\java\org\apache\metron\elasticsearch\dao\elasticsearchdao.java@org.apache.metron.elasticsearch.dao.elasticsearchdao.addcommenttoalert(commentaddremoverequest);False;False;0.9034152775648784;0.09658472243512224
metron-platform\metron-elasticsearch\src\main\java\org\apache\metron\elasticsearch\dao\elasticsearchdao.java@org.apache.metron.elasticsearch.dao.elasticsearchdao.addcommenttoalert(commentaddremoverequest,document);False;False;0.9034152775648784;0.09658472243512224
metron-platform\metron-elasticsearch\src\main\java\org\apache\metron\elasticsearch\dao\elasticsearchdao.java@org.apache.metron.elasticsearch.dao.elasticsearchdao.batchupdate(map);False;False;0.9034152775648784;0.09658472243512224
metron-platform\metron-elasticsearch\src\main\java\org\apache\metron\elasticsearch\dao\elasticsearchdao.java@org.apache.metron.elasticsearch.dao.elasticsearchdao.getaccessconfig();True;False;0.9034152775648784;0.09658472243512224
metron-platform\metron-elasticsearch\src\main\java\org\apache\metron\elasticsearch\dao\elasticsearchdao.java@org.apache.metron.elasticsearch.dao.elasticsearchdao.getalllatest(list);False;False;0.9034152775648784;0.09658472243512224
metron-platform\metron-elasticsearch\src\main\java\org\apache\metron\elasticsearch\dao\elasticsearchdao.java@org.apache.metron.elasticsearch.dao.elasticsearchdao.getclient();False;False;1.0;0.0
metron-platform\metron-elasticsearch\src\main\java\org\apache\metron\elasticsearch\dao\elasticsearchdao.java@org.apache.metron.elasticsearch.dao.elasticsearchdao.getcolumnmetadata(list);False;False;0.9034152775648784;0.09658472243512224
metron-platform\metron-elasticsearch\src\main\java\org\apache\metron\elasticsearch\dao\elasticsearchdao.java@org.apache.metron.elasticsearch.dao.elasticsearchdao.getindexname(string,string);False;False;0.9034152775648784;0.09658472243512224
metron-platform\metron-elasticsearch\src\main\java\org\apache\metron\elasticsearch\dao\elasticsearchdao.java@org.apache.metron.elasticsearch.dao.elasticsearchdao.getlatest(string,string);False;False;0.9034152775648784;0.09658472243512224
metron-platform\metron-elasticsearch\src\main\java\org\apache\metron\elasticsearch\dao\elasticsearchdao.java@org.apache.metron.elasticsearch.dao.elasticsearchdao.getlatestresult(getrequest);False;False;0.9034152775648784;0.09658472243512224
metron-platform\metron-elasticsearch\src\main\java\org\apache\metron\elasticsearch\dao\elasticsearchdao.java@org.apache.metron.elasticsearch.dao.elasticsearchdao.group(grouprequest);False;False;0.8697214285714283;0.1302785714285714
metron-platform\metron-elasticsearch\src\main\java\org\apache\metron\elasticsearch\dao\elasticsearchdao.java@org.apache.metron.elasticsearch.dao.elasticsearchdao.group(grouprequest,querybuilder);False;False;0.9034152775648784;0.09658472243512224
metron-platform\metron-elasticsearch\src\main\java\org\apache\metron\elasticsearch\dao\elasticsearchdao.java@org.apache.metron.elasticsearch.dao.elasticsearchdao.init(accessconfig);False;False;0.965;0.035
metron-platform\metron-elasticsearch\src\main\java\org\apache\metron\elasticsearch\dao\elasticsearchdao.java@org.apache.metron.elasticsearch.dao.elasticsearchdao.patch(retrievelatestdao,patchrequest,optional);False;False;0.9034152775648784;0.09658472243512224
metron-platform\metron-elasticsearch\src\main\java\org\apache\metron\elasticsearch\dao\elasticsearchdao.java@org.apache.metron.elasticsearch.dao.elasticsearchdao.removecommentfromalert(commentaddremoverequest);False;False;0.9034152775648784;0.09658472243512224
metron-platform\metron-elasticsearch\src\main\java\org\apache\metron\elasticsearch\dao\elasticsearchdao.java@org.apache.metron.elasticsearch.dao.elasticsearchdao.removecommentfromalert(commentaddremoverequest,document);False;False;0.9034152775648784;0.09658472243512224
metron-platform\metron-elasticsearch\src\main\java\org\apache\metron\elasticsearch\dao\elasticsearchdao.java@org.apache.metron.elasticsearch.dao.elasticsearchdao.replace(replacerequest,optional);False;False;0.9034152775648784;0.09658472243512224
metron-platform\metron-elasticsearch\src\main\java\org\apache\metron\elasticsearch\dao\elasticsearchdao.java@org.apache.metron.elasticsearch.dao.elasticsearchdao.search(searchrequest);False;False;0.848;0.152
metron-platform\metron-elasticsearch\src\main\java\org\apache\metron\elasticsearch\dao\elasticsearchdao.java@org.apache.metron.elasticsearch.dao.elasticsearchdao.search(searchrequest,querybuilder);False;False;0.9034152775648784;0.09658472243512224
metron-platform\metron-elasticsearch\src\main\java\org\apache\metron\elasticsearch\dao\elasticsearchdao.java@org.apache.metron.elasticsearch.dao.elasticsearchdao.update(document,optional);False;False;0.9034152775648784;0.09658472243512224
metron-platform\metron-elasticsearch\src\main\java\org\apache\metron\elasticsearch\dao\elasticsearchmetaalertdao.java@org.apache.metron.elasticsearch.dao.elasticsearchmetaalertdao.elasticsearchmetaalertdao(indexdao);True;False;0.9034152775648784;0.09658472243512224
metron-platform\metron-elasticsearch\src\main\java\org\apache\metron\elasticsearch\dao\elasticsearchmetaalertdao.java@org.apache.metron.elasticsearch.dao.elasticsearchmetaalertdao.elasticsearchmetaalertdao(indexdao,string,string);False;False;0.9034152775648784;0.09658472243512224
metron-platform\metron-elasticsearch\src\main\java\org\apache\metron\elasticsearch\dao\elasticsearchmetaalertdao.java@org.apache.metron.elasticsearch.dao.elasticsearchmetaalertdao.elasticsearchmetaalertdao(indexdao,string,string,string);True;False;0.9034152775648784;0.09658472243512224
metron-platform\metron-elasticsearch\src\main\java\org\apache\metron\elasticsearch\dao\elasticsearchmetaalertdao.java@org.apache.metron.elasticsearch.dao.elasticsearchmetaalertdao.addalertstometaalert(document,iterable);False;False;0.9034152775648784;0.09658472243512224
metron-platform\metron-elasticsearch\src\main\java\org\apache\metron\elasticsearch\dao\elasticsearchmetaalertdao.java@org.apache.metron.elasticsearch.dao.elasticsearchmetaalertdao.addalertstometaalert(string,list);False;False;0.9034152775648784;0.09658472243512224
metron-platform\metron-elasticsearch\src\main\java\org\apache\metron\elasticsearch\dao\elasticsearchmetaalertdao.java@org.apache.metron.elasticsearch.dao.elasticsearchmetaalertdao.addcommenttoalert(commentaddremoverequest);False;False;0.9034152775648784;0.09658472243512224
metron-platform\metron-elasticsearch\src\main\java\org\apache\metron\elasticsearch\dao\elasticsearchmetaalertdao.java@org.apache.metron.elasticsearch.dao.elasticsearchmetaalertdao.addcommenttoalert(commentaddremoverequest,document);False;False;0.9034152775648784;0.09658472243512224
metron-platform\metron-elasticsearch\src\main\java\org\apache\metron\elasticsearch\dao\elasticsearchmetaalertdao.java@org.apache.metron.elasticsearch.dao.elasticsearchmetaalertdao.addmetaalerttoalert(string,document);False;False;0.9034152775648784;0.09658472243512224
metron-platform\metron-elasticsearch\src\main\java\org\apache\metron\elasticsearch\dao\elasticsearchmetaalertdao.java@org.apache.metron.elasticsearch.dao.elasticsearchmetaalertdao.batchupdate(map);False;False;0.9034152775648784;0.09658472243512224
metron-platform\metron-elasticsearch\src\main\java\org\apache\metron\elasticsearch\dao\elasticsearchmetaalertdao.java@org.apache.metron.elasticsearch.dao.elasticsearchmetaalertdao.buildalertupdate(string,string,list,long);False;False;0.9034152775648784;0.09658472243512224
metron-platform\metron-elasticsearch\src\main\java\org\apache\metron\elasticsearch\dao\elasticsearchmetaalertdao.java@org.apache.metron.elasticsearch.dao.elasticsearchmetaalertdao.buildcreatedocument(iterable,list);False;False;0.9034152775648784;0.09658472243512224
metron-platform\metron-elasticsearch\src\main\java\org\apache\metron\elasticsearch\dao\elasticsearchmetaalertdao.java@org.apache.metron.elasticsearch.dao.elasticsearchmetaalertdao.calculatemetascores(document);True;False;0.987;0.013
metron-platform\metron-elasticsearch\src\main\java\org\apache\metron\elasticsearch\dao\elasticsearchmetaalertdao.java@org.apache.metron.elasticsearch.dao.elasticsearchmetaalertdao.createmetaalert(metaalertcreaterequest);True;False;0.9034152775648784;0.09658472243512224
metron-platform\metron-elasticsearch\src\main\java\org\apache\metron\elasticsearch\dao\elasticsearchmetaalertdao.java@org.apache.metron.elasticsearch.dao.elasticsearchmetaalertdao.getallalertsformetaalert(document);False;False;0.9801666666666666;0.01983333333333333
metron-platform\metron-elasticsearch\src\main\java\org\apache\metron\elasticsearch\dao\elasticsearchmetaalertdao.java@org.apache.metron.elasticsearch.dao.elasticsearchmetaalertdao.getalllatest(list);False;False;0.9034152775648784;0.09658472243512224
metron-platform\metron-elasticsearch\src\main\java\org\apache\metron\elasticsearch\dao\elasticsearchmetaalertdao.java@org.apache.metron.elasticsearch.dao.elasticsearchmetaalertdao.getallmetaalertsforalert(string);False;False;0.973;0.027
metron-platform\metron-elasticsearch\src\main\java\org\apache\metron\elasticsearch\dao\elasticsearchmetaalertdao.java@org.apache.metron.elasticsearch.dao.elasticsearchmetaalertdao.getcolumnmetadata(list);False;False;0.9034152775648784;0.09658472243512224
metron-platform\metron-elasticsearch\src\main\java\org\apache\metron\elasticsearch\dao\elasticsearchmetaalertdao.java@org.apache.metron.elasticsearch.dao.elasticsearchmetaalertdao.getdefaultsourcetypefield();True;False;0.9034152775648784;0.09658472243512224
metron-platform\metron-elasticsearch\src\main\java\org\apache\metron\elasticsearch\dao\elasticsearchmetaalertdao.java@org.apache.metron.elasticsearch.dao.elasticsearchmetaalertdao.getdefaultthreattriagefield();True;False;0.9034152775648784;0.09658472243512224
metron-platform\metron-elasticsearch\src\main\java\org\apache\metron\elasticsearch\dao\elasticsearchmetaalertdao.java@org.apache.metron.elasticsearch.dao.elasticsearchmetaalertdao.getfieldname(string,string);True;False;0.9034152775648784;0.09658472243512224
metron-platform\metron-elasticsearch\src\main\java\org\apache\metron\elasticsearch\dao\elasticsearchmetaalertdao.java@org.apache.metron.elasticsearch.dao.elasticsearchmetaalertdao.getlatest(string,string);False;False;0.9034152775648784;0.09658472243512224
metron-platform\metron-elasticsearch\src\main\java\org\apache\metron\elasticsearch\dao\elasticsearchmetaalertdao.java@org.apache.metron.elasticsearch.dao.elasticsearchmetaalertdao.getmetaalertsforalert(string);False;False;0.9763333333333333;0.02366666666666667
metron-platform\metron-elasticsearch\src\main\java\org\apache\metron\elasticsearch\dao\elasticsearchmetaalertdao.java@org.apache.metron.elasticsearch.dao.elasticsearchmetaalertdao.getpagesize();False;False;1.0;0.0
metron-platform\metron-elasticsearch\src\main\java\org\apache\metron\elasticsearch\dao\elasticsearchmetaalertdao.java@org.apache.metron.elasticsearch.dao.elasticsearchmetaalertdao.getsearchresults(org);False;False;0.9034152775648784;0.09658472243512224
metron-platform\metron-elasticsearch\src\main\java\org\apache\metron\elasticsearch\dao\elasticsearchmetaalertdao.java@org.apache.metron.elasticsearch.dao.elasticsearchmetaalertdao.group(grouprequest);False;False;0.9865;0.0135
metron-platform\metron-elasticsearch\src\main\java\org\apache\metron\elasticsearch\dao\elasticsearchmetaalertdao.java@org.apache.metron.elasticsearch.dao.elasticsearchmetaalertdao.indexdaoupdate(map);False;False;0.9034152775648784;0.09658472243512224
metron-platform\metron-elasticsearch\src\main\java\org\apache\metron\elasticsearch\dao\elasticsearchmetaalertdao.java@org.apache.metron.elasticsearch.dao.elasticsearchmetaalertdao.init(indexdao,optional);True;False;0.9034152775648784;0.09658472243512224
metron-platform\metron-elasticsearch\src\main\java\org\apache\metron\elasticsearch\dao\elasticsearchmetaalertdao.java@org.apache.metron.elasticsearch.dao.elasticsearchmetaalertdao.ispatchallowed(patchrequest);False;False;0.899;0.101
metron-platform\metron-elasticsearch\src\main\java\org\apache\metron\elasticsearch\dao\elasticsearchmetaalertdao.java@org.apache.metron.elasticsearch.dao.elasticsearchmetaalertdao.parsethreatfield(object);False;False;0.9955;0.0045
metron-platform\metron-elasticsearch\src\main\java\org\apache\metron\elasticsearch\dao\elasticsearchmetaalertdao.java@org.apache.metron.elasticsearch.dao.elasticsearchmetaalertdao.patch(patchrequest,optional);False;False;0.9034152775648784;0.09658472243512224
metron-platform\metron-elasticsearch\src\main\java\org\apache\metron\elasticsearch\dao\elasticsearchmetaalertdao.java@org.apache.metron.elasticsearch.dao.elasticsearchmetaalertdao.patch(retrievelatestdao,patchrequest,optional);False;False;0.9034152775648784;0.09658472243512224
metron-platform\metron-elasticsearch\src\main\java\org\apache\metron\elasticsearch\dao\elasticsearchmetaalertdao.java@org.apache.metron.elasticsearch.dao.elasticsearchmetaalertdao.queryallresults(querybuilder);False;False;0.987;0.013
metron-platform\metron-elasticsearch\src\main\java\org\apache\metron\elasticsearch\dao\elasticsearchmetaalertdao.java@org.apache.metron.elasticsearch.dao.elasticsearchmetaalertdao.removealertsfrommetaalert(document,collection);False;False;0.9034152775648784;0.09658472243512224
metron-platform\metron-elasticsearch\src\main\java\org\apache\metron\elasticsearch\dao\elasticsearchmetaalertdao.java@org.apache.metron.elasticsearch.dao.elasticsearchmetaalertdao.removealertsfrommetaalert(string,list);False;False;0.9034152775648784;0.09658472243512224
metron-platform\metron-elasticsearch\src\main\java\org\apache\metron\elasticsearch\dao\elasticsearchmetaalertdao.java@org.apache.metron.elasticsearch.dao.elasticsearchmetaalertdao.removecommentfromalert(commentaddremoverequest);False;False;0.9034152775648784;0.09658472243512224
metron-platform\metron-elasticsearch\src\main\java\org\apache\metron\elasticsearch\dao\elasticsearchmetaalertdao.java@org.apache.metron.elasticsearch.dao.elasticsearchmetaalertdao.removecommentfromalert(commentaddremoverequest,document);False;False;0.9034152775648784;0.09658472243512224
metron-platform\metron-elasticsearch\src\main\java\org\apache\metron\elasticsearch\dao\elasticsearchmetaalertdao.java@org.apache.metron.elasticsearch.dao.elasticsearchmetaalertdao.removemetaalertfromalert(string,document);False;False;0.9034152775648784;0.09658472243512224
metron-platform\metron-elasticsearch\src\main\java\org\apache\metron\elasticsearch\dao\elasticsearchmetaalertdao.java@org.apache.metron.elasticsearch.dao.elasticsearchmetaalertdao.replacealertinmetaalert(document,document);False;False;0.9034152775648784;0.09658472243512224
metron-platform\metron-elasticsearch\src\main\java\org\apache\metron\elasticsearch\dao\elasticsearchmetaalertdao.java@org.apache.metron.elasticsearch.dao.elasticsearchmetaalertdao.search(searchrequest);False;False;0.9641694805194806;0.03583051948051948
metron-platform\metron-elasticsearch\src\main\java\org\apache\metron\elasticsearch\dao\elasticsearchmetaalertdao.java@org.apache.metron.elasticsearch.dao.elasticsearchmetaalertdao.setpagesize(int);False;False;0.9775952569781741;0.022404743021829047
metron-platform\metron-elasticsearch\src\main\java\org\apache\metron\elasticsearch\dao\elasticsearchmetaalertdao.java@org.apache.metron.elasticsearch.dao.elasticsearchmetaalertdao.update(document,optional);True;False;0.9034152775648784;0.09658472243512224
metron-platform\metron-elasticsearch\src\main\java\org\apache\metron\elasticsearch\dao\elasticsearchmetaalertdao.java@org.apache.metron.elasticsearch.dao.elasticsearchmetaalertdao.updatemetaalertstatus(string,metaalertstatus);True;False;0.9034152775648784;0.09658472243512224
metron-platform\metron-elasticsearch\src\main\java\org\apache\metron\elasticsearch\dao\elasticsearchmetaalertupdatedao.java@org.apache.metron.elasticsearch.dao.elasticsearchmetaalertupdatedao.elasticsearchmetaalertupdatedao(elasticsearchdao,metaalertretrievelatestdao,metaalertconfig,int);False;False;0.9034152775648784;0.09658472243512224
metron-platform\metron-elasticsearch\src\main\java\org\apache\metron\elasticsearch\dao\elasticsearchmetaalertupdatedao.java@org.apache.metron.elasticsearch.dao.elasticsearchmetaalertupdatedao.addalertstometaalert(string,list);False;False;0.9034152775648784;0.09658472243512224
metron-platform\metron-elasticsearch\src\main\java\org\apache\metron\elasticsearch\dao\elasticsearchmetaalertupdatedao.java@org.apache.metron.elasticsearch.dao.elasticsearchmetaalertupdatedao.addcommenttoalert(commentaddremoverequest);False;False;0.9034152775648784;0.09658472243512224
metron-platform\metron-elasticsearch\src\main\java\org\apache\metron\elasticsearch\dao\elasticsearchmetaalertupdatedao.java@org.apache.metron.elasticsearch.dao.elasticsearchmetaalertupdatedao.addcommenttoalert(commentaddremoverequest,document);False;False;0.9034152775648784;0.09658472243512224
metron-platform\metron-elasticsearch\src\main\java\org\apache\metron\elasticsearch\dao\elasticsearchmetaalertupdatedao.java@org.apache.metron.elasticsearch.dao.elasticsearchmetaalertupdatedao.createmetaalert(metaalertcreaterequest);True;False;0.9034152775648784;0.09658472243512224
metron-platform\metron-elasticsearch\src\main\java\org\apache\metron\elasticsearch\dao\elasticsearchmetaalertupdatedao.java@org.apache.metron.elasticsearch.dao.elasticsearchmetaalertupdatedao.getmetaalertsforalert(string);False;False;0.9034152775648784;0.09658472243512224
metron-platform\metron-elasticsearch\src\main\java\org\apache\metron\elasticsearch\dao\elasticsearchmetaalertupdatedao.java@org.apache.metron.elasticsearch.dao.elasticsearchmetaalertupdatedao.removecommentfromalert(commentaddremoverequest);False;False;0.9034152775648784;0.09658472243512224
metron-platform\metron-elasticsearch\src\main\java\org\apache\metron\elasticsearch\dao\elasticsearchmetaalertupdatedao.java@org.apache.metron.elasticsearch.dao.elasticsearchmetaalertupdatedao.removecommentfromalert(commentaddremoverequest,document);False;False;0.9034152775648784;0.09658472243512224
metron-platform\metron-elasticsearch\src\main\java\org\apache\metron\elasticsearch\dao\elasticsearchmetaalertupdatedao.java@org.apache.metron.elasticsearch.dao.elasticsearchmetaalertupdatedao.replacealertinmetaalert(document,document);False;False;0.9034152775648784;0.09658472243512224
metron-platform\metron-elasticsearch\src\main\java\org\apache\metron\elasticsearch\dao\elasticsearchmetaalertupdatedao.java@org.apache.metron.elasticsearch.dao.elasticsearchmetaalertupdatedao.update(document,optional);False;False;0.9034152775648784;0.09658472243512224
metron-platform\metron-elasticsearch\src\main\java\org\apache\metron\elasticsearch\dao\elasticsearchrequestsubmitter.java@org.apache.metron.elasticsearch.dao.elasticsearchrequestsubmitter.elasticsearchrequestsubmitter(transportclient);False;False;0.9034152775648784;0.09658472243512224
metron-platform\metron-elasticsearch\src\main\java\org\apache\metron\elasticsearch\dao\elasticsearchrequestsubmitter.java@org.apache.metron.elasticsearch.dao.elasticsearchrequestsubmitter.handleshardfailures(org,org);False;False;0.9034152775648784;0.09658472243512224
metron-platform\metron-elasticsearch\src\main\java\org\apache\metron\elasticsearch\dao\elasticsearchrequestsubmitter.java@org.apache.metron.elasticsearch.dao.elasticsearchrequestsubmitter.submitsearch(searchrequest);False;False;0.9034152775648784;0.09658472243512224
metron-platform\metron-elasticsearch\src\main\java\org\apache\metron\elasticsearch\dao\elasticsearchsearchdao.java@org.apache.metron.elasticsearch.dao.elasticsearchsearchdao.elasticsearchsearchdao(transportclient,accessconfig,elasticsearchcolumnmetadatadao,elasticsearchrequestsubmitter);False;False;0.9034152775648784;0.09658472243512224
metron-platform\metron-elasticsearch\src\main\java\org\apache\metron\elasticsearch\dao\elasticsearchsearchdao.java@org.apache.metron.elasticsearch.dao.elasticsearchsearchdao.buildgrouprequest(grouprequest,querybuilder);False;False;0.9034152775648784;0.09658472243512224
metron-platform\metron-elasticsearch\src\main\java\org\apache\metron\elasticsearch\dao\elasticsearchsearchdao.java@org.apache.metron.elasticsearch.dao.elasticsearchsearchdao.buildgroupresponse(grouprequest,org);False;False;0.9034152775648784;0.09658472243512224
metron-platform\metron-elasticsearch\src\main\java\org\apache\metron\elasticsearch\dao\elasticsearchsearchdao.java@org.apache.metron.elasticsearch.dao.elasticsearchsearchdao.buildsearchrequest(searchrequest,querybuilder);False;False;0.9034152775648784;0.09658472243512224
metron-platform\metron-elasticsearch\src\main\java\org\apache\metron\elasticsearch\dao\elasticsearchsearchdao.java@org.apache.metron.elasticsearch.dao.elasticsearchsearchdao.buildsearchresponse(searchrequest,org);False;False;0.9034152775648784;0.09658472243512224
metron-platform\metron-elasticsearch\src\main\java\org\apache\metron\elasticsearch\dao\elasticsearchsearchdao.java@org.apache.metron.elasticsearch.dao.elasticsearchsearchdao.formatkey(object,fieldtype);False;False;0.9034152775648784;0.09658472243512224
metron-platform\metron-elasticsearch\src\main\java\org\apache\metron\elasticsearch\dao\elasticsearchsearchdao.java@org.apache.metron.elasticsearch.dao.elasticsearchsearchdao.getelasticsearchgrouporder(grouporder);False;False;0.9034152775648784;0.09658472243512224
metron-platform\metron-elasticsearch\src\main\java\org\apache\metron\elasticsearch\dao\elasticsearchsearchdao.java@org.apache.metron.elasticsearch.dao.elasticsearchsearchdao.getelasticsearchsortorder(org);False;False;0.9034152775648784;0.09658472243512224
metron-platform\metron-elasticsearch\src\main\java\org\apache\metron\elasticsearch\dao\elasticsearchsearchdao.java@org.apache.metron.elasticsearch.dao.elasticsearchsearchdao.getfacetaggregationname(string);False;False;0.9034152775648784;0.09658472243512224
metron-platform\metron-elasticsearch\src\main\java\org\apache\metron\elasticsearch\dao\elasticsearchsearchdao.java@org.apache.metron.elasticsearch.dao.elasticsearchsearchdao.getfacetcounts(list,aggregations,map);False;False;0.9034152775648784;0.09658472243512224
metron-platform\metron-elasticsearch\src\main\java\org\apache\metron\elasticsearch\dao\elasticsearchsearchdao.java@org.apache.metron.elasticsearch.dao.elasticsearchsearchdao.getgroupbyaggregationname(string);False;False;0.9034152775648784;0.09658472243512224
metron-platform\metron-elasticsearch\src\main\java\org\apache\metron\elasticsearch\dao\elasticsearchsearchdao.java@org.apache.metron.elasticsearch.dao.elasticsearchsearchdao.getgroupresults(grouprequest,int,aggregations,map);True;False;0.9034152775648784;0.09658472243512224
metron-platform\metron-elasticsearch\src\main\java\org\apache\metron\elasticsearch\dao\elasticsearchsearchdao.java@org.apache.metron.elasticsearch.dao.elasticsearchsearchdao.getgroupstermbuilder(grouprequest,int);False;False;0.9034152775648784;0.09658472243512224
metron-platform\metron-elasticsearch\src\main\java\org\apache\metron\elasticsearch\dao\elasticsearchsearchdao.java@org.apache.metron.elasticsearch.dao.elasticsearchsearchdao.getsearchresult(searchhit,list);False;False;0.9034152775648784;0.09658472243512224
metron-platform\metron-elasticsearch\src\main\java\org\apache\metron\elasticsearch\dao\elasticsearchsearchdao.java@org.apache.metron.elasticsearch.dao.elasticsearchsearchdao.getsumaggregationname(string);False;False;0.9034152775648784;0.09658472243512224
metron-platform\metron-elasticsearch\src\main\java\org\apache\metron\elasticsearch\dao\elasticsearchsearchdao.java@org.apache.metron.elasticsearch.dao.elasticsearchsearchdao.group(grouprequest);False;False;0.9034152775648784;0.09658472243512224
metron-platform\metron-elasticsearch\src\main\java\org\apache\metron\elasticsearch\dao\elasticsearchsearchdao.java@org.apache.metron.elasticsearch.dao.elasticsearchsearchdao.group(grouprequest,querybuilder);False;False;0.9034152775648784;0.09658472243512224
metron-platform\metron-elasticsearch\src\main\java\org\apache\metron\elasticsearch\dao\elasticsearchsearchdao.java@org.apache.metron.elasticsearch.dao.elasticsearchsearchdao.search(searchrequest);False;False;0.9034152775648784;0.09658472243512224
metron-platform\metron-elasticsearch\src\main\java\org\apache\metron\elasticsearch\dao\elasticsearchsearchdao.java@org.apache.metron.elasticsearch.dao.elasticsearchsearchdao.search(searchrequest,querybuilder);False;False;0.9034152775648784;0.09658472243512224
metron-platform\metron-elasticsearch\src\main\java\org\apache\metron\elasticsearch\dao\elasticsearchsearchdao.java@org.apache.metron.elasticsearch.dao.elasticsearchsearchdao.wildcardindices(list);False;False;0.9034152775648784;0.09658472243512224
metron-platform\metron-elasticsearch\src\main\java\org\apache\metron\elasticsearch\utils\elasticsearchutils.java@org.apache.metron.elasticsearch.utils.elasticsearchutils.hostnameport(string,integer);False;False;0.9034152775648784;0.09658472243512224
metron-platform\metron-elasticsearch\src\main\java\org\apache\metron\elasticsearch\utils\elasticsearchutils.java@org.apache.metron.elasticsearch.utils.elasticsearchutils.createtransportclient(settings,map);False;False;0.9034152775648784;0.09658472243512224
metron-platform\metron-elasticsearch\src\main\java\org\apache\metron\elasticsearch\utils\elasticsearchutils.java@org.apache.metron.elasticsearch.utils.elasticsearchutils.getbaseindexname(string);False;False;0.9828690476190476;0.01713095238095238
metron-platform\metron-elasticsearch\src\main\java\org\apache\metron\elasticsearch\utils\elasticsearchutils.java@org.apache.metron.elasticsearch.utils.elasticsearchutils.getclient(map);False;False;0.9034152775648784;0.09658472243512224
metron-platform\metron-elasticsearch\src\main\java\org\apache\metron\elasticsearch\utils\elasticsearchutils.java@org.apache.metron.elasticsearch.utils.elasticsearchutils.getessettings(map);False;False;0.9034152775648784;0.09658472243512224
metron-platform\metron-elasticsearch\src\main\java\org\apache\metron\elasticsearch\utils\elasticsearchutils.java@org.apache.metron.elasticsearch.utils.elasticsearchutils.getindexformat(map);False;False;0.9034152775648784;0.09658472243512224
metron-platform\metron-elasticsearch\src\main\java\org\apache\metron\elasticsearch\utils\elasticsearchutils.java@org.apache.metron.elasticsearch.utils.elasticsearchutils.getindexformat(writerconfiguration);False;False;0.949;0.051
metron-platform\metron-elasticsearch\src\main\java\org\apache\metron\elasticsearch\utils\elasticsearchutils.java@org.apache.metron.elasticsearch.utils.elasticsearchutils.getindexname(string,string,writerconfiguration);False;False;0.9034152775648784;0.09658472243512224
metron-platform\metron-elasticsearch\src\main\java\org\apache\metron\elasticsearch\utils\elasticsearchutils.java@org.apache.metron.elasticsearch.utils.elasticsearchutils.getips(map);False;False;0.9034152775648784;0.09658472243512224
metron-platform\metron-elasticsearch\src\main\java\org\apache\metron\elasticsearch\utils\elasticsearchutils.java@org.apache.metron.elasticsearch.utils.elasticsearchutils.getpasswordfromfile(string);False;False;0.9034152775648784;0.09658472243512224
metron-platform\metron-elasticsearch\src\main\java\org\apache\metron\elasticsearch\utils\elasticsearchutils.java@org.apache.metron.elasticsearch.utils.elasticsearchutils.setxpacksecurityornone(settings,map);False;False;0.9034152775648784;0.09658472243512224
metron-platform\metron-elasticsearch\src\main\java\org\apache\metron\elasticsearch\utils\elasticsearchutils.java@org.apache.metron.elasticsearch.utils.elasticsearchutils.tojson(object);False;False;0.9034152775648784;0.09658472243512224
metron-platform\metron-elasticsearch\src\main\java\org\apache\metron\elasticsearch\utils\elasticsearchutils.java@org.apache.metron.elasticsearch.utils.elasticsearchutils.tojson(org);False;False;0.9034152775648784;0.09658472243512224
metron-platform\metron-elasticsearch\src\main\java\org\apache\metron\elasticsearch\utils\elasticsearchutils.java@org.apache.metron.elasticsearch.utils.hostnameport.hostnameport(string,integer);False;False;0.9034152775648784;0.09658472243512224
metron-platform\metron-elasticsearch\src\main\java\org\apache\metron\elasticsearch\writer\elasticsearchwriter.java@org.apache.metron.elasticsearch.writer.elasticsearchwriter.buildwritereponse(iterable,bulkresponse);False;False;0.9034152775648784;0.09658472243512224
metron-platform\metron-elasticsearch\src\main\java\org\apache\metron\elasticsearch\writer\elasticsearchwriter.java@org.apache.metron.elasticsearch.writer.elasticsearchwriter.close();False;False;1.0;0.0
metron-platform\metron-elasticsearch\src\main\java\org\apache\metron\elasticsearch\writer\elasticsearchwriter.java@org.apache.metron.elasticsearch.writer.elasticsearchwriter.copyfield(string,jsonobject,jsonobject,fieldnameconverter);False;False;0.9034152775648784;0.09658472243512224
metron-platform\metron-elasticsearch\src\main\java\org\apache\metron\elasticsearch\writer\elasticsearchwriter.java@org.apache.metron.elasticsearch.writer.elasticsearchwriter.getname();False;False;1.0;0.0
metron-platform\metron-elasticsearch\src\main\java\org\apache\metron\elasticsearch\writer\elasticsearchwriter.java@org.apache.metron.elasticsearch.writer.elasticsearchwriter.init(map,topologycontext,writerconfiguration);False;False;0.9034152775648784;0.09658472243512224
metron-platform\metron-elasticsearch\src\main\java\org\apache\metron\elasticsearch\writer\elasticsearchwriter.java@org.apache.metron.elasticsearch.writer.elasticsearchwriter.write(string,writerconfiguration,iterable,list);False;False;0.9034152775648784;0.09658472243512224
metron-platform\metron-elasticsearch\src\test\java\org\apache\metron\elasticsearch\bulk\elasticsearchimportexporttest.java@org.apache.metron.elasticsearch.bulk.elasticsearchimportexporttest.bulk_exporter_writes_elasticsearch_records_in_bulk_import_format();False;False;0.9298333333333334;0.07016666666666665
metron-platform\metron-elasticsearch\src\test\java\org\apache\metron\elasticsearch\bulk\elasticsearchimportexporttest.java@org.apache.metron.elasticsearch.bulk.elasticsearchimportexporttest.setup();False;False;0.825;0.175
metron-platform\metron-elasticsearch\src\test\java\org\apache\metron\elasticsearch\dao\elasticsearchcolumnmetadatadaotest.java@org.apache.metron.elasticsearch.dao.elasticsearchcolumnmetadatadaotest.setup(string[]);False;False;0.9034152775648784;0.09658472243512224
metron-platform\metron-elasticsearch\src\test\java\org\apache\metron\elasticsearch\dao\elasticsearchcolumnmetadatadaotest.java@org.apache.metron.elasticsearch.dao.elasticsearchcolumnmetadatadaotest.setup(string[],immutableopenmap);False;False;0.9034152775648784;0.09658472243512224
metron-platform\metron-elasticsearch\src\test\java\org\apache\metron\elasticsearch\dao\elasticsearchcolumnmetadatadaotest.java@org.apache.metron.elasticsearch.dao.elasticsearchcolumnmetadatadaotest.testgetlatestindices();False;False;0.998;0.002
metron-platform\metron-elasticsearch\src\test\java\org\apache\metron\elasticsearch\dao\elasticsearchcolumnmetadatadaotest.java@org.apache.metron.elasticsearch.dao.elasticsearchcolumnmetadatadaotest.testgetonelatestindex();False;False;0.999;0.001
metron-platform\metron-elasticsearch\src\test\java\org\apache\metron\elasticsearch\dao\elasticsearchcolumnmetadatadaotest.java@org.apache.metron.elasticsearch.dao.elasticsearchcolumnmetadatadaotest.testlatestindiceswherenoneexist();False;False;0.986;0.014
metron-platform\metron-elasticsearch\src\test\java\org\apache\metron\elasticsearch\dao\elasticsearchdaotest.java@org.apache.metron.elasticsearch.dao.elasticsearchdaotest.searchshouldsortbygivenfields();False;False;0.943;0.057
metron-platform\metron-elasticsearch\src\test\java\org\apache\metron\elasticsearch\dao\elasticsearchdaotest.java@org.apache.metron.elasticsearch.dao.elasticsearchdaotest.searchshouldthrowexceptionwhenmaxresultsareexceeded();False;False;0.988;0.012
metron-platform\metron-elasticsearch\src\test\java\org\apache\metron\elasticsearch\dao\elasticsearchdaotest.java@org.apache.metron.elasticsearch.dao.elasticsearchdaotest.searchshouldwildcardindices();False;False;0.998;0.002
metron-platform\metron-elasticsearch\src\test\java\org\apache\metron\elasticsearch\dao\elasticsearchdaotest.java@org.apache.metron.elasticsearch.dao.elasticsearchdaotest.setup(reststatus,int);False;False;0.9034152775648784;0.09658472243512224
metron-platform\metron-elasticsearch\src\test\java\org\apache\metron\elasticsearch\dao\elasticsearchdaotest.java@org.apache.metron.elasticsearch.dao.elasticsearchdaotest.setup(reststatus,int,map);False;False;0.9034152775648784;0.09658472243512224
metron-platform\metron-elasticsearch\src\test\java\org\apache\metron\elasticsearch\dao\elasticsearchdaotest.java@org.apache.metron.elasticsearch.dao.elasticsearchdaotest.sortby(string,sortorder);False;False;0.9034152775648784;0.09658472243512224
metron-platform\metron-elasticsearch\src\test\java\org\apache\metron\elasticsearch\dao\elasticsearchmetaalertdaotest.java@org.apache.metron.elasticsearch.dao.elasticsearchmetaalertdaotest.getalllatest(list);False;False;0.9034152775648784;0.09658472243512224
metron-platform\metron-elasticsearch\src\test\java\org\apache\metron\elasticsearch\dao\elasticsearchmetaalertdaotest.java@org.apache.metron.elasticsearch.dao.elasticsearchmetaalertdaotest.getcolumnmetadata(list);False;False;0.9034152775648784;0.09658472243512224
metron-platform\metron-elasticsearch\src\test\java\org\apache\metron\elasticsearch\dao\elasticsearchmetaalertdaotest.java@org.apache.metron.elasticsearch.dao.elasticsearchmetaalertdaotest.getlatest(string,string);False;False;0.9034152775648784;0.09658472243512224
metron-platform\metron-elasticsearch\src\test\java\org\apache\metron\elasticsearch\dao\elasticsearchmetaalertdaotest.java@org.apache.metron.elasticsearch.dao.elasticsearchmetaalertdaotest.group(grouprequest);False;False;1.0;0.0
metron-platform\metron-elasticsearch\src\test\java\org\apache\metron\elasticsearch\dao\elasticsearchmetaalertdaotest.java@org.apache.metron.elasticsearch.dao.elasticsearchmetaalertdaotest.search(searchrequest);False;False;1.0;0.0
metron-platform\metron-elasticsearch\src\test\java\org\apache\metron\elasticsearch\dao\elasticsearchmetaalertdaotest.java@org.apache.metron.elasticsearch.dao.elasticsearchmetaalertdaotest.testbuildcreatedocumentmultiplealerts();False;False;0.996;0.004
metron-platform\metron-elasticsearch\src\test\java\org\apache\metron\elasticsearch\dao\elasticsearchmetaalertdaotest.java@org.apache.metron.elasticsearch.dao.elasticsearchmetaalertdaotest.testbuildcreatedocumentsinglealert();False;False;0.998;0.002
metron-platform\metron-elasticsearch\src\test\java\org\apache\metron\elasticsearch\dao\elasticsearchmetaalertdaotest.java@org.apache.metron.elasticsearch.dao.elasticsearchmetaalertdaotest.testcalculatemetascoreslist();True;False;1.0;0.0
metron-platform\metron-elasticsearch\src\test\java\org\apache\metron\elasticsearch\dao\elasticsearchmetaalertdaotest.java@org.apache.metron.elasticsearch.dao.elasticsearchmetaalertdaotest.testcalculatemetascoreswithdifferentfieldname();True;False;0.9034152775648784;0.09658472243512224
metron-platform\metron-elasticsearch\src\test\java\org\apache\metron\elasticsearch\dao\elasticsearchmetaalertdaotest.java@org.apache.metron.elasticsearch.dao.elasticsearchmetaalertdaotest.testcreatemetaalertemptygroups();False;False;0.9973333333333333;0.0026666666666666666
metron-platform\metron-elasticsearch\src\test\java\org\apache\metron\elasticsearch\dao\elasticsearchmetaalertdaotest.java@org.apache.metron.elasticsearch.dao.elasticsearchmetaalertdaotest.testcreatemetaalertemptyguids();False;False;0.986;0.014
metron-platform\metron-elasticsearch\src\test\java\org\apache\metron\elasticsearch\dao\elasticsearchmetaalertdaotest.java@org.apache.metron.elasticsearch.dao.elasticsearchmetaalertdaotest.testinitinvaliddao();False;False;0.9034152775648784;0.09658472243512224
metron-platform\metron-elasticsearch\src\test\java\org\apache\metron\elasticsearch\dao\elasticsearchmetaalertdaotest.java@org.apache.metron.elasticsearch.dao.elasticsearchmetaalertdaotest.testinvalidinit();False;False;0.9034152775648784;0.09658472243512224
metron-platform\metron-elasticsearch\src\test\java\org\apache\metron\elasticsearch\dao\elasticsearchmetaalertdaotest.java@org.apache.metron.elasticsearch.dao.elasticsearchmetaalertdaotest.testupdateshouldthrowexceptiononmissingsensorindex();True;False;0.9034152775648784;0.09658472243512224
metron-platform\metron-elasticsearch\src\test\java\org\apache\metron\elasticsearch\dao\elasticsearchmetaalertdaotest.java@org.apache.metron.elasticsearch.dao.elasticsearchmetaalertdaotest.testupdateshouldupdateonmissingmetaalertindex();True;False;0.9034152775648784;0.09658472243512224
metron-platform\metron-elasticsearch\src\test\java\org\apache\metron\elasticsearch\dao\elasticsearchrequestsubmittertest.java@org.apache.metron.elasticsearch.dao.elasticsearchrequestsubmittertest.searchshouldfailwhennotok();False;False;0.997;0.003
metron-platform\metron-elasticsearch\src\test\java\org\apache\metron\elasticsearch\dao\elasticsearchrequestsubmittertest.java@org.apache.metron.elasticsearch.dao.elasticsearchrequestsubmittertest.searchshouldhandleshardfailure();False;False;0.999;0.001
metron-platform\metron-elasticsearch\src\test\java\org\apache\metron\elasticsearch\dao\elasticsearchrequestsubmittertest.java@org.apache.metron.elasticsearch.dao.elasticsearchrequestsubmittertest.searchshouldsucceedwhenok();False;False;1.0;0.0
metron-platform\metron-elasticsearch\src\test\java\org\apache\metron\elasticsearch\dao\elasticsearchrequestsubmittertest.java@org.apache.metron.elasticsearch.dao.elasticsearchrequestsubmittertest.setup(searchresponse);False;False;0.992;0.008
metron-platform\metron-elasticsearch\src\test\java\org\apache\metron\elasticsearch\integration\elasticsearchindexingintegrationtest.java@org.apache.metron.elasticsearch.integration.elasticsearchindexingintegrationtest.cleanfield(string);False;False;0.9999677419354839;3.2258064516129034e-05
metron-platform\metron-elasticsearch\src\test\java\org\apache\metron\elasticsearch\integration\elasticsearchindexingintegrationtest.java@org.apache.metron.elasticsearch.integration.elasticsearchindexingintegrationtest.getfieldnameconverter();False;False;0.979;0.021
metron-platform\metron-elasticsearch\src\test\java\org\apache\metron\elasticsearch\integration\elasticsearchindexingintegrationtest.java@org.apache.metron.elasticsearch.integration.elasticsearchindexingintegrationtest.getfluxpath();False;False;1.0;0.0
metron-platform\metron-elasticsearch\src\test\java\org\apache\metron\elasticsearch\integration\elasticsearchindexingintegrationtest.java@org.apache.metron.elasticsearch.integration.elasticsearchindexingintegrationtest.getprocessor(list);False;False;0.9034152775648784;0.09658472243512224
metron-platform\metron-elasticsearch\src\test\java\org\apache\metron\elasticsearch\integration\elasticsearchindexingintegrationtest.java@org.apache.metron.elasticsearch.integration.elasticsearchindexingintegrationtest.getresult();False;False;0.99675;0.00325
metron-platform\metron-elasticsearch\src\test\java\org\apache\metron\elasticsearch\integration\elasticsearchindexingintegrationtest.java@org.apache.metron.elasticsearch.integration.elasticsearchindexingintegrationtest.getsearchcomponent(properties);False;False;0.9651000000000002;0.03490000000000001
metron-platform\metron-elasticsearch\src\test\java\org\apache\metron\elasticsearch\integration\elasticsearchindexingintegrationtest.java@org.apache.metron.elasticsearch.integration.elasticsearchindexingintegrationtest.gettemplatepath();False;False;1.0;0.0
metron-platform\metron-elasticsearch\src\test\java\org\apache\metron\elasticsearch\integration\elasticsearchindexingintegrationtest.java@org.apache.metron.elasticsearch.integration.elasticsearchindexingintegrationtest.process(componentrunner);False;False;0.9034152775648784;0.09658472243512224
metron-platform\metron-elasticsearch\src\test\java\org\apache\metron\elasticsearch\integration\elasticsearchindexingintegrationtest.java@org.apache.metron.elasticsearch.integration.elasticsearchindexingintegrationtest.setadditionalproperties(properties);False;False;0.9475;0.0525
metron-platform\metron-elasticsearch\src\test\java\org\apache\metron\elasticsearch\integration\elasticsearchmetaalertintegrationtest.java@org.apache.metron.elasticsearch.integration.elasticsearchmetaalertintegrationtest.elasticsearchmetaalertintegrationtest(function);True;False;0.9034152775648784;0.09658472243512224
metron-platform\metron-elasticsearch\src\test\java\org\apache\metron\elasticsearch\integration\elasticsearchmetaalertintegrationtest.java@org.apache.metron.elasticsearch.integration.elasticsearchmetaalertintegrationtest.addrecords(list,string,string);True;False;0.9034152775648784;0.09658472243512224
metron-platform\metron-elasticsearch\src\test\java\org\apache\metron\elasticsearch\integration\elasticsearchmetaalertintegrationtest.java@org.apache.metron.elasticsearch.integration.elasticsearchmetaalertintegrationtest.addremovealertsshouldthrowexceptionforinactivemetaalert();False;False;0.9034152775648784;0.09658472243512224
metron-platform\metron-elasticsearch\src\test\java\org\apache\metron\elasticsearch\integration\elasticsearchmetaalertintegrationtest.java@org.apache.metron.elasticsearch.integration.elasticsearchmetaalertintegrationtest.buildalerts(int);True;False;0.9706;0.0294
metron-platform\metron-elasticsearch\src\test\java\org\apache\metron\elasticsearch\integration\elasticsearchmetaalertintegrationtest.java@org.apache.metron.elasticsearch.integration.elasticsearchmetaalertintegrationtest.buildmetaalert(string,metaalertstatus,optional);False;False;0.9034152775648784;0.09658472243512224
metron-platform\metron-elasticsearch\src\test\java\org\apache\metron\elasticsearch\integration\elasticsearchmetaalertintegrationtest.java@org.apache.metron.elasticsearch.integration.elasticsearchmetaalertintegrationtest.buildmetaalerts(int,metaalertstatus,optional);False;False;0.9034152775648784;0.09658472243512224
metron-platform\metron-elasticsearch\src\test\java\org\apache\metron\elasticsearch\integration\elasticsearchmetaalertintegrationtest.java@org.apache.metron.elasticsearch.integration.elasticsearchmetaalertintegrationtest.comparedocs(map,map);False;False;0.9034152775648784;0.09658472243512224
metron-platform\metron-elasticsearch\src\test\java\org\apache\metron\elasticsearch\integration\elasticsearchmetaalertintegrationtest.java@org.apache.metron.elasticsearch.integration.elasticsearchmetaalertintegrationtest.data();True;False;0.9034152775648784;0.09658472243512224
metron-platform\metron-elasticsearch\src\test\java\org\apache\metron\elasticsearch\integration\elasticsearchmetaalertintegrationtest.java@org.apache.metron.elasticsearch.integration.elasticsearchmetaalertintegrationtest.elasticsearchadd(list,string,string);False;False;0.9034152775648784;0.09658472243512224
metron-platform\metron-elasticsearch\src\test\java\org\apache\metron\elasticsearch\integration\elasticsearchmetaalertintegrationtest.java@org.apache.metron.elasticsearch.integration.elasticsearchmetaalertintegrationtest.findcreateddoc(string,string);False;False;0.9034152775648784;0.09658472243512224
metron-platform\metron-elasticsearch\src\test\java\org\apache\metron\elasticsearch\integration\elasticsearchmetaalertintegrationtest.java@org.apache.metron.elasticsearch.integration.elasticsearchmetaalertintegrationtest.findcreateddocs(list);False;False;0.9034152775648784;0.09658472243512224
metron-platform\metron-elasticsearch\src\test\java\org\apache\metron\elasticsearch\integration\elasticsearchmetaalertintegrationtest.java@org.apache.metron.elasticsearch.integration.elasticsearchmetaalertintegrationtest.findupdateddoc(map,string,string);False;False;0.9034152775648784;0.09658472243512224
metron-platform\metron-elasticsearch\src\test\java\org\apache\metron\elasticsearch\integration\elasticsearchmetaalertintegrationtest.java@org.apache.metron.elasticsearch.integration.elasticsearchmetaalertintegrationtest.getallmetaalertsforalertshouldthrowexceptionforemtpyguid();False;False;0.9034152775648784;0.09658472243512224
metron-platform\metron-elasticsearch\src\test\java\org\apache\metron\elasticsearch\integration\elasticsearchmetaalertintegrationtest.java@org.apache.metron.elasticsearch.integration.elasticsearchmetaalertintegrationtest.getmatchingalertcount(string,object);True;False;0.9034152775648784;0.09658472243512224
metron-platform\metron-elasticsearch\src\test\java\org\apache\metron\elasticsearch\integration\elasticsearchmetaalertintegrationtest.java@org.apache.metron.elasticsearch.integration.elasticsearchmetaalertintegrationtest.getmatchingmetaalertcount(string,string);True;False;0.9034152775648784;0.09658472243512224
metron-platform\metron-elasticsearch\src\test\java\org\apache\metron\elasticsearch\integration\elasticsearchmetaalertintegrationtest.java@org.apache.metron.elasticsearch.integration.elasticsearchmetaalertintegrationtest.getmetaalertindex();False;False;0.9034152775648784;0.09658472243512224
metron-platform\metron-elasticsearch\src\test\java\org\apache\metron\elasticsearch\integration\elasticsearchmetaalertintegrationtest.java@org.apache.metron.elasticsearch.integration.elasticsearchmetaalertintegrationtest.getsourcetypefield();False;False;0.9034152775648784;0.09658472243512224
metron-platform\metron-elasticsearch\src\test\java\org\apache\metron\elasticsearch\integration\elasticsearchmetaalertintegrationtest.java@org.apache.metron.elasticsearch.integration.elasticsearchmetaalertintegrationtest.gettestindexfullname();True;False;0.9034152775648784;0.09658472243512224
metron-platform\metron-elasticsearch\src\test\java\org\apache\metron\elasticsearch\integration\elasticsearchmetaalertintegrationtest.java@org.apache.metron.elasticsearch.integration.elasticsearchmetaalertintegrationtest.gettestindexname();True;False;0.9034152775648784;0.09658472243512224
metron-platform\metron-elasticsearch\src\test\java\org\apache\metron\elasticsearch\integration\elasticsearchmetaalertintegrationtest.java@org.apache.metron.elasticsearch.integration.elasticsearchmetaalertintegrationtest.isemptymetaalertlist();True;False;0.9034152775648784;0.09658472243512224
metron-platform\metron-elasticsearch\src\test\java\org\apache\metron\elasticsearch\integration\elasticsearchmetaalertintegrationtest.java@org.apache.metron.elasticsearch.integration.elasticsearchmetaalertintegrationtest.isfinitedoubleonly();False;False;0.9034152775648784;0.09658472243512224
metron-platform\metron-elasticsearch\src\test\java\org\apache\metron\elasticsearch\integration\elasticsearchmetaalertintegrationtest.java@org.apache.metron.elasticsearch.integration.elasticsearchmetaalertintegrationtest.reset();False;False;1.0;0.0
metron-platform\metron-elasticsearch\src\test\java\org\apache\metron\elasticsearch\integration\elasticsearchmetaalertintegrationtest.java@org.apache.metron.elasticsearch.integration.elasticsearchmetaalertintegrationtest.setemptiedmetaalertfield(map);False;False;0.9034152775648784;0.09658472243512224
metron-platform\metron-elasticsearch\src\test\java\org\apache\metron\elasticsearch\integration\elasticsearchmetaalertintegrationtest.java@org.apache.metron.elasticsearch.integration.elasticsearchmetaalertintegrationtest.setup();True;False;0.975;0.025
metron-platform\metron-elasticsearch\src\test\java\org\apache\metron\elasticsearch\integration\elasticsearchmetaalertintegrationtest.java@org.apache.metron.elasticsearch.integration.elasticsearchmetaalertintegrationtest.setupbefore();True;False;0.937;0.063
metron-platform\metron-elasticsearch\src\test\java\org\apache\metron\elasticsearch\integration\elasticsearchmetaalertintegrationtest.java@org.apache.metron.elasticsearch.integration.elasticsearchmetaalertintegrationtest.setuptypings();True;False;0.9034152775648784;0.09658472243512224
metron-platform\metron-elasticsearch\src\test\java\org\apache\metron\elasticsearch\integration\elasticsearchmetaalertintegrationtest.java@org.apache.metron.elasticsearch.integration.elasticsearchmetaalertintegrationtest.shouldaddalertstometaalert();False;False;0.981;0.019
metron-platform\metron-elasticsearch\src\test\java\org\apache\metron\elasticsearch\integration\elasticsearchmetaalertintegrationtest.java@org.apache.metron.elasticsearch.integration.elasticsearchmetaalertintegrationtest.shouldcreatemetaalert();True;False;0.975;0.025
metron-platform\metron-elasticsearch\src\test\java\org\apache\metron\elasticsearch\integration\elasticsearchmetaalertintegrationtest.java@org.apache.metron.elasticsearch.integration.elasticsearchmetaalertintegrationtest.shouldcreatemetaalertwithconfiguredfieldnames();True;False;0.9034152775648784;0.09658472243512224
metron-platform\metron-elasticsearch\src\test\java\org\apache\metron\elasticsearch\integration\elasticsearchmetaalertintegrationtest.java@org.apache.metron.elasticsearch.integration.elasticsearchmetaalertintegrationtest.shouldgetallmetaalertsforalert();False;False;0.9034152775648784;0.09658472243512224
metron-platform\metron-elasticsearch\src\test\java\org\apache\metron\elasticsearch\integration\elasticsearchmetaalertintegrationtest.java@org.apache.metron.elasticsearch.integration.elasticsearchmetaalertintegrationtest.shouldhidesalertsongroup();False;False;0.964;0.036
metron-platform\metron-elasticsearch\src\test\java\org\apache\metron\elasticsearch\integration\elasticsearchmetaalertintegrationtest.java@org.apache.metron.elasticsearch.integration.elasticsearchmetaalertintegrationtest.shouldpatchallowedmetaalerts();False;False;0.9034152775648784;0.09658472243512224
metron-platform\metron-elasticsearch\src\test\java\org\apache\metron\elasticsearch\integration\elasticsearchmetaalertintegrationtest.java@org.apache.metron.elasticsearch.integration.elasticsearchmetaalertintegrationtest.shouldremovealertsfrommetaalert();False;False;0.949;0.051
metron-platform\metron-elasticsearch\src\test\java\org\apache\metron\elasticsearch\integration\elasticsearchmetaalertintegrationtest.java@org.apache.metron.elasticsearch.integration.elasticsearchmetaalertintegrationtest.shouldsearchbynestedalert();True;False;0.914;0.086
metron-platform\metron-elasticsearch\src\test\java\org\apache\metron\elasticsearch\integration\elasticsearchmetaalertintegrationtest.java@org.apache.metron.elasticsearch.integration.elasticsearchmetaalertintegrationtest.shouldsearchbystatus();False;False;0.9584166666666666;0.04158333333333333
metron-platform\metron-elasticsearch\src\test\java\org\apache\metron\elasticsearch\integration\elasticsearchmetaalertintegrationtest.java@org.apache.metron.elasticsearch.integration.elasticsearchmetaalertintegrationtest.shouldthrowexceptiononmetaalertupdate();False;False;0.9034152775648784;0.09658472243512224
metron-platform\metron-elasticsearch\src\test\java\org\apache\metron\elasticsearch\integration\elasticsearchmetaalertintegrationtest.java@org.apache.metron.elasticsearch.integration.elasticsearchmetaalertintegrationtest.shouldupdatemetaalertonalertupdate();False;True;0.462;0.538
metron-platform\metron-elasticsearch\src\test\java\org\apache\metron\elasticsearch\integration\elasticsearchmetaalertintegrationtest.java@org.apache.metron.elasticsearch.integration.elasticsearchmetaalertintegrationtest.shouldupdatemetaalertstatus();False;True;0.378;0.622
metron-platform\metron-elasticsearch\src\test\java\org\apache\metron\elasticsearch\integration\elasticsearchmetaalertintegrationtest.java@org.apache.metron.elasticsearch.integration.elasticsearchmetaalertintegrationtest.teardown();False;False;0.999;0.001
metron-platform\metron-elasticsearch\src\test\java\org\apache\metron\elasticsearch\integration\elasticsearchsearchintegrationtest.java@org.apache.metron.elasticsearch.integration.elasticsearchsearchintegrationtest.createdao();False;False;0.9;0.1
metron-platform\metron-elasticsearch\src\test\java\org\apache\metron\elasticsearch\integration\elasticsearchsearchintegrationtest.java@org.apache.metron.elasticsearch.integration.elasticsearchsearchintegrationtest.loadtestdata();False;False;0.972;0.028
metron-platform\metron-elasticsearch\src\test\java\org\apache\metron\elasticsearch\integration\elasticsearchsearchintegrationtest.java@org.apache.metron.elasticsearch.integration.elasticsearchsearchintegrationtest.startindex();False;False;0.984;0.016
metron-platform\metron-elasticsearch\src\test\java\org\apache\metron\elasticsearch\integration\elasticsearchupdateintegrationtest.java@org.apache.metron.elasticsearch.integration.elasticsearchupdateintegrationtest.setup();False;False;0.965;0.035
metron-platform\metron-elasticsearch\src\test\java\org\apache\metron\elasticsearch\integration\elasticsearchupdateintegrationtest.java@org.apache.metron.elasticsearch.integration.elasticsearchupdateintegrationtest.teardown();False;False;0.999;0.001
metron-platform\metron-elasticsearch\src\test\java\org\apache\metron\elasticsearch\integration\elasticsearchupdateintegrationtest.java@org.apache.metron.elasticsearch.integration.elasticsearchupdateintegrationtest.test();False;False;0.9034152775648784;0.09658472243512224
metron-platform\metron-elasticsearch\src\test\java\org\apache\metron\elasticsearch\integration\components\elasticsearchcomponent.java@org.apache.metron.elasticsearch.integration.components.builder.build();False;False;0.991;0.009
metron-platform\metron-elasticsearch\src\test\java\org\apache\metron\elasticsearch\integration\components\elasticsearchcomponent.java@org.apache.metron.elasticsearch.integration.components.builder.withextraelasticsearchsettings(map);False;False;0.9034152775648784;0.09658472243512224
metron-platform\metron-elasticsearch\src\test\java\org\apache\metron\elasticsearch\integration\components\elasticsearchcomponent.java@org.apache.metron.elasticsearch.integration.components.builder.withhttpport(int);False;False;0.9034152775648784;0.09658472243512224
metron-platform\metron-elasticsearch\src\test\java\org\apache\metron\elasticsearch\integration\components\elasticsearchcomponent.java@org.apache.metron.elasticsearch.integration.components.builder.withindexdir(file);False;False;0.9034152775648784;0.09658472243512224
metron-platform\metron-elasticsearch\src\test\java\org\apache\metron\elasticsearch\integration\components\elasticsearchcomponent.java@org.apache.metron.elasticsearch.integration.components.builder.withmapping(string,string,string);False;False;0.9034152775648784;0.09658472243512224
metron-platform\metron-elasticsearch\src\test\java\org\apache\metron\elasticsearch\integration\components\elasticsearchcomponent.java@org.apache.metron.elasticsearch.integration.components.elasticsearchcomponent.elasticsearchcomponent(int,file,map,list);False;False;0.9034152775648784;0.09658472243512224
metron-platform\metron-elasticsearch\src\test\java\org\apache\metron\elasticsearch\integration\components\elasticsearchcomponent.java@org.apache.metron.elasticsearch.integration.components.elasticsearchcomponent.mapping(string,string,string);False;False;0.9034152775648784;0.09658472243512224
metron-platform\metron-elasticsearch\src\test\java\org\apache\metron\elasticsearch\integration\components\elasticsearchcomponent.java@org.apache.metron.elasticsearch.integration.components.elasticsearchcomponent.testnode(settings,collection);False;False;0.9034152775648784;0.09658472243512224
metron-platform\metron-elasticsearch\src\test\java\org\apache\metron\elasticsearch\integration\components\elasticsearchcomponent.java@org.apache.metron.elasticsearch.integration.components.elasticsearchcomponent.add(string,string,iterable);False;False;0.9034152775648784;0.09658472243512224
metron-platform\metron-elasticsearch\src\test\java\org\apache\metron\elasticsearch\integration\components\elasticsearchcomponent.java@org.apache.metron.elasticsearch.integration.components.elasticsearchcomponent.add(string,string,string);False;False;0.9034152775648784;0.09658472243512224
metron-platform\metron-elasticsearch\src\test\java\org\apache\metron\elasticsearch\integration\components\elasticsearchcomponent.java@org.apache.metron.elasticsearch.integration.components.elasticsearchcomponent.build();False;False;0.9034152775648784;0.09658472243512224
metron-platform\metron-elasticsearch\src\test\java\org\apache\metron\elasticsearch\integration\components\elasticsearchcomponent.java@org.apache.metron.elasticsearch.integration.components.elasticsearchcomponent.cleandir(file);False;False;0.992;0.008
metron-platform\metron-elasticsearch\src\test\java\org\apache\metron\elasticsearch\integration\components\elasticsearchcomponent.java@org.apache.metron.elasticsearch.integration.components.elasticsearchcomponent.createindexwithmapping(string,string,string);False;False;0.9034152775648784;0.09658472243512224
metron-platform\metron-elasticsearch\src\test\java\org\apache\metron\elasticsearch\integration\components\elasticsearchcomponent.java@org.apache.metron.elasticsearch.integration.components.elasticsearchcomponent.getallindexeddocs(string,string);False;False;0.9034152775648784;0.09658472243512224
metron-platform\metron-elasticsearch\src\test\java\org\apache\metron\elasticsearch\integration\components\elasticsearchcomponent.java@org.apache.metron.elasticsearch.integration.components.elasticsearchcomponent.getallindexeddocs(string,string,string);False;False;0.9034152775648784;0.09658472243512224
metron-platform\metron-elasticsearch\src\test\java\org\apache\metron\elasticsearch\integration\components\elasticsearchcomponent.java@org.apache.metron.elasticsearch.integration.components.elasticsearchcomponent.getclient();False;False;1.0;0.0
metron-platform\metron-elasticsearch\src\test\java\org\apache\metron\elasticsearch\integration\components\elasticsearchcomponent.java@org.apache.metron.elasticsearch.integration.components.elasticsearchcomponent.hasindex(string);False;False;0.96985;0.03015
metron-platform\metron-elasticsearch\src\test\java\org\apache\metron\elasticsearch\integration\components\elasticsearchcomponent.java@org.apache.metron.elasticsearch.integration.components.elasticsearchcomponent.reset();False;False;0.998;0.002
metron-platform\metron-elasticsearch\src\test\java\org\apache\metron\elasticsearch\integration\components\elasticsearchcomponent.java@org.apache.metron.elasticsearch.integration.components.elasticsearchcomponent.start();False;False;0.9034152775648784;0.09658472243512224
metron-platform\metron-elasticsearch\src\test\java\org\apache\metron\elasticsearch\integration\components\elasticsearchcomponent.java@org.apache.metron.elasticsearch.integration.components.elasticsearchcomponent.stop();False;False;0.9034152775648784;0.09658472243512224
metron-platform\metron-elasticsearch\src\test\java\org\apache\metron\elasticsearch\integration\components\elasticsearchcomponent.java@org.apache.metron.elasticsearch.integration.components.elasticsearchcomponent.waitforcluster(client,clusterhealthstatus,string);False;False;0.9034152775648784;0.09658472243512224
metron-platform\metron-elasticsearch\src\test\java\org\apache\metron\elasticsearch\integration\components\elasticsearchcomponent.java@org.apache.metron.elasticsearch.integration.components.elasticsearchcomponent.withextraelasticsearchsettings(map);False;False;0.9034152775648784;0.09658472243512224
metron-platform\metron-elasticsearch\src\test\java\org\apache\metron\elasticsearch\integration\components\elasticsearchcomponent.java@org.apache.metron.elasticsearch.integration.components.elasticsearchcomponent.withhttpport(int);False;False;1.0;0.0
metron-platform\metron-elasticsearch\src\test\java\org\apache\metron\elasticsearch\integration\components\elasticsearchcomponent.java@org.apache.metron.elasticsearch.integration.components.elasticsearchcomponent.withindexdir(file);False;False;1.0;0.0
metron-platform\metron-elasticsearch\src\test\java\org\apache\metron\elasticsearch\integration\components\elasticsearchcomponent.java@org.apache.metron.elasticsearch.integration.components.elasticsearchcomponent.withmapping(string,string,string);False;False;0.9034152775648784;0.09658472243512224
metron-platform\metron-elasticsearch\src\test\java\org\apache\metron\elasticsearch\integration\components\elasticsearchcomponent.java@org.apache.metron.elasticsearch.integration.components.mapping.mapping(string,string,string);False;False;0.9034152775648784;0.09658472243512224
metron-platform\metron-elasticsearch\src\test\java\org\apache\metron\elasticsearch\integration\components\elasticsearchcomponent.java@org.apache.metron.elasticsearch.integration.components.testnode.testnode(settings,collection);False;False;0.9034152775648784;0.09658472243512224
metron-platform\metron-elasticsearch\src\test\java\org\apache\metron\elasticsearch\writer\elasticsearchwritertest.java@org.apache.metron.elasticsearch.writer.elasticsearchwritertest.buildbulkitemfailure(exception);False;False;0.99;0.01
metron-platform\metron-elasticsearch\src\test\java\org\apache\metron\elasticsearch\writer\elasticsearchwritertest.java@org.apache.metron.elasticsearch.writer.elasticsearchwritertest.testmultiplesuccesses();False;False;0.995;0.005
metron-platform\metron-elasticsearch\src\test\java\org\apache\metron\elasticsearch\writer\elasticsearchwritertest.java@org.apache.metron.elasticsearch.writer.elasticsearchwritertest.testsinglefailure();False;False;0.997;0.003
metron-platform\metron-elasticsearch\src\test\java\org\apache\metron\elasticsearch\writer\elasticsearchwritertest.java@org.apache.metron.elasticsearch.writer.elasticsearchwritertest.testsinglesuccesses();False;False;0.985;0.015
metron-platform\metron-elasticsearch\src\test\java\org\apache\metron\elasticsearch\writer\elasticsearchwritertest.java@org.apache.metron.elasticsearch.writer.elasticsearchwritertest.testsuccessandfailure();False;False;0.998;0.002
metron-platform\metron-elasticsearch\src\test\java\org\apache\metron\elasticsearch\writer\elasticsearchwritertest.java@org.apache.metron.elasticsearch.writer.elasticsearchwritertest.testtwodifferentfailure();False;False;0.997;0.003
metron-platform\metron-elasticsearch\src\test\java\org\apache\metron\elasticsearch\writer\elasticsearchwritertest.java@org.apache.metron.elasticsearch.writer.elasticsearchwritertest.testtwosamefailure();False;False;0.999;0.001
metron-platform\metron-enrichment\src\main\java\org\apache\metron\enrichment\adapters\cif\cifhbaseadapter.java@org.apache.metron.enrichment.adapters.cif.cifhbaseadapter.cifhbaseadapter(string,string,string);False;False;0.9034152775648784;0.09658472243512224
metron-platform\metron-enrichment\src\main\java\org\apache\metron\enrichment\adapters\cif\cifhbaseadapter.java@org.apache.metron.enrichment.adapters.cif.cifhbaseadapter.enrich(cachekey);False;False;0.998;0.002
metron-platform\metron-enrichment\src\main\java\org\apache\metron\enrichment\adapters\cif\cifhbaseadapter.java@org.apache.metron.enrichment.adapters.cif.cifhbaseadapter.enrichbydomain(string);False;False;1.0;0.0
metron-platform\metron-enrichment\src\main\java\org\apache\metron\enrichment\adapters\cif\cifhbaseadapter.java@org.apache.metron.enrichment.adapters.cif.cifhbaseadapter.enrichbyemail(string);False;False;1.0;0.0
metron-platform\metron-enrichment\src\main\java\org\apache\metron\enrichment\adapters\cif\cifhbaseadapter.java@org.apache.metron.enrichment.adapters.cif.cifhbaseadapter.enrichbyip(string);False;False;0.9995187969924813;0.000481203007518797
metron-platform\metron-enrichment\src\main\java\org\apache\metron\enrichment\adapters\cif\cifhbaseadapter.java@org.apache.metron.enrichment.adapters.cif.cifhbaseadapter.getcifobject(string);False;False;0.9034152775648784;0.09658472243512224
metron-platform\metron-enrichment\src\main\java\org\apache\metron\enrichment\adapters\cif\cifhbaseadapter.java@org.apache.metron.enrichment.adapters.cif.cifhbaseadapter.getoutputprefix(cachekey);False;False;1.0;0.0
metron-platform\metron-enrichment\src\main\java\org\apache\metron\enrichment\adapters\cif\cifhbaseadapter.java@org.apache.metron.enrichment.adapters.cif.cifhbaseadapter.initializeadapter(map);False;False;0.9034152775648784;0.09658472243512224
metron-platform\metron-enrichment\src\main\java\org\apache\metron\enrichment\adapters\geo\geoadapter.java@org.apache.metron.enrichment.adapters.geo.geoadapter.enrich(cachekey);False;False;0.997;0.003
metron-platform\metron-enrichment\src\main\java\org\apache\metron\enrichment\adapters\geo\geoadapter.java@org.apache.metron.enrichment.adapters.geo.geoadapter.getoutputprefix(cachekey);False;False;1.0;0.0
metron-platform\metron-enrichment\src\main\java\org\apache\metron\enrichment\adapters\geo\geoadapter.java@org.apache.metron.enrichment.adapters.geo.geoadapter.initializeadapter(map);False;False;0.9034152775648784;0.09658472243512224
metron-platform\metron-enrichment\src\main\java\org\apache\metron\enrichment\adapters\geo\geoadapter.java@org.apache.metron.enrichment.adapters.geo.geoadapter.updateadapter(map);False;False;0.9034152775648784;0.09658472243512224
metron-platform\metron-enrichment\src\main\java\org\apache\metron\enrichment\adapters\host\hostfromjsonlistadapter.java@org.apache.metron.enrichment.adapters.host.hostfromjsonlistadapter.hostfromjsonlistadapter(string);False;False;0.9034152775648784;0.09658472243512224
metron-platform\metron-enrichment\src\main\java\org\apache\metron\enrichment\adapters\host\hostfromjsonlistadapter.java@org.apache.metron.enrichment.adapters.host.hostfromjsonlistadapter.enrich(cachekey);False;False;0.9805;0.0195
metron-platform\metron-enrichment\src\main\java\org\apache\metron\enrichment\adapters\host\hostfromjsonlistadapter.java@org.apache.metron.enrichment.adapters.host.hostfromjsonlistadapter.getoutputprefix(cachekey);False;False;0.995;0.005
metron-platform\metron-enrichment\src\main\java\org\apache\metron\enrichment\adapters\host\hostfromjsonlistadapter.java@org.apache.metron.enrichment.adapters.host.hostfromjsonlistadapter.initializeadapter(map);False;False;0.9034152775648784;0.09658472243512224
metron-platform\metron-enrichment\src\main\java\org\apache\metron\enrichment\adapters\host\hostfrompropertiesfileadapter.java@org.apache.metron.enrichment.adapters.host.hostfrompropertiesfileadapter.hostfrompropertiesfileadapter(map);False;False;0.9034152775648784;0.09658472243512224
metron-platform\metron-enrichment\src\main\java\org\apache\metron\enrichment\adapters\host\hostfrompropertiesfileadapter.java@org.apache.metron.enrichment.adapters.host.hostfrompropertiesfileadapter.enrich(cachekey);False;False;0.998;0.002
metron-platform\metron-enrichment\src\main\java\org\apache\metron\enrichment\adapters\host\hostfrompropertiesfileadapter.java@org.apache.metron.enrichment.adapters.host.hostfrompropertiesfileadapter.getoutputprefix(cachekey);False;False;1.0;0.0
metron-platform\metron-enrichment\src\main\java\org\apache\metron\enrichment\adapters\host\hostfrompropertiesfileadapter.java@org.apache.metron.enrichment.adapters.host.hostfrompropertiesfileadapter.initializeadapter(map);False;False;0.9034152775648784;0.09658472243512224
metron-platform\metron-enrichment\src\main\java\org\apache\metron\enrichment\adapters\jdbc\basejdbcconfig.java@org.apache.metron.enrichment.adapters.jdbc.basejdbcconfig.gethost();False;False;0.996;0.004
metron-platform\metron-enrichment\src\main\java\org\apache\metron\enrichment\adapters\jdbc\basejdbcconfig.java@org.apache.metron.enrichment.adapters.jdbc.basejdbcconfig.getpassword();False;False;0.9870016977227632;0.012998302277236747
metron-platform\metron-enrichment\src\main\java\org\apache\metron\enrichment\adapters\jdbc\basejdbcconfig.java@org.apache.metron.enrichment.adapters.jdbc.basejdbcconfig.getport();False;False;0.9870016977227632;0.012998302277236747
metron-platform\metron-enrichment\src\main\java\org\apache\metron\enrichment\adapters\jdbc\basejdbcconfig.java@org.apache.metron.enrichment.adapters.jdbc.basejdbcconfig.gettable();False;False;0.9870016977227632;0.012998302277236747
metron-platform\metron-enrichment\src\main\java\org\apache\metron\enrichment\adapters\jdbc\basejdbcconfig.java@org.apache.metron.enrichment.adapters.jdbc.basejdbcconfig.getusername();False;False;0.9870016977227632;0.012998302277236747
metron-platform\metron-enrichment\src\main\java\org\apache\metron\enrichment\adapters\jdbc\basejdbcconfig.java@org.apache.metron.enrichment.adapters.jdbc.basejdbcconfig.sethost(string);False;False;0.9863333374684377;0.013666662531561671
metron-platform\metron-enrichment\src\main\java\org\apache\metron\enrichment\adapters\jdbc\basejdbcconfig.java@org.apache.metron.enrichment.adapters.jdbc.basejdbcconfig.setpassword(string);False;False;0.9863333374684377;0.013666662531561671
metron-platform\metron-enrichment\src\main\java\org\apache\metron\enrichment\adapters\jdbc\basejdbcconfig.java@org.apache.metron.enrichment.adapters.jdbc.basejdbcconfig.setport(int);False;False;0.9863333374684377;0.013666662531561671
metron-platform\metron-enrichment\src\main\java\org\apache\metron\enrichment\adapters\jdbc\basejdbcconfig.java@org.apache.metron.enrichment.adapters.jdbc.basejdbcconfig.settable(string);False;False;0.9863333374684377;0.013666662531561671
metron-platform\metron-enrichment\src\main\java\org\apache\metron\enrichment\adapters\jdbc\basejdbcconfig.java@org.apache.metron.enrichment.adapters.jdbc.basejdbcconfig.setusername(string);False;False;0.9863333374684377;0.013666662531561671
metron-platform\metron-enrichment\src\main\java\org\apache\metron\enrichment\adapters\jdbc\jdbcadapter.java@org.apache.metron.enrichment.adapters.jdbc.jdbcadapter.cleanup();False;False;0.9034152775648784;0.09658472243512224
metron-platform\metron-enrichment\src\main\java\org\apache\metron\enrichment\adapters\jdbc\jdbcadapter.java@org.apache.metron.enrichment.adapters.jdbc.jdbcadapter.initializeadapter(map);False;False;0.9034152775648784;0.09658472243512224
metron-platform\metron-enrichment\src\main\java\org\apache\metron\enrichment\adapters\jdbc\jdbcadapter.java@org.apache.metron.enrichment.adapters.jdbc.jdbcadapter.isconnectionclosed();False;False;0.9034152775648784;0.09658472243512224
metron-platform\metron-enrichment\src\main\java\org\apache\metron\enrichment\adapters\jdbc\jdbcadapter.java@org.apache.metron.enrichment.adapters.jdbc.jdbcadapter.resetconnectionifnecessary();False;False;0.9975;0.0025
metron-platform\metron-enrichment\src\main\java\org\apache\metron\enrichment\adapters\jdbc\jdbcadapter.java@org.apache.metron.enrichment.adapters.jdbc.jdbcadapter.setstatement(statement);False;False;0.9863333374684377;0.013666662531561671
metron-platform\metron-enrichment\src\main\java\org\apache\metron\enrichment\adapters\jdbc\jdbcadapter.java@org.apache.metron.enrichment.adapters.jdbc.jdbcadapter.withjdbcconfig(jdbcconfig);False;False;0.987;0.013
metron-platform\metron-enrichment\src\main\java\org\apache\metron\enrichment\adapters\jdbc\mysqlconfig.java@org.apache.metron.enrichment.adapters.jdbc.mysqlconfig.getclassname();False;False;0.999;0.001
metron-platform\metron-enrichment\src\main\java\org\apache\metron\enrichment\adapters\jdbc\mysqlconfig.java@org.apache.metron.enrichment.adapters.jdbc.mysqlconfig.getjdbcurl();False;False;0.9923333333333333;0.007666666666666666
metron-platform\metron-enrichment\src\main\java\org\apache\metron\enrichment\adapters\simplehbase\simplehbaseadapter.java@org.apache.metron.enrichment.adapters.simplehbase.simplehbaseadapter.simplehbaseadapter(simplehbaseconfig);False;False;0.9034152775648784;0.09658472243512224
metron-platform\metron-enrichment\src\main\java\org\apache\metron\enrichment\adapters\simplehbase\simplehbaseadapter.java@org.apache.metron.enrichment.adapters.simplehbase.simplehbaseadapter.cleanup();False;False;0.9034152775648784;0.09658472243512224
metron-platform\metron-enrichment\src\main\java\org\apache\metron\enrichment\adapters\simplehbase\simplehbaseadapter.java@org.apache.metron.enrichment.adapters.simplehbase.simplehbaseadapter.enrich(cachekey);False;False;0.9034152775648784;0.09658472243512224
metron-platform\metron-enrichment\src\main\java\org\apache\metron\enrichment\adapters\simplehbase\simplehbaseadapter.java@org.apache.metron.enrichment.adapters.simplehbase.simplehbaseadapter.getoutputprefix(cachekey);False;False;1.0;0.0
metron-platform\metron-enrichment\src\main\java\org\apache\metron\enrichment\adapters\simplehbase\simplehbaseadapter.java@org.apache.metron.enrichment.adapters.simplehbase.simplehbaseadapter.initializeadapter(map);False;False;0.9034152775648784;0.09658472243512224
metron-platform\metron-enrichment\src\main\java\org\apache\metron\enrichment\adapters\simplehbase\simplehbaseadapter.java@org.apache.metron.enrichment.adapters.simplehbase.simplehbaseadapter.isinitialized();False;False;0.9418000000000001;0.058199999999999995
metron-platform\metron-enrichment\src\main\java\org\apache\metron\enrichment\adapters\simplehbase\simplehbaseadapter.java@org.apache.metron.enrichment.adapters.simplehbase.simplehbaseadapter.withconfig(simplehbaseconfig);False;False;0.998;0.002
metron-platform\metron-enrichment\src\main\java\org\apache\metron\enrichment\adapters\simplehbase\simplehbaseconfig.java@org.apache.metron.enrichment.adapters.simplehbase.simplehbaseconfig.gethbasecf();False;False;0.9417685107265211;0.05823148927348096
metron-platform\metron-enrichment\src\main\java\org\apache\metron\enrichment\adapters\simplehbase\simplehbaseconfig.java@org.apache.metron.enrichment.adapters.simplehbase.simplehbaseconfig.gethbasetable();False;False;1.0;0.0
metron-platform\metron-enrichment\src\main\java\org\apache\metron\enrichment\adapters\simplehbase\simplehbaseconfig.java@org.apache.metron.enrichment.adapters.simplehbase.simplehbaseconfig.getprovider();False;False;1.0;0.0
metron-platform\metron-enrichment\src\main\java\org\apache\metron\enrichment\adapters\simplehbase\simplehbaseconfig.java@org.apache.metron.enrichment.adapters.simplehbase.simplehbaseconfig.withhbasecf(string);False;False;1.0;0.0
metron-platform\metron-enrichment\src\main\java\org\apache\metron\enrichment\adapters\simplehbase\simplehbaseconfig.java@org.apache.metron.enrichment.adapters.simplehbase.simplehbaseconfig.withhbasetable(string);False;False;1.0;0.0
metron-platform\metron-enrichment\src\main\java\org\apache\metron\enrichment\adapters\simplehbase\simplehbaseconfig.java@org.apache.metron.enrichment.adapters.simplehbase.simplehbaseconfig.withproviderimpl(string);False;False;1.0;0.0
metron-platform\metron-enrichment\src\main\java\org\apache\metron\enrichment\adapters\stellar\stellaradapter.java@org.apache.metron.enrichment.adapters.stellar.stellaradapter.enrichmenttype(function);False;False;0.9034152775648784;0.09658472243512224
metron-platform\metron-enrichment\src\main\java\org\apache\metron\enrichment\adapters\stellar\stellaradapter.java@org.apache.metron.enrichment.adapters.stellar.stellaradapter.apply(sensorenrichmentconfig);False;False;0.994;0.006
metron-platform\metron-enrichment\src\main\java\org\apache\metron\enrichment\adapters\stellar\stellaradapter.java@org.apache.metron.enrichment.adapters.stellar.stellaradapter.enrich(cachekey);False;False;0.995;0.005
metron-platform\metron-enrichment\src\main\java\org\apache\metron\enrichment\adapters\stellar\stellaradapter.java@org.apache.metron.enrichment.adapters.stellar.stellaradapter.getoutputprefix(cachekey);False;False;1.0;0.0
metron-platform\metron-enrichment\src\main\java\org\apache\metron\enrichment\adapters\stellar\stellaradapter.java@org.apache.metron.enrichment.adapters.stellar.stellaradapter.getstellarstatements(confighandler,string);False;False;0.9034152775648784;0.09658472243512224
metron-platform\metron-enrichment\src\main\java\org\apache\metron\enrichment\adapters\stellar\stellaradapter.java@org.apache.metron.enrichment.adapters.stellar.stellaradapter.getstreamsubgroup(string,string);False;False;0.9034152775648784;0.09658472243512224
metron-platform\metron-enrichment\src\main\java\org\apache\metron\enrichment\adapters\stellar\stellaradapter.java@org.apache.metron.enrichment.adapters.stellar.stellaradapter.initializeadapter(map);False;False;0.9034152775648784;0.09658472243512224
metron-platform\metron-enrichment\src\main\java\org\apache\metron\enrichment\adapters\stellar\stellaradapter.java@org.apache.metron.enrichment.adapters.stellar.stellaradapter.oftype(string);False;False;1.0;0.0
metron-platform\metron-enrichment\src\main\java\org\apache\metron\enrichment\adapters\stellar\stellaradapter.java@org.apache.metron.enrichment.adapters.stellar.stellaradapter.process(map,confighandler,string,long,stellarprocessor,variableresolver,context);False;False;0.9034152775648784;0.09658472243512224
metron-platform\metron-enrichment\src\main\java\org\apache\metron\enrichment\adapters\threatintel\threatinteladapter.java@org.apache.metron.enrichment.adapters.threatintel.threatinteladapter.threatinteladapter(threatintelconfig);False;False;0.9034152775648784;0.09658472243512224
metron-platform\metron-enrichment\src\main\java\org\apache\metron\enrichment\adapters\threatintel\threatinteladapter.java@org.apache.metron.enrichment.adapters.threatintel.threatinteladapter.cleanup();False;False;0.9034152775648784;0.09658472243512224
metron-platform\metron-enrichment\src\main\java\org\apache\metron\enrichment\adapters\threatintel\threatinteladapter.java@org.apache.metron.enrichment.adapters.threatintel.threatinteladapter.enrich(cachekey);False;False;0.9034152775648784;0.09658472243512224
metron-platform\metron-enrichment\src\main\java\org\apache\metron\enrichment\adapters\threatintel\threatinteladapter.java@org.apache.metron.enrichment.adapters.threatintel.threatinteladapter.getoutputprefix(cachekey);False;False;1.0;0.0
metron-platform\metron-enrichment\src\main\java\org\apache\metron\enrichment\adapters\threatintel\threatinteladapter.java@org.apache.metron.enrichment.adapters.threatintel.threatinteladapter.initializeadapter(map);False;False;0.9034152775648784;0.09658472243512224
metron-platform\metron-enrichment\src\main\java\org\apache\metron\enrichment\adapters\threatintel\threatinteladapter.java@org.apache.metron.enrichment.adapters.threatintel.threatinteladapter.isinitialized();False;False;0.9516;0.0484
metron-platform\metron-enrichment\src\main\java\org\apache\metron\enrichment\adapters\threatintel\threatinteladapter.java@org.apache.metron.enrichment.adapters.threatintel.threatinteladapter.logaccess(cachekey);False;False;0.9706666666666668;0.029333333333333336
metron-platform\metron-enrichment\src\main\java\org\apache\metron\enrichment\adapters\threatintel\threatinteladapter.java@org.apache.metron.enrichment.adapters.threatintel.threatinteladapter.withconfig(threatintelconfig);False;False;0.997;0.003
metron-platform\metron-enrichment\src\main\java\org\apache\metron\enrichment\adapters\threatintel\threatintelconfig.java@org.apache.metron.enrichment.adapters.threatintel.threatintelconfig.getexpectedinsertions();False;False;1.0;0.0
metron-platform\metron-enrichment\src\main\java\org\apache\metron\enrichment\adapters\threatintel\threatintelconfig.java@org.apache.metron.enrichment.adapters.threatintel.threatintelconfig.getfalsepositiverate();False;False;1.0;0.0
metron-platform\metron-enrichment\src\main\java\org\apache\metron\enrichment\adapters\threatintel\threatintelconfig.java@org.apache.metron.enrichment.adapters.threatintel.threatintelconfig.gethbasecf();False;False;0.9417685107265211;0.05823148927348096
metron-platform\metron-enrichment\src\main\java\org\apache\metron\enrichment\adapters\threatintel\threatintelconfig.java@org.apache.metron.enrichment.adapters.threatintel.threatintelconfig.gethbasetable();False;False;0.998;0.002
metron-platform\metron-enrichment\src\main\java\org\apache\metron\enrichment\adapters\threatintel\threatintelconfig.java@org.apache.metron.enrichment.adapters.threatintel.threatintelconfig.getmillisecondsbetweenpersists();False;False;1.0;0.0
metron-platform\metron-enrichment\src\main\java\org\apache\metron\enrichment\adapters\threatintel\threatintelconfig.java@org.apache.metron.enrichment.adapters.threatintel.threatintelconfig.getprovider();False;False;1.0;0.0
metron-platform\metron-enrichment\src\main\java\org\apache\metron\enrichment\adapters\threatintel\threatintelconfig.java@org.apache.metron.enrichment.adapters.threatintel.threatintelconfig.gettrackerhbasecf();False;False;1.0;0.0
metron-platform\metron-enrichment\src\main\java\org\apache\metron\enrichment\adapters\threatintel\threatintelconfig.java@org.apache.metron.enrichment.adapters.threatintel.threatintelconfig.gettrackerhbasetable();False;False;0.9417685107265211;0.05823148927348096
metron-platform\metron-enrichment\src\main\java\org\apache\metron\enrichment\adapters\threatintel\threatintelconfig.java@org.apache.metron.enrichment.adapters.threatintel.threatintelconfig.withexpectedinsertions(int);False;False;1.0;0.0
metron-platform\metron-enrichment\src\main\java\org\apache\metron\enrichment\adapters\threatintel\threatintelconfig.java@org.apache.metron.enrichment.adapters.threatintel.threatintelconfig.withfalsepositiverate(double);False;False;1.0;0.0
metron-platform\metron-enrichment\src\main\java\org\apache\metron\enrichment\adapters\threatintel\threatintelconfig.java@org.apache.metron.enrichment.adapters.threatintel.threatintelconfig.withhbasecf(string);False;False;1.0;0.0
metron-platform\metron-enrichment\src\main\java\org\apache\metron\enrichment\adapters\threatintel\threatintelconfig.java@org.apache.metron.enrichment.adapters.threatintel.threatintelconfig.withhbasetable(string);False;False;1.0;0.0
metron-platform\metron-enrichment\src\main\java\org\apache\metron\enrichment\adapters\threatintel\threatintelconfig.java@org.apache.metron.enrichment.adapters.threatintel.threatintelconfig.withmillisecondsbetweenpersists(long);False;False;1.0;0.0
metron-platform\metron-enrichment\src\main\java\org\apache\metron\enrichment\adapters\threatintel\threatintelconfig.java@org.apache.metron.enrichment.adapters.threatintel.threatintelconfig.withproviderimpl(string);False;False;1.0;0.0
metron-platform\metron-enrichment\src\main\java\org\apache\metron\enrichment\adapters\threatintel\threatintelconfig.java@org.apache.metron.enrichment.adapters.threatintel.threatintelconfig.withtrackerhbasecf(string);False;False;0.9995;0.0005
metron-platform\metron-enrichment\src\main\java\org\apache\metron\enrichment\adapters\threatintel\threatintelconfig.java@org.apache.metron.enrichment.adapters.threatintel.threatintelconfig.withtrackerhbasetable(string);False;False;1.0;0.0
metron-platform\metron-enrichment\src\main\java\org\apache\metron\enrichment\bolt\cachekey.java@org.apache.metron.enrichment.bolt.cachekey.cachekey(string,object,sensorenrichmentconfig);False;False;0.9034152775648784;0.09658472243512224
metron-platform\metron-enrichment\src\main\java\org\apache\metron\enrichment\bolt\cachekey.java@org.apache.metron.enrichment.bolt.cachekey.coercevalue(class);False;False;0.9034152775648784;0.09658472243512224
metron-platform\metron-enrichment\src\main\java\org\apache\metron\enrichment\bolt\cachekey.java@org.apache.metron.enrichment.bolt.cachekey.equals(object);False;False;0.996;0.004
metron-platform\metron-enrichment\src\main\java\org\apache\metron\enrichment\bolt\cachekey.java@org.apache.metron.enrichment.bolt.cachekey.getconfig();False;False;1.0;0.0
metron-platform\metron-enrichment\src\main\java\org\apache\metron\enrichment\bolt\cachekey.java@org.apache.metron.enrichment.bolt.cachekey.getfield();False;False;0.953;0.047
metron-platform\metron-enrichment\src\main\java\org\apache\metron\enrichment\bolt\cachekey.java@org.apache.metron.enrichment.bolt.cachekey.getvalue();False;False;1.0;0.0
metron-platform\metron-enrichment\src\main\java\org\apache\metron\enrichment\bolt\cachekey.java@org.apache.metron.enrichment.bolt.cachekey.getvalue(class);False;False;0.9034152775648784;0.09658472243512224
metron-platform\metron-enrichment\src\main\java\org\apache\metron\enrichment\bolt\cachekey.java@org.apache.metron.enrichment.bolt.cachekey.hashcode();False;False;0.966;0.034
metron-platform\metron-enrichment\src\main\java\org\apache\metron\enrichment\bolt\cachekey.java@org.apache.metron.enrichment.bolt.cachekey.tostring();False;False;1.0;0.0
metron-platform\metron-enrichment\src\main\java\org\apache\metron\enrichment\bolt\enrichmentjoinbolt.java@org.apache.metron.enrichment.bolt.enrichmentjoinbolt.enrichmentjoinbolt(string);False;False;0.9034152775648784;0.09658472243512224
metron-platform\metron-enrichment\src\main\java\org\apache\metron\enrichment\bolt\enrichmentjoinbolt.java@org.apache.metron.enrichment.bolt.enrichmentjoinbolt.getfieldmap(string);False;False;0.986;0.014
metron-platform\metron-enrichment\src\main\java\org\apache\metron\enrichment\bolt\enrichmentjoinbolt.java@org.apache.metron.enrichment.bolt.enrichmentjoinbolt.getfieldtohandlermap(string);False;False;1.0;0.0
metron-platform\metron-enrichment\src\main\java\org\apache\metron\enrichment\bolt\enrichmentjoinbolt.java@org.apache.metron.enrichment.bolt.enrichmentjoinbolt.getstreamids(jsonobject);False;False;0.998;0.002
metron-platform\metron-enrichment\src\main\java\org\apache\metron\enrichment\bolt\enrichmentjoinbolt.java@org.apache.metron.enrichment.bolt.enrichmentjoinbolt.joinmessages(map,messagegetstrategy);False;False;0.9034152775648784;0.09658472243512224
metron-platform\metron-enrichment\src\main\java\org\apache\metron\enrichment\bolt\enrichmentsplitterbolt.java@org.apache.metron.enrichment.bolt.enrichmentsplitterbolt.enrichmentsplitterbolt(string);False;False;0.9034152775648784;0.09658472243512224
metron-platform\metron-enrichment\src\main\java\org\apache\metron\enrichment\bolt\enrichmentsplitterbolt.java@org.apache.metron.enrichment.bolt.enrichmentsplitterbolt.generatemessage(tuple);False;False;0.9034152775648784;0.09658472243512224
metron-platform\metron-enrichment\src\main\java\org\apache\metron\enrichment\bolt\enrichmentsplitterbolt.java@org.apache.metron.enrichment.bolt.enrichmentsplitterbolt.getfieldmap(string);False;False;1.0;0.0
metron-platform\metron-enrichment\src\main\java\org\apache\metron\enrichment\bolt\enrichmentsplitterbolt.java@org.apache.metron.enrichment.bolt.enrichmentsplitterbolt.getfieldtohandlermap(string);False;False;0.985;0.015
metron-platform\metron-enrichment\src\main\java\org\apache\metron\enrichment\bolt\enrichmentsplitterbolt.java@org.apache.metron.enrichment.bolt.enrichmentsplitterbolt.getkey(tuple,jsonobject);False;False;0.9034152775648784;0.09658472243512224
metron-platform\metron-enrichment\src\main\java\org\apache\metron\enrichment\bolt\enrichmentsplitterbolt.java@org.apache.metron.enrichment.bolt.enrichmentsplitterbolt.getkeyname(string,string);False;False;0.9034152775648784;0.09658472243512224
metron-platform\metron-enrichment\src\main\java\org\apache\metron\enrichment\bolt\enrichmentsplitterbolt.java@org.apache.metron.enrichment.bolt.enrichmentsplitterbolt.getstreamids();False;False;0.997;0.003
metron-platform\metron-enrichment\src\main\java\org\apache\metron\enrichment\bolt\enrichmentsplitterbolt.java@org.apache.metron.enrichment.bolt.enrichmentsplitterbolt.prepare(map,topologycontext);False;False;0.9034152775648784;0.09658472243512224
metron-platform\metron-enrichment\src\main\java\org\apache\metron\enrichment\bolt\enrichmentsplitterbolt.java@org.apache.metron.enrichment.bolt.enrichmentsplitterbolt.splitmessage(jsonobject);False;False;0.9034152775648784;0.09658472243512224
metron-platform\metron-enrichment\src\main\java\org\apache\metron\enrichment\bolt\enrichmentsplitterbolt.java@org.apache.metron.enrichment.bolt.enrichmentsplitterbolt.withenrichments(list);False;False;0.9034152775648784;0.09658472243512224
metron-platform\metron-enrichment\src\main\java\org\apache\metron\enrichment\bolt\enrichmentsplitterbolt.java@org.apache.metron.enrichment.bolt.enrichmentsplitterbolt.withmessagefieldname(string);False;False;1.0;0.0
metron-platform\metron-enrichment\src\main\java\org\apache\metron\enrichment\bolt\genericenrichmentbolt.java@org.apache.metron.enrichment.bolt.genericenrichmentbolt.genericenrichmentbolt(string);False;False;0.9034152775648784;0.09658472243512224
metron-platform\metron-enrichment\src\main\java\org\apache\metron\enrichment\bolt\genericenrichmentbolt.java@org.apache.metron.enrichment.bolt.genericenrichmentbolt.cleanup();False;False;1.0;0.0
metron-platform\metron-enrichment\src\main\java\org\apache\metron\enrichment\bolt\genericenrichmentbolt.java@org.apache.metron.enrichment.bolt.genericenrichmentbolt.declareoutputfields(outputfieldsdeclarer);False;False;0.998;0.002
metron-platform\metron-enrichment\src\main\java\org\apache\metron\enrichment\bolt\genericenrichmentbolt.java@org.apache.metron.enrichment.bolt.genericenrichmentbolt.execute(tuple);False;False;0.9034152775648784;0.09658472243512224
metron-platform\metron-enrichment\src\main\java\org\apache\metron\enrichment\bolt\genericenrichmentbolt.java@org.apache.metron.enrichment.bolt.genericenrichmentbolt.getstellarcontext();False;False;1.0;0.0
metron-platform\metron-enrichment\src\main\java\org\apache\metron\enrichment\bolt\genericenrichmentbolt.java@org.apache.metron.enrichment.bolt.genericenrichmentbolt.handleerror(string,jsonobject,string,jsonobject,exception);False;False;0.9034152775648784;0.09658472243512224
metron-platform\metron-enrichment\src\main\java\org\apache\metron\enrichment\bolt\genericenrichmentbolt.java@org.apache.metron.enrichment.bolt.genericenrichmentbolt.initializestellar();False;False;0.99;0.01
metron-platform\metron-enrichment\src\main\java\org\apache\metron\enrichment\bolt\genericenrichmentbolt.java@org.apache.metron.enrichment.bolt.genericenrichmentbolt.prepare(map,topologycontext,outputcollector);False;False;0.9034152775648784;0.09658472243512224
metron-platform\metron-enrichment\src\main\java\org\apache\metron\enrichment\bolt\genericenrichmentbolt.java@org.apache.metron.enrichment.bolt.genericenrichmentbolt.reloadcallback(string,configurationtype);False;False;0.9034152775648784;0.09658472243512224
metron-platform\metron-enrichment\src\main\java\org\apache\metron\enrichment\bolt\genericenrichmentbolt.java@org.apache.metron.enrichment.bolt.genericenrichmentbolt.withcacheinvalidationonreload(boolean);False;False;1.0;0.0
metron-platform\metron-enrichment\src\main\java\org\apache\metron\enrichment\bolt\genericenrichmentbolt.java@org.apache.metron.enrichment.bolt.genericenrichmentbolt.withenrichment(enrichment);False;False;0.943;0.057
metron-platform\metron-enrichment\src\main\java\org\apache\metron\enrichment\bolt\genericenrichmentbolt.java@org.apache.metron.enrichment.bolt.genericenrichmentbolt.withmaxcachesize(long);False;False;1.0;0.0
metron-platform\metron-enrichment\src\main\java\org\apache\metron\enrichment\bolt\genericenrichmentbolt.java@org.apache.metron.enrichment.bolt.genericenrichmentbolt.withmaxtimeretain(long);False;False;1.0;0.0
metron-platform\metron-enrichment\src\main\java\org\apache\metron\enrichment\bolt\joinbolt.java@org.apache.metron.enrichment.bolt.joinbolt.joinbolt(string);False;False;0.9034152775648784;0.09658472243512224
metron-platform\metron-enrichment\src\main\java\org\apache\metron\enrichment\bolt\joinbolt.java@org.apache.metron.enrichment.bolt.joinbolt.declareoutputfields(outputfieldsdeclarer);False;False;0.999;0.001
metron-platform\metron-enrichment\src\main\java\org\apache\metron\enrichment\bolt\joinbolt.java@org.apache.metron.enrichment.bolt.joinbolt.execute(tuple);False;False;0.9034152775648784;0.09658472243512224
metron-platform\metron-enrichment\src\main\java\org\apache\metron\enrichment\bolt\joinbolt.java@org.apache.metron.enrichment.bolt.joinbolt.onremoval(string,map,removalcause);False;False;0.9034152775648784;0.09658472243512224
metron-platform\metron-enrichment\src\main\java\org\apache\metron\enrichment\bolt\joinbolt.java@org.apache.metron.enrichment.bolt.joinbolt.prepare(map,topologycontext,outputcollector);False;False;0.9034152775648784;0.09658472243512224
metron-platform\metron-enrichment\src\main\java\org\apache\metron\enrichment\bolt\joinbolt.java@org.apache.metron.enrichment.bolt.joinbolt.withmaxcachesize(long);False;False;0.992;0.008
metron-platform\metron-enrichment\src\main\java\org\apache\metron\enrichment\bolt\joinbolt.java@org.apache.metron.enrichment.bolt.joinbolt.withmaxtimeretain(long);False;False;1.0;0.0
metron-platform\metron-enrichment\src\main\java\org\apache\metron\enrichment\bolt\joinbolt.java@org.apache.metron.enrichment.bolt.joinremovelistener.onremoval(string,map,removalcause);False;False;0.9034152775648784;0.09658472243512224
metron-platform\metron-enrichment\src\main\java\org\apache\metron\enrichment\bolt\splitbolt.java@org.apache.metron.enrichment.bolt.splitbolt.splitbolt(string);False;False;0.9034152775648784;0.09658472243512224
metron-platform\metron-enrichment\src\main\java\org\apache\metron\enrichment\bolt\splitbolt.java@org.apache.metron.enrichment.bolt.splitbolt.declareoutputfields(outputfieldsdeclarer);False;False;0.972;0.028
metron-platform\metron-enrichment\src\main\java\org\apache\metron\enrichment\bolt\splitbolt.java@org.apache.metron.enrichment.bolt.splitbolt.emit(tuple,t);False;False;0.9034152775648784;0.09658472243512224
metron-platform\metron-enrichment\src\main\java\org\apache\metron\enrichment\bolt\splitbolt.java@org.apache.metron.enrichment.bolt.splitbolt.execute(tuple);False;False;0.998;0.002
metron-platform\metron-enrichment\src\main\java\org\apache\metron\enrichment\bolt\splitbolt.java@org.apache.metron.enrichment.bolt.splitbolt.getdefaultmessage(string);False;False;0.991;0.009
metron-platform\metron-enrichment\src\main\java\org\apache\metron\enrichment\bolt\splitbolt.java@org.apache.metron.enrichment.bolt.splitbolt.prepare(map,topologycontext,outputcollector);False;False;0.9034152775648784;0.09658472243512224
metron-platform\metron-enrichment\src\main\java\org\apache\metron\enrichment\bolt\threatinteljoinbolt.java@org.apache.metron.enrichment.bolt.threatinteljoinbolt.threatinteljoinbolt(string);False;False;0.9034152775648784;0.09658472243512224
metron-platform\metron-enrichment\src\main\java\org\apache\metron\enrichment\bolt\threatinteljoinbolt.java@org.apache.metron.enrichment.bolt.threatinteljoinbolt.getfieldmap(string);False;False;0.997;0.003
metron-platform\metron-enrichment\src\main\java\org\apache\metron\enrichment\bolt\threatinteljoinbolt.java@org.apache.metron.enrichment.bolt.threatinteljoinbolt.getfieldtohandlermap(string);False;False;0.983;0.017
metron-platform\metron-enrichment\src\main\java\org\apache\metron\enrichment\bolt\threatinteljoinbolt.java@org.apache.metron.enrichment.bolt.threatinteljoinbolt.initializestellar();False;False;0.987;0.013
metron-platform\metron-enrichment\src\main\java\org\apache\metron\enrichment\bolt\threatinteljoinbolt.java@org.apache.metron.enrichment.bolt.threatinteljoinbolt.joinmessages(map,messagegetstrategy);False;False;0.9034152775648784;0.09658472243512224
metron-platform\metron-enrichment\src\main\java\org\apache\metron\enrichment\bolt\threatinteljoinbolt.java@org.apache.metron.enrichment.bolt.threatinteljoinbolt.prepare(map,topologycontext);False;False;0.9034152775648784;0.09658472243512224
metron-platform\metron-enrichment\src\main\java\org\apache\metron\enrichment\bolt\threatinteljoinbolt.java@org.apache.metron.enrichment.bolt.threatinteljoinbolt.reloadcallback(string,configurationtype);False;False;0.9034152775648784;0.09658472243512224
metron-platform\metron-enrichment\src\main\java\org\apache\metron\enrichment\bolt\threatintelsplitterbolt.java@org.apache.metron.enrichment.bolt.threatintelsplitterbolt.threatintelsplitterbolt(string);False;False;0.9034152775648784;0.09658472243512224
metron-platform\metron-enrichment\src\main\java\org\apache\metron\enrichment\bolt\threatintelsplitterbolt.java@org.apache.metron.enrichment.bolt.threatintelsplitterbolt.getfieldmap(string);False;False;0.999;0.001
metron-platform\metron-enrichment\src\main\java\org\apache\metron\enrichment\bolt\threatintelsplitterbolt.java@org.apache.metron.enrichment.bolt.threatintelsplitterbolt.getfieldtohandlermap(string);False;False;0.997;0.003
metron-platform\metron-enrichment\src\main\java\org\apache\metron\enrichment\bolt\threatintelsplitterbolt.java@org.apache.metron.enrichment.bolt.threatintelsplitterbolt.getkeyname(string,string);False;False;0.9034152775648784;0.09658472243512224
metron-platform\metron-enrichment\src\main\java\org\apache\metron\enrichment\bolt\unifiedenrichmentbolt.java@org.apache.metron.enrichment.bolt.unifiedenrichmentbolt.unifiedenrichmentbolt(string);False;False;0.9034152775648784;0.09658472243512224
metron-platform\metron-enrichment\src\main\java\org\apache\metron\enrichment\bolt\unifiedenrichmentbolt.java@org.apache.metron.enrichment.bolt.unifiedenrichmentbolt.declareoutputfields(outputfieldsdeclarer);False;False;0.9933333333333334;0.006666666666666667
metron-platform\metron-enrichment\src\main\java\org\apache\metron\enrichment\bolt\unifiedenrichmentbolt.java@org.apache.metron.enrichment.bolt.unifiedenrichmentbolt.execute(tuple);False;False;0.9034152775648784;0.09658472243512224
metron-platform\metron-enrichment\src\main\java\org\apache\metron\enrichment\bolt\unifiedenrichmentbolt.java@org.apache.metron.enrichment.bolt.unifiedenrichmentbolt.generatemessage(tuple);False;False;0.9873333333333334;0.012666666666666666
metron-platform\metron-enrichment\src\main\java\org\apache\metron\enrichment\bolt\unifiedenrichmentbolt.java@org.apache.metron.enrichment.bolt.unifiedenrichmentbolt.getguid(tuple,jsonobject);False;False;0.9034152775648784;0.09658472243512224
metron-platform\metron-enrichment\src\main\java\org\apache\metron\enrichment\bolt\unifiedenrichmentbolt.java@org.apache.metron.enrichment.bolt.unifiedenrichmentbolt.getnumthreads(object);False;False;0.898;0.102
metron-platform\metron-enrichment\src\main\java\org\apache\metron\enrichment\bolt\unifiedenrichmentbolt.java@org.apache.metron.enrichment.bolt.unifiedenrichmentbolt.initializestellar();False;False;0.99;0.01
metron-platform\metron-enrichment\src\main\java\org\apache\metron\enrichment\bolt\unifiedenrichmentbolt.java@org.apache.metron.enrichment.bolt.unifiedenrichmentbolt.prepare(map,topologycontext,outputcollector);False;False;0.9034152775648784;0.09658472243512224
metron-platform\metron-enrichment\src\main\java\org\apache\metron\enrichment\bolt\unifiedenrichmentbolt.java@org.apache.metron.enrichment.bolt.unifiedenrichmentbolt.reloadcallback(string,configurationtype);False;False;0.9034152775648784;0.09658472243512224
metron-platform\metron-enrichment\src\main\java\org\apache\metron\enrichment\bolt\unifiedenrichmentbolt.java@org.apache.metron.enrichment.bolt.unifiedenrichmentbolt.withcacheinvalidationonreload(boolean);False;False;1.0;0.0
metron-platform\metron-enrichment\src\main\java\org\apache\metron\enrichment\bolt\unifiedenrichmentbolt.java@org.apache.metron.enrichment.bolt.unifiedenrichmentbolt.withcapturecachestats(boolean);False;False;1.0;0.0
metron-platform\metron-enrichment\src\main\java\org\apache\metron\enrichment\bolt\unifiedenrichmentbolt.java@org.apache.metron.enrichment.bolt.unifiedenrichmentbolt.withenrichments(list);False;False;0.9034152775648784;0.09658472243512224
metron-platform\metron-enrichment\src\main\java\org\apache\metron\enrichment\bolt\unifiedenrichmentbolt.java@org.apache.metron.enrichment.bolt.unifiedenrichmentbolt.withmaxcachesize(long);False;False;1.0;0.0
metron-platform\metron-enrichment\src\main\java\org\apache\metron\enrichment\bolt\unifiedenrichmentbolt.java@org.apache.metron.enrichment.bolt.unifiedenrichmentbolt.withmaxtimeretain(long);False;False;1.0;0.0
metron-platform\metron-enrichment\src\main\java\org\apache\metron\enrichment\bolt\unifiedenrichmentbolt.java@org.apache.metron.enrichment.bolt.unifiedenrichmentbolt.withmessagefieldname(string);False;False;1.0;0.0
metron-platform\metron-enrichment\src\main\java\org\apache\metron\enrichment\bolt\unifiedenrichmentbolt.java@org.apache.metron.enrichment.bolt.unifiedenrichmentbolt.withmessagegetter(string);False;False;1.0;0.0
metron-platform\metron-enrichment\src\main\java\org\apache\metron\enrichment\bolt\unifiedenrichmentbolt.java@org.apache.metron.enrichment.bolt.unifiedenrichmentbolt.withstrategy(string);False;False;1.0;0.0
metron-platform\metron-enrichment\src\main\java\org\apache\metron\enrichment\cli\latencysummarizer.java@org.apache.metron.enrichment.cli.latencystats.compare(map,map);False;False;0.9034152775648784;0.09658472243512224
metron-platform\metron-enrichment\src\main\java\org\apache\metron\enrichment\cli\latencysummarizer.java@org.apache.metron.enrichment.cli.latencystats.getstats(int,pair);False;False;0.9034152775648784;0.09658472243512224
metron-platform\metron-enrichment\src\main\java\org\apache\metron\enrichment\cli\latencysummarizer.java@org.apache.metron.enrichment.cli.latencystats.getstatsmap(int);False;False;0.9034152775648784;0.09658472243512224
metron-platform\metron-enrichment\src\main\java\org\apache\metron\enrichment\cli\latencysummarizer.java@org.apache.metron.enrichment.cli.latencystats.printdepthsummary(int,boolean);False;False;0.9034152775648784;0.09658472243512224
metron-platform\metron-enrichment\src\main\java\org\apache\metron\enrichment\cli\latencysummarizer.java@org.apache.metron.enrichment.cli.latencystats.printsummary(boolean);False;False;0.9913333333333334;0.008666666666666668
metron-platform\metron-enrichment\src\main\java\org\apache\metron\enrichment\cli\latencysummarizer.java@org.apache.metron.enrichment.cli.latencystats.put(int,pair,double);False;False;0.9034152775648784;0.09658472243512224
metron-platform\metron-enrichment\src\main\java\org\apache\metron\enrichment\cli\latencysummarizer.java@org.apache.metron.enrichment.cli.latencystats.summary(string,descriptivestatistics,printstream,boolean);False;False;0.9034152775648784;0.09658472243512224
metron-platform\metron-enrichment\src\main\java\org\apache\metron\enrichment\cli\latencysummarizer.java@org.apache.metron.enrichment.cli.latencystats.updatemetrics(list);False;False;0.9034152775648784;0.09658472243512224
metron-platform\metron-enrichment\src\main\java\org\apache\metron\enrichment\cli\latencysummarizer.java@org.apache.metron.enrichment.cli.latencysummarizer.pair(string,string);False;False;0.9034152775648784;0.09658472243512224
metron-platform\metron-enrichment\src\main\java\org\apache\metron\enrichment\cli\latencysummarizer.java@org.apache.metron.enrichment.cli.latencysummarizer.compare(map,map);False;False;0.9034152775648784;0.09658472243512224
metron-platform\metron-enrichment\src\main\java\org\apache\metron\enrichment\cli\latencysummarizer.java@org.apache.metron.enrichment.cli.latencysummarizer.getbasemetric(string);False;False;0.983;0.017
metron-platform\metron-enrichment\src\main\java\org\apache\metron\enrichment\cli\latencysummarizer.java@org.apache.metron.enrichment.cli.latencysummarizer.getstats(int,pair);False;False;0.9034152775648784;0.09658472243512224
metron-platform\metron-enrichment\src\main\java\org\apache\metron\enrichment\cli\latencysummarizer.java@org.apache.metron.enrichment.cli.latencysummarizer.getstatsmap(int);False;False;0.9976666666666666;0.002333333333333333
metron-platform\metron-enrichment\src\main\java\org\apache\metron\enrichment\cli\latencysummarizer.java@org.apache.metron.enrichment.cli.latencysummarizer.main(string);False;False;0.9034152775648784;0.09658472243512224
metron-platform\metron-enrichment\src\main\java\org\apache\metron\enrichment\cli\latencysummarizer.java@org.apache.metron.enrichment.cli.latencysummarizer.printdepthsummary(int,boolean);False;False;0.9034152775648784;0.09658472243512224
metron-platform\metron-enrichment\src\main\java\org\apache\metron\enrichment\cli\latencysummarizer.java@org.apache.metron.enrichment.cli.latencysummarizer.printsummary(boolean);False;False;0.9034152775648784;0.09658472243512224
metron-platform\metron-enrichment\src\main\java\org\apache\metron\enrichment\cli\latencysummarizer.java@org.apache.metron.enrichment.cli.latencysummarizer.put(int,pair,double);False;False;0.9034152775648784;0.09658472243512224
metron-platform\metron-enrichment\src\main\java\org\apache\metron\enrichment\cli\latencysummarizer.java@org.apache.metron.enrichment.cli.latencysummarizer.summary(string,descriptivestatistics,printstream,boolean);False;False;0.9034152775648784;0.09658472243512224
metron-platform\metron-enrichment\src\main\java\org\apache\metron\enrichment\cli\latencysummarizer.java@org.apache.metron.enrichment.cli.latencysummarizer.updatemetrics(list);False;False;0.9034152775648784;0.09658472243512224
metron-platform\metron-enrichment\src\main\java\org\apache\metron\enrichment\cli\latencysummarizer.java@org.apache.metron.enrichment.cli.latencysummarizer.updatestats(latencystats,map);False;False;0.9034152775648784;0.09658472243512224
metron-platform\metron-enrichment\src\main\java\org\apache\metron\enrichment\cli\latencysummarizer.java@org.apache.metron.enrichment.cli.pair.pair(string,string);False;False;0.9034152775648784;0.09658472243512224
metron-platform\metron-enrichment\src\main\java\org\apache\metron\enrichment\configuration\enrichment.java@org.apache.metron.enrichment.configuration.enrichment.enrichment(string,t);False;False;0.9034152775648784;0.09658472243512224
metron-platform\metron-enrichment\src\main\java\org\apache\metron\enrichment\configuration\enrichment.java@org.apache.metron.enrichment.configuration.enrichment.getadapter();False;False;1.0;0.0
metron-platform\metron-enrichment\src\main\java\org\apache\metron\enrichment\configuration\enrichment.java@org.apache.metron.enrichment.configuration.enrichment.getfields();False;False;1.0;0.0
metron-platform\metron-enrichment\src\main\java\org\apache\metron\enrichment\configuration\enrichment.java@org.apache.metron.enrichment.configuration.enrichment.gettype();False;False;0.9870016977227632;0.012998302277236747
metron-platform\metron-enrichment\src\main\java\org\apache\metron\enrichment\configuration\enrichment.java@org.apache.metron.enrichment.configuration.enrichment.setadapter(t);False;False;1.0;0.0
metron-platform\metron-enrichment\src\main\java\org\apache\metron\enrichment\configuration\enrichment.java@org.apache.metron.enrichment.configuration.enrichment.setfields(list);False;False;0.9034152775648784;0.09658472243512224
metron-platform\metron-enrichment\src\main\java\org\apache\metron\enrichment\configuration\enrichment.java@org.apache.metron.enrichment.configuration.enrichment.settype(string);False;False;0.9863333374684377;0.013666662531561671
metron-platform\metron-enrichment\src\main\java\org\apache\metron\enrichment\converter\abstractconverter.java@org.apache.metron.enrichment.converter.abstractconverter.apply(cell);False;False;0.9902499999999999;0.009750000000000002
metron-platform\metron-enrichment\src\main\java\org\apache\metron\enrichment\converter\abstractconverter.java@org.apache.metron.enrichment.converter.abstractconverter.fromput(put,string,key_t,value_t);False;False;0.9034152775648784;0.09658472243512224
metron-platform\metron-enrichment\src\main\java\org\apache\metron\enrichment\converter\abstractconverter.java@org.apache.metron.enrichment.converter.abstractconverter.fromresult(result,string,key_t,value_t);False;False;0.9034152775648784;0.09658472243512224
metron-platform\metron-enrichment\src\main\java\org\apache\metron\enrichment\converter\abstractconverter.java@org.apache.metron.enrichment.converter.abstractconverter.toentries(byte[]);False;False;0.9034152775648784;0.09658472243512224
metron-platform\metron-enrichment\src\main\java\org\apache\metron\enrichment\converter\abstractconverter.java@org.apache.metron.enrichment.converter.abstractconverter.toget(string,key_t);False;False;0.9034152775648784;0.09658472243512224
metron-platform\metron-enrichment\src\main\java\org\apache\metron\enrichment\converter\abstractconverter.java@org.apache.metron.enrichment.converter.abstractconverter.toput(string,key_t,value_t);False;False;0.9034152775648784;0.09658472243512224
metron-platform\metron-enrichment\src\main\java\org\apache\metron\enrichment\converter\abstractconverter.java@org.apache.metron.enrichment.converter.abstractconverter.toresult(string,key_t,value_t);False;False;0.9034152775648784;0.09658472243512224
metron-platform\metron-enrichment\src\main\java\org\apache\metron\enrichment\converter\enrichmentconverter.java@org.apache.metron.enrichment.converter.enrichmentconverter.fromput(put,string);False;False;0.9034152775648784;0.09658472243512224
metron-platform\metron-enrichment\src\main\java\org\apache\metron\enrichment\converter\enrichmentconverter.java@org.apache.metron.enrichment.converter.enrichmentconverter.fromresult(result,string);False;False;0.9034152775648784;0.09658472243512224
metron-platform\metron-enrichment\src\main\java\org\apache\metron\enrichment\converter\enrichmentkey.java@org.apache.metron.enrichment.converter.enrichmentkey.enrichmentkey(string,string);False;False;0.9034152775648784;0.09658472243512224
metron-platform\metron-enrichment\src\main\java\org\apache\metron\enrichment\converter\enrichmentkey.java@org.apache.metron.enrichment.converter.enrichmentkey.equals(object);False;False;1.0;0.0
metron-platform\metron-enrichment\src\main\java\org\apache\metron\enrichment\converter\enrichmentkey.java@org.apache.metron.enrichment.converter.enrichmentkey.frombytes(byte[]);False;False;0.9034152775648784;0.09658472243512224
metron-platform\metron-enrichment\src\main\java\org\apache\metron\enrichment\converter\enrichmentkey.java@org.apache.metron.enrichment.converter.enrichmentkey.getindicator();False;False;0.9870016977227632;0.012998302277236747
metron-platform\metron-enrichment\src\main\java\org\apache\metron\enrichment\converter\enrichmentkey.java@org.apache.metron.enrichment.converter.enrichmentkey.hashcode();False;False;0.999;0.001
metron-platform\metron-enrichment\src\main\java\org\apache\metron\enrichment\converter\enrichmentkey.java@org.apache.metron.enrichment.converter.enrichmentkey.setindicator(string);False;False;0.9863333374684377;0.013666662531561671
metron-platform\metron-enrichment\src\main\java\org\apache\metron\enrichment\converter\enrichmentkey.java@org.apache.metron.enrichment.converter.enrichmentkey.tobytes();False;False;0.9034152775648784;0.09658472243512224
metron-platform\metron-enrichment\src\main\java\org\apache\metron\enrichment\converter\enrichmentkey.java@org.apache.metron.enrichment.converter.enrichmentkey.tostring();False;False;1.0;0.0
metron-platform\metron-enrichment\src\main\java\org\apache\metron\enrichment\converter\enrichmentkey.java@org.apache.metron.enrichment.converter.enrichmentkey.typedindicatortobytes();False;False;0.985;0.015
metron-platform\metron-enrichment\src\main\java\org\apache\metron\enrichment\converter\enrichmentvalue.java@org.apache.metron.enrichment.converter.enrichmentvalue.enrichmentvalue(map);False;False;0.9034152775648784;0.09658472243512224
metron-platform\metron-enrichment\src\main\java\org\apache\metron\enrichment\converter\enrichmentvalue.java@org.apache.metron.enrichment.converter.enrichmentvalue.equals(object);False;False;0.994;0.006
metron-platform\metron-enrichment\src\main\java\org\apache\metron\enrichment\converter\enrichmentvalue.java@org.apache.metron.enrichment.converter.enrichmentvalue.fromcolumns(iterable);False;False;0.9034152775648784;0.09658472243512224
metron-platform\metron-enrichment\src\main\java\org\apache\metron\enrichment\converter\enrichmentvalue.java@org.apache.metron.enrichment.converter.enrichmentvalue.getmetadata();False;False;0.998198374277463;0.0018016257225371471
metron-platform\metron-enrichment\src\main\java\org\apache\metron\enrichment\converter\enrichmentvalue.java@org.apache.metron.enrichment.converter.enrichmentvalue.hashcode();False;False;0.9976333333333333;0.0023666666666666667
metron-platform\metron-enrichment\src\main\java\org\apache\metron\enrichment\converter\enrichmentvalue.java@org.apache.metron.enrichment.converter.enrichmentvalue.initialvalue();False;False;0.982;0.018
metron-platform\metron-enrichment\src\main\java\org\apache\metron\enrichment\converter\enrichmentvalue.java@org.apache.metron.enrichment.converter.enrichmentvalue.stringtovalue(string);False;False;0.9034152775648784;0.09658472243512224
metron-platform\metron-enrichment\src\main\java\org\apache\metron\enrichment\converter\enrichmentvalue.java@org.apache.metron.enrichment.converter.enrichmentvalue.tocolumns();False;False;0.9443928571428573;0.05560714285714286
metron-platform\metron-enrichment\src\main\java\org\apache\metron\enrichment\converter\enrichmentvalue.java@org.apache.metron.enrichment.converter.enrichmentvalue.tostring();False;False;0.7569759379509365;0.2430240620490621
metron-platform\metron-enrichment\src\main\java\org\apache\metron\enrichment\converter\enrichmentvalue.java@org.apache.metron.enrichment.converter.enrichmentvalue.valuetostring(map);False;False;0.9034152775648784;0.09658472243512224
metron-platform\metron-enrichment\src\main\java\org\apache\metron\enrichment\lookup\enrichmentlookup.java@org.apache.metron.enrichment.lookup.enrichmentlookup.enrichmentlookup(htableinterface,string,accesstracker);False;False;0.9034152775648784;0.09658472243512224
metron-platform\metron-enrichment\src\main\java\org\apache\metron\enrichment\lookup\enrichmentlookup.java@org.apache.metron.enrichment.lookup.enrichmentlookup.hbasecontext(htableinterface,string);False;False;0.9034152775648784;0.09658472243512224
metron-platform\metron-enrichment\src\main\java\org\apache\metron\enrichment\lookup\enrichmentlookup.java@org.apache.metron.enrichment.lookup.enrichmentlookup.handler(string);False;False;0.9034152775648784;0.09658472243512224
metron-platform\metron-enrichment\src\main\java\org\apache\metron\enrichment\lookup\enrichmentlookup.java@org.apache.metron.enrichment.lookup.enrichmentlookup.close();False;False;0.967;0.033
metron-platform\metron-enrichment\src\main\java\org\apache\metron\enrichment\lookup\enrichmentlookup.java@org.apache.metron.enrichment.lookup.enrichmentlookup.exists(enrichmentkey,hbasecontext,boolean);False;False;0.9034152775648784;0.09658472243512224
metron-platform\metron-enrichment\src\main\java\org\apache\metron\enrichment\lookup\enrichmentlookup.java@org.apache.metron.enrichment.lookup.enrichmentlookup.exists(iterable,boolean);False;False;0.9034152775648784;0.09658472243512224
metron-platform\metron-enrichment\src\main\java\org\apache\metron\enrichment\lookup\enrichmentlookup.java@org.apache.metron.enrichment.lookup.enrichmentlookup.get(enrichmentkey,hbasecontext,boolean);False;False;0.9034152775648784;0.09658472243512224
metron-platform\metron-enrichment\src\main\java\org\apache\metron\enrichment\lookup\enrichmentlookup.java@org.apache.metron.enrichment.lookup.enrichmentlookup.get(iterable,boolean);False;False;0.9034152775648784;0.09658472243512224
metron-platform\metron-enrichment\src\main\java\org\apache\metron\enrichment\lookup\enrichmentlookup.java@org.apache.metron.enrichment.lookup.enrichmentlookup.getcolumnfamily();False;False;0.998;0.002
metron-platform\metron-enrichment\src\main\java\org\apache\metron\enrichment\lookup\enrichmentlookup.java@org.apache.metron.enrichment.lookup.enrichmentlookup.getcolumnfamily(hbasecontext);False;False;0.9993333333333334;0.0006666666666666666
metron-platform\metron-enrichment\src\main\java\org\apache\metron\enrichment\lookup\enrichmentlookup.java@org.apache.metron.enrichment.lookup.enrichmentlookup.gettable();False;False;0.996;0.004
metron-platform\metron-enrichment\src\main\java\org\apache\metron\enrichment\lookup\enrichmentlookup.java@org.apache.metron.enrichment.lookup.enrichmentlookup.keystogets(iterable);False;False;0.9034152775648784;0.09658472243512224
metron-platform\metron-enrichment\src\main\java\org\apache\metron\enrichment\lookup\enrichmentlookup.java@org.apache.metron.enrichment.lookup.hbasecontext.hbasecontext(htableinterface,string);False;False;0.9034152775648784;0.09658472243512224
metron-platform\metron-enrichment\src\main\java\org\apache\metron\enrichment\lookup\enrichmentlookup.java@org.apache.metron.enrichment.lookup.hbasecontext.getcolumnfamily();False;False;0.9851351218008023;0.014864878199197096
metron-platform\metron-enrichment\src\main\java\org\apache\metron\enrichment\lookup\enrichmentlookup.java@org.apache.metron.enrichment.lookup.hbasecontext.gettable();False;False;0.9851351218008023;0.014864878199197096
metron-platform\metron-enrichment\src\main\java\org\apache\metron\enrichment\lookup\enrichmentlookup.java@org.apache.metron.enrichment.lookup.handler.handler(string);False;False;0.9034152775648784;0.09658472243512224
metron-platform\metron-enrichment\src\main\java\org\apache\metron\enrichment\lookup\enrichmentlookup.java@org.apache.metron.enrichment.lookup.handler.exists(enrichmentkey,hbasecontext,boolean);False;False;0.9034152775648784;0.09658472243512224
metron-platform\metron-enrichment\src\main\java\org\apache\metron\enrichment\lookup\enrichmentlookup.java@org.apache.metron.enrichment.lookup.handler.exists(iterable,boolean);False;False;0.9034152775648784;0.09658472243512224
metron-platform\metron-enrichment\src\main\java\org\apache\metron\enrichment\lookup\enrichmentlookup.java@org.apache.metron.enrichment.lookup.handler.get(enrichmentkey,hbasecontext,boolean);False;False;0.9034152775648784;0.09658472243512224
metron-platform\metron-enrichment\src\main\java\org\apache\metron\enrichment\lookup\enrichmentlookup.java@org.apache.metron.enrichment.lookup.handler.get(iterable,boolean);False;False;0.9034152775648784;0.09658472243512224
metron-platform\metron-enrichment\src\main\java\org\apache\metron\enrichment\lookup\enrichmentlookup.java@org.apache.metron.enrichment.lookup.handler.getcolumnfamily(hbasecontext);False;False;0.9034152775648784;0.09658472243512224
metron-platform\metron-enrichment\src\main\java\org\apache\metron\enrichment\lookup\enrichmentlookup.java@org.apache.metron.enrichment.lookup.handler.keystogets(iterable);False;False;0.9034152775648784;0.09658472243512224
metron-platform\metron-enrichment\src\main\java\org\apache\metron\enrichment\lookup\lookup.java@org.apache.metron.enrichment.lookup.lookup.close();False;False;0.9905;0.0095
metron-platform\metron-enrichment\src\main\java\org\apache\metron\enrichment\lookup\lookup.java@org.apache.metron.enrichment.lookup.lookup.exists(iterable,boolean);False;False;0.9034152775648784;0.09658472243512224
metron-platform\metron-enrichment\src\main\java\org\apache\metron\enrichment\lookup\lookup.java@org.apache.metron.enrichment.lookup.lookup.exists(key_t,context_t,boolean);False;False;0.9034152775648784;0.09658472243512224
metron-platform\metron-enrichment\src\main\java\org\apache\metron\enrichment\lookup\lookup.java@org.apache.metron.enrichment.lookup.lookup.get(iterable,boolean);False;False;0.9034152775648784;0.09658472243512224
metron-platform\metron-enrichment\src\main\java\org\apache\metron\enrichment\lookup\lookup.java@org.apache.metron.enrichment.lookup.lookup.get(key_t,context_t,boolean);False;False;0.9034152775648784;0.09658472243512224
metron-platform\metron-enrichment\src\main\java\org\apache\metron\enrichment\lookup\lookup.java@org.apache.metron.enrichment.lookup.lookup.getaccesstracker();False;False;1.0;0.0
metron-platform\metron-enrichment\src\main\java\org\apache\metron\enrichment\lookup\lookup.java@org.apache.metron.enrichment.lookup.lookup.getlookuphandler();False;False;0.974847619047619;0.02515238095238095
metron-platform\metron-enrichment\src\main\java\org\apache\metron\enrichment\lookup\lookup.java@org.apache.metron.enrichment.lookup.lookup.getname();False;False;0.983;0.017
metron-platform\metron-enrichment\src\main\java\org\apache\metron\enrichment\lookup\lookup.java@org.apache.metron.enrichment.lookup.lookup.setaccesstracker(accesstracker);False;False;1.0;0.0
metron-platform\metron-enrichment\src\main\java\org\apache\metron\enrichment\lookup\lookup.java@org.apache.metron.enrichment.lookup.lookup.setlookuphandler(handler);False;False;0.9034152775648784;0.09658472243512224
metron-platform\metron-enrichment\src\main\java\org\apache\metron\enrichment\lookup\lookup.java@org.apache.metron.enrichment.lookup.lookup.setname(string);False;False;0.9863333374684377;0.013666662531561671
metron-platform\metron-enrichment\src\main\java\org\apache\metron\enrichment\lookup\lookupkv.java@org.apache.metron.enrichment.lookup.lookupkv.lookupkv(key_t,value_t);False;False;0.9034152775648784;0.09658472243512224
metron-platform\metron-enrichment\src\main\java\org\apache\metron\enrichment\lookup\lookupkv.java@org.apache.metron.enrichment.lookup.lookupkv.equals(object);False;False;1.0;0.0
metron-platform\metron-enrichment\src\main\java\org\apache\metron\enrichment\lookup\lookupkv.java@org.apache.metron.enrichment.lookup.lookupkv.getkey();False;False;1.0;0.0
metron-platform\metron-enrichment\src\main\java\org\apache\metron\enrichment\lookup\lookupkv.java@org.apache.metron.enrichment.lookup.lookupkv.getvalue();False;False;1.0;0.0
metron-platform\metron-enrichment\src\main\java\org\apache\metron\enrichment\lookup\lookupkv.java@org.apache.metron.enrichment.lookup.lookupkv.hashcode();False;False;0.999;0.001
metron-platform\metron-enrichment\src\main\java\org\apache\metron\enrichment\lookup\lookupkv.java@org.apache.metron.enrichment.lookup.lookupkv.tostring();False;False;1.0;0.0
metron-platform\metron-enrichment\src\main\java\org\apache\metron\enrichment\lookup\accesstracker\bloomaccesstracker.java@org.apache.metron.enrichment.lookup.accesstracker.bloomaccesstracker.bloomaccesstracker(map);False;False;0.9034152775648784;0.09658472243512224
metron-platform\metron-enrichment\src\main\java\org\apache\metron\enrichment\lookup\accesstracker\bloomaccesstracker.java@org.apache.metron.enrichment.lookup.accesstracker.bloomaccesstracker.bloomaccesstracker(string,int,double);False;False;0.9034152775648784;0.09658472243512224
metron-platform\metron-enrichment\src\main\java\org\apache\metron\enrichment\lookup\accesstracker\bloomaccesstracker.java@org.apache.metron.enrichment.lookup.accesstracker.bloomaccesstracker.apply(lookupkey);False;False;0.948;0.052
metron-platform\metron-enrichment\src\main\java\org\apache\metron\enrichment\lookup\accesstracker\bloomaccesstracker.java@org.apache.metron.enrichment.lookup.accesstracker.bloomaccesstracker.configure(map);False;False;0.9034152775648784;0.09658472243512224
metron-platform\metron-enrichment\src\main\java\org\apache\metron\enrichment\lookup\accesstracker\bloomaccesstracker.java@org.apache.metron.enrichment.lookup.accesstracker.bloomaccesstracker.getfilter();False;False;1.0;0.0
metron-platform\metron-enrichment\src\main\java\org\apache\metron\enrichment\lookup\accesstracker\bloomaccesstracker.java@org.apache.metron.enrichment.lookup.accesstracker.bloomaccesstracker.getname();False;False;0.9870016977227632;0.012998302277236747
metron-platform\metron-enrichment\src\main\java\org\apache\metron\enrichment\lookup\accesstracker\bloomaccesstracker.java@org.apache.metron.enrichment.lookup.accesstracker.bloomaccesstracker.hasseen(lookupkey);False;False;1.0;0.0
metron-platform\metron-enrichment\src\main\java\org\apache\metron\enrichment\lookup\accesstracker\bloomaccesstracker.java@org.apache.metron.enrichment.lookup.accesstracker.bloomaccesstracker.isfull();False;False;1.0;0.0
metron-platform\metron-enrichment\src\main\java\org\apache\metron\enrichment\lookup\accesstracker\bloomaccesstracker.java@org.apache.metron.enrichment.lookup.accesstracker.bloomaccesstracker.logaccess(lookupkey);False;False;0.998;0.002
metron-platform\metron-enrichment\src\main\java\org\apache\metron\enrichment\lookup\accesstracker\bloomaccesstracker.java@org.apache.metron.enrichment.lookup.accesstracker.bloomaccesstracker.reset();False;False;1.0;0.0
metron-platform\metron-enrichment\src\main\java\org\apache\metron\enrichment\lookup\accesstracker\bloomaccesstracker.java@org.apache.metron.enrichment.lookup.accesstracker.bloomaccesstracker.todouble(object);False;False;0.995;0.005
metron-platform\metron-enrichment\src\main\java\org\apache\metron\enrichment\lookup\accesstracker\bloomaccesstracker.java@org.apache.metron.enrichment.lookup.accesstracker.bloomaccesstracker.toint(object);False;False;0.995;0.005
metron-platform\metron-enrichment\src\main\java\org\apache\metron\enrichment\lookup\accesstracker\bloomaccesstracker.java@org.apache.metron.enrichment.lookup.accesstracker.bloomaccesstracker.union(accesstracker);False;False;0.996;0.004
metron-platform\metron-enrichment\src\main\java\org\apache\metron\enrichment\lookup\accesstracker\bloomaccesstracker.java@org.apache.metron.enrichment.lookup.accesstracker.lookupkeyserializer.apply(lookupkey);False;False;0.9034152775648784;0.09658472243512224
metron-platform\metron-enrichment\src\main\java\org\apache\metron\enrichment\lookup\accesstracker\noopaccesstracker.java@org.apache.metron.enrichment.lookup.accesstracker.noopaccesstracker.getname();False;False;1.0;0.0
metron-platform\metron-enrichment\src\main\java\org\apache\metron\enrichment\lookup\accesstracker\noopaccesstracker.java@org.apache.metron.enrichment.lookup.accesstracker.noopaccesstracker.hasseen(lookupkey);False;False;1.0;0.0
metron-platform\metron-enrichment\src\main\java\org\apache\metron\enrichment\lookup\accesstracker\noopaccesstracker.java@org.apache.metron.enrichment.lookup.accesstracker.noopaccesstracker.isfull();False;False;0.9870016977227632;0.012998302277236747
metron-platform\metron-enrichment\src\main\java\org\apache\metron\enrichment\lookup\accesstracker\noopaccesstracker.java@org.apache.metron.enrichment.lookup.accesstracker.noopaccesstracker.union(accesstracker);False;False;1.0;0.0
metron-platform\metron-enrichment\src\main\java\org\apache\metron\enrichment\lookup\accesstracker\persistentaccesstracker.java@org.apache.metron.enrichment.lookup.accesstracker.accesstrackerkey.accesstrackerkey(string,string,long);False;False;0.9034152775648784;0.09658472243512224
metron-platform\metron-enrichment\src\main\java\org\apache\metron\enrichment\lookup\accesstracker\persistentaccesstracker.java@org.apache.metron.enrichment.lookup.accesstracker.accesstrackerkey.fromrowkey(byte[]);False;False;0.9034152775648784;0.09658472243512224
metron-platform\metron-enrichment\src\main\java\org\apache\metron\enrichment\lookup\accesstracker\persistentaccesstracker.java@org.apache.metron.enrichment.lookup.accesstracker.accesstrackerkey.gettimestampscankey(string,long);False;False;0.9034152775648784;0.09658472243512224
metron-platform\metron-enrichment\src\main\java\org\apache\metron\enrichment\lookup\accesstracker\persistentaccesstracker.java@org.apache.metron.enrichment.lookup.accesstracker.accesstrackerkey.torowkey();False;False;0.9034152775648784;0.09658472243512224
metron-platform\metron-enrichment\src\main\java\org\apache\metron\enrichment\lookup\accesstracker\persistentaccesstracker.java@org.apache.metron.enrichment.lookup.accesstracker.persistentaccesstracker.accesstrackerkey(string,string,long);False;False;0.9034152775648784;0.09658472243512224
metron-platform\metron-enrichment\src\main\java\org\apache\metron\enrichment\lookup\accesstracker\persistentaccesstracker.java@org.apache.metron.enrichment.lookup.accesstracker.persistentaccesstracker.persistentaccesstracker(string,string,htableinterface,string,accesstracker,long);False;False;0.9034152775648784;0.09658472243512224
metron-platform\metron-enrichment\src\main\java\org\apache\metron\enrichment\lookup\accesstracker\persistentaccesstracker.java@org.apache.metron.enrichment.lookup.accesstracker.persistentaccesstracker.persister(persistentaccesstracker);False;False;0.9034152775648784;0.09658472243512224
metron-platform\metron-enrichment\src\main\java\org\apache\metron\enrichment\lookup\accesstracker\persistentaccesstracker.java@org.apache.metron.enrichment.lookup.accesstracker.persistentaccesstracker.cleanup();False;False;0.9034152775648784;0.09658472243512224
metron-platform\metron-enrichment\src\main\java\org\apache\metron\enrichment\lookup\accesstracker\persistentaccesstracker.java@org.apache.metron.enrichment.lookup.accesstracker.persistentaccesstracker.configure(map);False;False;0.9034152775648784;0.09658472243512224
metron-platform\metron-enrichment\src\main\java\org\apache\metron\enrichment\lookup\accesstracker\persistentaccesstracker.java@org.apache.metron.enrichment.lookup.accesstracker.persistentaccesstracker.fromrowkey(byte[]);False;False;0.9034152775648784;0.09658472243512224
metron-platform\metron-enrichment\src\main\java\org\apache\metron\enrichment\lookup\accesstracker\persistentaccesstracker.java@org.apache.metron.enrichment.lookup.accesstracker.persistentaccesstracker.getname();False;False;1.0;0.0
metron-platform\metron-enrichment\src\main\java\org\apache\metron\enrichment\lookup\accesstracker\persistentaccesstracker.java@org.apache.metron.enrichment.lookup.accesstracker.persistentaccesstracker.gettimestampscankey(string,long);False;False;0.9034152775648784;0.09658472243512224
metron-platform\metron-enrichment\src\main\java\org\apache\metron\enrichment\lookup\accesstracker\persistentaccesstracker.java@org.apache.metron.enrichment.lookup.accesstracker.persistentaccesstracker.hasseen(lookupkey);False;False;0.997;0.003
metron-platform\metron-enrichment\src\main\java\org\apache\metron\enrichment\lookup\accesstracker\persistentaccesstracker.java@org.apache.metron.enrichment.lookup.accesstracker.persistentaccesstracker.isfull();False;False;0.9923166666666667;0.007683333333333334
metron-platform\metron-enrichment\src\main\java\org\apache\metron\enrichment\lookup\accesstracker\persistentaccesstracker.java@org.apache.metron.enrichment.lookup.accesstracker.persistentaccesstracker.logaccess(lookupkey);False;False;0.997;0.003
metron-platform\metron-enrichment\src\main\java\org\apache\metron\enrichment\lookup\accesstracker\persistentaccesstracker.java@org.apache.metron.enrichment.lookup.accesstracker.persistentaccesstracker.persist(boolean);False;False;0.9034152775648784;0.09658472243512224
metron-platform\metron-enrichment\src\main\java\org\apache\metron\enrichment\lookup\accesstracker\persistentaccesstracker.java@org.apache.metron.enrichment.lookup.accesstracker.persistentaccesstracker.reset();False;False;0.984;0.016
metron-platform\metron-enrichment\src\main\java\org\apache\metron\enrichment\lookup\accesstracker\persistentaccesstracker.java@org.apache.metron.enrichment.lookup.accesstracker.persistentaccesstracker.run();False;False;0.9034152775648784;0.09658472243512224
metron-platform\metron-enrichment\src\main\java\org\apache\metron\enrichment\lookup\accesstracker\persistentaccesstracker.java@org.apache.metron.enrichment.lookup.accesstracker.persistentaccesstracker.torowkey();False;False;0.9034152775648784;0.09658472243512224
metron-platform\metron-enrichment\src\main\java\org\apache\metron\enrichment\lookup\accesstracker\persistentaccesstracker.java@org.apache.metron.enrichment.lookup.accesstracker.persistentaccesstracker.union(accesstracker);False;False;0.98;0.02
metron-platform\metron-enrichment\src\main\java\org\apache\metron\enrichment\lookup\accesstracker\persistentaccesstracker.java@org.apache.metron.enrichment.lookup.accesstracker.persister.persister(persistentaccesstracker);False;False;0.9034152775648784;0.09658472243512224
metron-platform\metron-enrichment\src\main\java\org\apache\metron\enrichment\lookup\accesstracker\persistentaccesstracker.java@org.apache.metron.enrichment.lookup.accesstracker.persister.run();False;False;0.956;0.044
metron-platform\metron-enrichment\src\main\java\org\apache\metron\enrichment\lookup\accesstracker\persistentbloomtrackercreator.java@org.apache.metron.enrichment.lookup.accesstracker.config.config(map);False;False;0.9034152775648784;0.09658472243512224
metron-platform\metron-enrichment\src\main\java\org\apache\metron\enrichment\lookup\accesstracker\persistentbloomtrackercreator.java@org.apache.metron.enrichment.lookup.accesstracker.config.getexpectedinsertions();False;False;0.9851351218008023;0.014864878199197096
metron-platform\metron-enrichment\src\main\java\org\apache\metron\enrichment\lookup\accesstracker\persistentbloomtrackercreator.java@org.apache.metron.enrichment.lookup.accesstracker.config.getfalsepositiverate();False;False;0.9851351218008023;0.014864878199197096
metron-platform\metron-enrichment\src\main\java\org\apache\metron\enrichment\lookup\accesstracker\persistentbloomtrackercreator.java@org.apache.metron.enrichment.lookup.accesstracker.config.gethbasecf();False;False;0.9851351218008023;0.014864878199197096
metron-platform\metron-enrichment\src\main\java\org\apache\metron\enrichment\lookup\accesstracker\persistentbloomtrackercreator.java@org.apache.metron.enrichment.lookup.accesstracker.config.gethbasetable();False;False;0.9851351218008023;0.014864878199197096
metron-platform\metron-enrichment\src\main\java\org\apache\metron\enrichment\lookup\accesstracker\persistentbloomtrackercreator.java@org.apache.metron.enrichment.lookup.accesstracker.config.getmillisecondsbetweenpersists();False;False;0.9851351218008023;0.014864878199197096
metron-platform\metron-enrichment\src\main\java\org\apache\metron\enrichment\lookup\accesstracker\persistentbloomtrackercreator.java@org.apache.metron.enrichment.lookup.accesstracker.persistentbloomtrackercreator.config(map);False;False;0.9034152775648784;0.09658472243512224
metron-platform\metron-enrichment\src\main\java\org\apache\metron\enrichment\lookup\accesstracker\persistentbloomtrackercreator.java@org.apache.metron.enrichment.lookup.accesstracker.persistentbloomtrackercreator.create(map,tableprovider);False;False;0.9034152775648784;0.09658472243512224
metron-platform\metron-enrichment\src\main\java\org\apache\metron\enrichment\lookup\accesstracker\persistentbloomtrackercreator.java@org.apache.metron.enrichment.lookup.accesstracker.persistentbloomtrackercreator.getexpectedinsertions();False;False;1.0;0.0
metron-platform\metron-enrichment\src\main\java\org\apache\metron\enrichment\lookup\accesstracker\persistentbloomtrackercreator.java@org.apache.metron.enrichment.lookup.accesstracker.persistentbloomtrackercreator.getfalsepositiverate();False;False;1.0;0.0
metron-platform\metron-enrichment\src\main\java\org\apache\metron\enrichment\lookup\accesstracker\persistentbloomtrackercreator.java@org.apache.metron.enrichment.lookup.accesstracker.persistentbloomtrackercreator.gethbasecf();False;False;0.9983971834752796;0.0016028165247205495
metron-platform\metron-enrichment\src\main\java\org\apache\metron\enrichment\lookup\accesstracker\persistentbloomtrackercreator.java@org.apache.metron.enrichment.lookup.accesstracker.persistentbloomtrackercreator.gethbasetable();False;False;0.999;0.001
metron-platform\metron-enrichment\src\main\java\org\apache\metron\enrichment\lookup\accesstracker\persistentbloomtrackercreator.java@org.apache.metron.enrichment.lookup.accesstracker.persistentbloomtrackercreator.getmillisecondsbetweenpersists();False;False;1.0;0.0
metron-platform\metron-enrichment\src\main\java\org\apache\metron\enrichment\lookup\handler\keywithcontext.java@org.apache.metron.enrichment.lookup.handler.keywithcontext.keywithcontext(key_t,context_t);False;False;0.9034152775648784;0.09658472243512224
metron-platform\metron-enrichment\src\main\java\org\apache\metron\enrichment\lookup\handler\keywithcontext.java@org.apache.metron.enrichment.lookup.handler.keywithcontext.getcontext();False;False;1.0;0.0
metron-platform\metron-enrichment\src\main\java\org\apache\metron\enrichment\lookup\handler\keywithcontext.java@org.apache.metron.enrichment.lookup.handler.keywithcontext.getkey();False;False;1.0;0.0
metron-platform\metron-enrichment\src\main\java\org\apache\metron\enrichment\parallel\concurrencycontext.java@org.apache.metron.enrichment.parallel.concurrencycontext.get(enrichmentstrategies);False;False;0.9375;0.0625
metron-platform\metron-enrichment\src\main\java\org\apache\metron\enrichment\parallel\concurrencycontext.java@org.apache.metron.enrichment.parallel.concurrencycontext.getcache();False;False;0.9975;0.0025
metron-platform\metron-enrichment\src\main\java\org\apache\metron\enrichment\parallel\concurrencycontext.java@org.apache.metron.enrichment.parallel.concurrencycontext.getexecutor();False;False;0.9951900440648239;0.004809955935175898
metron-platform\metron-enrichment\src\main\java\org\apache\metron\enrichment\parallel\concurrencycontext.java@org.apache.metron.enrichment.parallel.concurrencycontext.initialize(int,long,long,workerpoolstrategies,logger,boolean);False;False;0.9034152775648784;0.09658472243512224
metron-platform\metron-enrichment\src\main\java\org\apache\metron\enrichment\parallel\enrichmentcallable.java@org.apache.metron.enrichment.parallel.enrichmentcallable.enrichmentcallable(cachekey,enrichmentadapter);False;False;0.9034152775648784;0.09658472243512224
metron-platform\metron-enrichment\src\main\java\org\apache\metron\enrichment\parallel\enrichmentcallable.java@org.apache.metron.enrichment.parallel.enrichmentcallable.apply(cachekey);False;False;0.9774404761904762;0.02255952380952381
metron-platform\metron-enrichment\src\main\java\org\apache\metron\enrichment\parallel\enrichmentcallable.java@org.apache.metron.enrichment.parallel.enrichmentcallable.call();False;False;0.945;0.055
metron-platform\metron-enrichment\src\main\java\org\apache\metron\enrichment\parallel\enrichmentcontext.java@org.apache.metron.enrichment.parallel.enrichmentcontext.enrichmentcontext(functionresolver,context);False;False;0.9034152775648784;0.09658472243512224
metron-platform\metron-enrichment\src\main\java\org\apache\metron\enrichment\parallel\enrichmentcontext.java@org.apache.metron.enrichment.parallel.enrichmentcontext.getfunctionresolver();False;False;1.0;0.0
metron-platform\metron-enrichment\src\main\java\org\apache\metron\enrichment\parallel\enrichmentcontext.java@org.apache.metron.enrichment.parallel.enrichmentcontext.getstellarcontext();False;False;1.0;0.0
metron-platform\metron-enrichment\src\main\java\org\apache\metron\enrichment\parallel\parallelenricher.java@org.apache.metron.enrichment.parallel.enrichmentresult.enrichmentresult(jsonobject,list);False;False;0.9034152775648784;0.09658472243512224
metron-platform\metron-enrichment\src\main\java\org\apache\metron\enrichment\parallel\parallelenricher.java@org.apache.metron.enrichment.parallel.enrichmentresult.getenrichmenterrors();False;False;0.9851351218008023;0.014864878199197096
metron-platform\metron-enrichment\src\main\java\org\apache\metron\enrichment\parallel\parallelenricher.java@org.apache.metron.enrichment.parallel.enrichmentresult.getresult();False;False;0.9851351218008023;0.014864878199197096
metron-platform\metron-enrichment\src\main\java\org\apache\metron\enrichment\parallel\parallelenricher.java@org.apache.metron.enrichment.parallel.parallelenricher.enrichmentresult(jsonobject,list);False;False;0.9034152775648784;0.09658472243512224
metron-platform\metron-enrichment\src\main\java\org\apache\metron\enrichment\parallel\parallelenricher.java@org.apache.metron.enrichment.parallel.parallelenricher.parallelenricher(map,concurrencycontext,boolean);False;False;0.9034152775648784;0.09658472243512224
metron-platform\metron-enrichment\src\main\java\org\apache\metron\enrichment\parallel\parallelenricher.java@org.apache.metron.enrichment.parallel.parallelenricher.all(list,jsonobject,binaryoperator);False;False;0.9034152775648784;0.09658472243512224
metron-platform\metron-enrichment\src\main\java\org\apache\metron\enrichment\parallel\parallelenricher.java@org.apache.metron.enrichment.parallel.parallelenricher.apply(jsonobject,enrichmentstrategies,sensorenrichmentconfig,performancelogger);False;False;0.9034152775648784;0.09658472243512224
metron-platform\metron-enrichment\src\main\java\org\apache\metron\enrichment\parallel\parallelenricher.java@org.apache.metron.enrichment.parallel.parallelenricher.getenrichmenterrors();False;False;0.9793166666666667;0.020683333333333335
metron-platform\metron-enrichment\src\main\java\org\apache\metron\enrichment\parallel\parallelenricher.java@org.apache.metron.enrichment.parallel.parallelenricher.getresult();False;False;0.996;0.004
metron-platform\metron-enrichment\src\main\java\org\apache\metron\enrichment\parallel\parallelenricher.java@org.apache.metron.enrichment.parallel.parallelenricher.join(jsonobject,jsonobject);False;False;0.9034152775648784;0.09658472243512224
metron-platform\metron-enrichment\src\main\java\org\apache\metron\enrichment\parallel\parallelenricher.java@org.apache.metron.enrichment.parallel.parallelenricher.splitmessage(jsonobject,enrichmentstrategy,sensorenrichmentconfig);False;False;0.9034152775648784;0.09658472243512224
metron-platform\metron-enrichment\src\main\java\org\apache\metron\enrichment\stellar\geoenrichmentfunctions.java@org.apache.metron.enrichment.stellar.geoenrichmentfunctions.apply(list,context);False;False;0.9034152775648784;0.09658472243512224
metron-platform\metron-enrichment\src\main\java\org\apache\metron\enrichment\stellar\geoenrichmentfunctions.java@org.apache.metron.enrichment.stellar.geoenrichmentfunctions.getconfig(context);False;False;1.0;0.0
metron-platform\metron-enrichment\src\main\java\org\apache\metron\enrichment\stellar\geoenrichmentfunctions.java@org.apache.metron.enrichment.stellar.geoenrichmentfunctions.initialize(context);False;False;0.9853333333333333;0.014666666666666668
metron-platform\metron-enrichment\src\main\java\org\apache\metron\enrichment\stellar\geoenrichmentfunctions.java@org.apache.metron.enrichment.stellar.geoenrichmentfunctions.isinitialized();False;False;1.0;0.0
metron-platform\metron-enrichment\src\main\java\org\apache\metron\enrichment\stellar\geoenrichmentfunctions.java@org.apache.metron.enrichment.stellar.geoget.apply(list,context);False;False;0.9034152775648784;0.09658472243512224
metron-platform\metron-enrichment\src\main\java\org\apache\metron\enrichment\stellar\geoenrichmentfunctions.java@org.apache.metron.enrichment.stellar.geoget.getconfig(context);False;False;0.9034152775648784;0.09658472243512224
metron-platform\metron-enrichment\src\main\java\org\apache\metron\enrichment\stellar\geoenrichmentfunctions.java@org.apache.metron.enrichment.stellar.geoget.initialize(context);False;False;0.9034152775648784;0.09658472243512224
metron-platform\metron-enrichment\src\main\java\org\apache\metron\enrichment\stellar\geoenrichmentfunctions.java@org.apache.metron.enrichment.stellar.geoget.isinitialized();False;False;0.9851351218008023;0.014864878199197096
metron-platform\metron-enrichment\src\main\java\org\apache\metron\enrichment\stellar\geohashfunctions.java@org.apache.metron.enrichment.stellar.centroid.apply(list,context);False;False;0.9034152775648784;0.09658472243512224
metron-platform\metron-enrichment\src\main\java\org\apache\metron\enrichment\stellar\geohashfunctions.java@org.apache.metron.enrichment.stellar.centroid.isinitialized();False;False;0.9851351218008023;0.014864878199197096
metron-platform\metron-enrichment\src\main\java\org\apache\metron\enrichment\stellar\geohashfunctions.java@org.apache.metron.enrichment.stellar.dist.apply(list,context);False;False;0.9034152775648784;0.09658472243512224
metron-platform\metron-enrichment\src\main\java\org\apache\metron\enrichment\stellar\geohashfunctions.java@org.apache.metron.enrichment.stellar.dist.isinitialized();False;False;0.9851351218008023;0.014864878199197096
metron-platform\metron-enrichment\src\main\java\org\apache\metron\enrichment\stellar\geohashfunctions.java@org.apache.metron.enrichment.stellar.fromlatlong.apply(list,context);False;False;0.9034152775648784;0.09658472243512224
metron-platform\metron-enrichment\src\main\java\org\apache\metron\enrichment\stellar\geohashfunctions.java@org.apache.metron.enrichment.stellar.fromlatlong.isinitialized();False;False;1.0;0.0
metron-platform\metron-enrichment\src\main\java\org\apache\metron\enrichment\stellar\geohashfunctions.java@org.apache.metron.enrichment.stellar.fromloc.apply(list,context);False;False;0.9034152775648784;0.09658472243512224
metron-platform\metron-enrichment\src\main\java\org\apache\metron\enrichment\stellar\geohashfunctions.java@org.apache.metron.enrichment.stellar.fromloc.isinitialized();False;False;0.999;0.001
metron-platform\metron-enrichment\src\main\java\org\apache\metron\enrichment\stellar\geohashfunctions.java@org.apache.metron.enrichment.stellar.geohashfunctions.apply(list,context);False;False;0.9034152775648784;0.09658472243512224
metron-platform\metron-enrichment\src\main\java\org\apache\metron\enrichment\stellar\geohashfunctions.java@org.apache.metron.enrichment.stellar.geohashfunctions.isinitialized();False;False;1.0;0.0
metron-platform\metron-enrichment\src\main\java\org\apache\metron\enrichment\stellar\geohashfunctions.java@org.apache.metron.enrichment.stellar.maxdist.apply(list,context);False;False;0.9034152775648784;0.09658472243512224
metron-platform\metron-enrichment\src\main\java\org\apache\metron\enrichment\stellar\geohashfunctions.java@org.apache.metron.enrichment.stellar.maxdist.isinitialized();False;False;0.997;0.003
metron-platform\metron-enrichment\src\main\java\org\apache\metron\enrichment\stellar\geohashfunctions.java@org.apache.metron.enrichment.stellar.tolatlong.apply(list,context);False;False;0.9034152775648784;0.09658472243512224
metron-platform\metron-enrichment\src\main\java\org\apache\metron\enrichment\stellar\geohashfunctions.java@org.apache.metron.enrichment.stellar.tolatlong.isinitialized();False;False;0.9851351218008023;0.014864878199197096
metron-platform\metron-enrichment\src\main\java\org\apache\metron\enrichment\stellar\objectget.java@org.apache.metron.enrichment.stellar.loader.loader(configuration);False;False;0.9034152775648784;0.09658472243512224
metron-platform\metron-enrichment\src\main\java\org\apache\metron\enrichment\stellar\objectget.java@org.apache.metron.enrichment.stellar.loader.load(string);False;False;0.9034152775648784;0.09658472243512224
metron-platform\metron-enrichment\src\main\java\org\apache\metron\enrichment\stellar\objectget.java@org.apache.metron.enrichment.stellar.objectget.loader(configuration);False;False;0.9034152775648784;0.09658472243512224
metron-platform\metron-enrichment\src\main\java\org\apache\metron\enrichment\stellar\objectget.java@org.apache.metron.enrichment.stellar.objectget.apply(list,context);False;False;0.9034152775648784;0.09658472243512224
metron-platform\metron-enrichment\src\main\java\org\apache\metron\enrichment\stellar\objectget.java@org.apache.metron.enrichment.stellar.objectget.getconfig(context);False;False;1.0;0.0
metron-platform\metron-enrichment\src\main\java\org\apache\metron\enrichment\stellar\objectget.java@org.apache.metron.enrichment.stellar.objectget.initialize(context);False;False;0.9034152775648784;0.09658472243512224
metron-platform\metron-enrichment\src\main\java\org\apache\metron\enrichment\stellar\objectget.java@org.apache.metron.enrichment.stellar.objectget.isinitialized();False;False;0.9377333333333332;0.062266666666666665
metron-platform\metron-enrichment\src\main\java\org\apache\metron\enrichment\stellar\objectget.java@org.apache.metron.enrichment.stellar.objectget.load(string);False;False;0.954;0.046
metron-platform\metron-enrichment\src\main\java\org\apache\metron\enrichment\stellar\objectget.java@org.apache.metron.enrichment.stellar.objectget.setupcache(long,long);False;False;0.9034152775648784;0.09658472243512224
metron-platform\metron-enrichment\src\main\java\org\apache\metron\enrichment\stellar\simplehbaseenrichmentfunctions.java@org.apache.metron.enrichment.stellar.enrichmentexists.apply(list,context);False;False;0.9034152775648784;0.09658472243512224
metron-platform\metron-enrichment\src\main\java\org\apache\metron\enrichment\stellar\simplehbaseenrichmentfunctions.java@org.apache.metron.enrichment.stellar.enrichmentexists.initialize(context);False;False;0.9034152775648784;0.09658472243512224
metron-platform\metron-enrichment\src\main\java\org\apache\metron\enrichment\stellar\simplehbaseenrichmentfunctions.java@org.apache.metron.enrichment.stellar.enrichmentexists.isinitialized();False;False;0.994;0.006
metron-platform\metron-enrichment\src\main\java\org\apache\metron\enrichment\stellar\simplehbaseenrichmentfunctions.java@org.apache.metron.enrichment.stellar.enrichmentget.apply(list,context);False;False;0.9034152775648784;0.09658472243512224
metron-platform\metron-enrichment\src\main\java\org\apache\metron\enrichment\stellar\simplehbaseenrichmentfunctions.java@org.apache.metron.enrichment.stellar.enrichmentget.initialize(context);False;False;0.9034152775648784;0.09658472243512224
metron-platform\metron-enrichment\src\main\java\org\apache\metron\enrichment\stellar\simplehbaseenrichmentfunctions.java@org.apache.metron.enrichment.stellar.enrichmentget.isinitialized();False;False;1.0;0.0
metron-platform\metron-enrichment\src\main\java\org\apache\metron\enrichment\stellar\simplehbaseenrichmentfunctions.java@org.apache.metron.enrichment.stellar.simplehbaseenrichmentfunctions.table(string,string);False;False;0.9034152775648784;0.09658472243512224
metron-platform\metron-enrichment\src\main\java\org\apache\metron\enrichment\stellar\simplehbaseenrichmentfunctions.java@org.apache.metron.enrichment.stellar.simplehbaseenrichmentfunctions.apply(list,context);False;False;0.9034152775648784;0.09658472243512224
metron-platform\metron-enrichment\src\main\java\org\apache\metron\enrichment\stellar\simplehbaseenrichmentfunctions.java@org.apache.metron.enrichment.stellar.simplehbaseenrichmentfunctions.createprovider(string);False;False;0.9034152775648784;0.09658472243512224
metron-platform\metron-enrichment\src\main\java\org\apache\metron\enrichment\stellar\simplehbaseenrichmentfunctions.java@org.apache.metron.enrichment.stellar.simplehbaseenrichmentfunctions.equals(object);False;False;1.0;0.0
metron-platform\metron-enrichment\src\main\java\org\apache\metron\enrichment\stellar\simplehbaseenrichmentfunctions.java@org.apache.metron.enrichment.stellar.simplehbaseenrichmentfunctions.getconfig(context);False;False;1.0;0.0
metron-platform\metron-enrichment\src\main\java\org\apache\metron\enrichment\stellar\simplehbaseenrichmentfunctions.java@org.apache.metron.enrichment.stellar.simplehbaseenrichmentfunctions.hashcode();False;False;1.0;0.0
metron-platform\metron-enrichment\src\main\java\org\apache\metron\enrichment\stellar\simplehbaseenrichmentfunctions.java@org.apache.metron.enrichment.stellar.simplehbaseenrichmentfunctions.initialize(context);False;False;0.9034152775648784;0.09658472243512224
metron-platform\metron-enrichment\src\main\java\org\apache\metron\enrichment\stellar\simplehbaseenrichmentfunctions.java@org.apache.metron.enrichment.stellar.simplehbaseenrichmentfunctions.initializeprovider(map);False;False;0.9034152775648784;0.09658472243512224
metron-platform\metron-enrichment\src\main\java\org\apache\metron\enrichment\stellar\simplehbaseenrichmentfunctions.java@org.apache.metron.enrichment.stellar.simplehbaseenrichmentfunctions.initializetracker(map,tableprovider);False;False;0.9034152775648784;0.09658472243512224
metron-platform\metron-enrichment\src\main\java\org\apache\metron\enrichment\stellar\simplehbaseenrichmentfunctions.java@org.apache.metron.enrichment.stellar.simplehbaseenrichmentfunctions.isinitialized();False;False;0.9034152775648784;0.09658472243512224
metron-platform\metron-enrichment\src\main\java\org\apache\metron\enrichment\stellar\simplehbaseenrichmentfunctions.java@org.apache.metron.enrichment.stellar.simplehbaseenrichmentfunctions.tostring();False;False;0.986;0.014
metron-platform\metron-enrichment\src\main\java\org\apache\metron\enrichment\stellar\simplehbaseenrichmentfunctions.java@org.apache.metron.enrichment.stellar.table.table(string,string);False;False;0.9034152775648784;0.09658472243512224
metron-platform\metron-enrichment\src\main\java\org\apache\metron\enrichment\stellar\simplehbaseenrichmentfunctions.java@org.apache.metron.enrichment.stellar.table.equals(object);False;False;0.9034152775648784;0.09658472243512224
metron-platform\metron-enrichment\src\main\java\org\apache\metron\enrichment\stellar\simplehbaseenrichmentfunctions.java@org.apache.metron.enrichment.stellar.table.hashcode();False;False;0.9851351218008023;0.014864878199197096
metron-platform\metron-enrichment\src\main\java\org\apache\metron\enrichment\stellar\simplehbaseenrichmentfunctions.java@org.apache.metron.enrichment.stellar.table.tostring();False;False;0.9851351218008023;0.014864878199197096
metron-platform\metron-enrichment\src\main\java\org\apache\metron\enrichment\utils\enrichmentutils.java@org.apache.metron.enrichment.utils.enrichmentutils.typetokey(string,htableinterface,enrichmentconfig);False;False;0.9034152775648784;0.09658472243512224
metron-platform\metron-enrichment\src\main\java\org\apache\metron\enrichment\utils\enrichmentutils.java@org.apache.metron.enrichment.utils.enrichmentutils.adjustkeys(jsonobject,jsonobject,string,string);False;False;0.9034152775648784;0.09658472243512224
metron-platform\metron-enrichment\src\main\java\org\apache\metron\enrichment\utils\enrichmentutils.java@org.apache.metron.enrichment.utils.enrichmentutils.apply(string);False;False;0.993;0.007
metron-platform\metron-enrichment\src\main\java\org\apache\metron\enrichment\utils\enrichmentutils.java@org.apache.metron.enrichment.utils.enrichmentutils.getcolumnfamily(string,enrichmentconfig);False;False;0.9034152775648784;0.09658472243512224
metron-platform\metron-enrichment\src\main\java\org\apache\metron\enrichment\utils\enrichmentutils.java@org.apache.metron.enrichment.utils.enrichmentutils.getenrichmentkey(string,string);False;False;0.9034152775648784;0.09658472243512224
metron-platform\metron-enrichment\src\main\java\org\apache\metron\enrichment\utils\enrichmentutils.java@org.apache.metron.enrichment.utils.enrichmentutils.gettableprovider(string,tableprovider);False;False;0.9034152775648784;0.09658472243512224
metron-platform\metron-enrichment\src\main\java\org\apache\metron\enrichment\utils\enrichmentutils.java@org.apache.metron.enrichment.utils.enrichmentutils.initialvalue();False;False;0.989;0.011
metron-platform\metron-enrichment\src\main\java\org\apache\metron\enrichment\utils\enrichmentutils.java@org.apache.metron.enrichment.utils.enrichmentutils.totoplevelfield(string);False;False;0.999;0.001
metron-platform\metron-enrichment\src\main\java\org\apache\metron\enrichment\utils\enrichmentutils.java@org.apache.metron.enrichment.utils.typetokey.typetokey(string,htableinterface,enrichmentconfig);False;False;0.9034152775648784;0.09658472243512224
metron-platform\metron-enrichment\src\main\java\org\apache\metron\enrichment\utils\enrichmentutils.java@org.apache.metron.enrichment.utils.typetokey.apply(string);False;False;0.9034152775648784;0.09658472243512224
metron-platform\metron-enrichment\src\main\java\org\apache\metron\enrichment\utils\threatintelutils.java@org.apache.metron.enrichment.utils.threatintelutils.appendthreatscore(threatscore,jsonobject);False;False;0.9034152775648784;0.09658472243512224
metron-platform\metron-enrichment\src\main\java\org\apache\metron\enrichment\utils\threatintelutils.java@org.apache.metron.enrichment.utils.threatintelutils.getthreatintelkey(string,string);False;False;0.9034152775648784;0.09658472243512224
metron-platform\metron-enrichment\src\main\java\org\apache\metron\enrichment\utils\threatintelutils.java@org.apache.metron.enrichment.utils.threatintelutils.triage(jsonobject,sensorenrichmentconfig,functionresolver,context);False;False;0.9034152775648784;0.09658472243512224
metron-platform\metron-enrichment\src\main\java\org\apache\metron\enrichment\writer\simplehbaseenrichmentwriter.java@org.apache.metron.enrichment.writer.keytransformer.keytransformer(iterable);False;False;0.9034152775648784;0.09658472243512224
metron-platform\metron-enrichment\src\main\java\org\apache\metron\enrichment\writer\simplehbaseenrichmentwriter.java@org.apache.metron.enrichment.writer.keytransformer.keytransformer(iterable,string);False;False;0.9034152775648784;0.09658472243512224
metron-platform\metron-enrichment\src\main\java\org\apache\metron\enrichment\writer\simplehbaseenrichmentwriter.java@org.apache.metron.enrichment.writer.keytransformer.keytransformer(string);False;False;0.9034152775648784;0.09658472243512224
metron-platform\metron-enrichment\src\main\java\org\apache\metron\enrichment\writer\simplehbaseenrichmentwriter.java@org.apache.metron.enrichment.writer.keytransformer.keytransformer(string,string);False;False;0.9034152775648784;0.09658472243512224
metron-platform\metron-enrichment\src\main\java\org\apache\metron\enrichment\writer\simplehbaseenrichmentwriter.java@org.apache.metron.enrichment.writer.keytransformer.transform(jsonobject);False;False;0.9034152775648784;0.09658472243512224
metron-platform\metron-enrichment\src\main\java\org\apache\metron\enrichment\writer\simplehbaseenrichmentwriter.java@org.apache.metron.enrichment.writer.simplehbaseenrichmentwriter.configurations(string);False;False;0.9034152775648784;0.09658472243512224
metron-platform\metron-enrichment\src\main\java\org\apache\metron\enrichment\writer\simplehbaseenrichmentwriter.java@org.apache.metron.enrichment.writer.simplehbaseenrichmentwriter.keytransformer(iterable);False;False;0.9034152775648784;0.09658472243512224
metron-platform\metron-enrichment\src\main\java\org\apache\metron\enrichment\writer\simplehbaseenrichmentwriter.java@org.apache.metron.enrichment.writer.simplehbaseenrichmentwriter.keytransformer(iterable,string);False;False;0.9034152775648784;0.09658472243512224
metron-platform\metron-enrichment\src\main\java\org\apache\metron\enrichment\writer\simplehbaseenrichmentwriter.java@org.apache.metron.enrichment.writer.simplehbaseenrichmentwriter.keytransformer(string);False;False;0.9034152775648784;0.09658472243512224
metron-platform\metron-enrichment\src\main\java\org\apache\metron\enrichment\writer\simplehbaseenrichmentwriter.java@org.apache.metron.enrichment.writer.simplehbaseenrichmentwriter.keytransformer(string,string);False;False;0.9034152775648784;0.09658472243512224
metron-platform\metron-enrichment\src\main\java\org\apache\metron\enrichment\writer\simplehbaseenrichmentwriter.java@org.apache.metron.enrichment.writer.simplehbaseenrichmentwriter.addmetadataentry(map,map);False;False;0.9034152775648784;0.09658472243512224
metron-platform\metron-enrichment\src\main\java\org\apache\metron\enrichment\writer\simplehbaseenrichmentwriter.java@org.apache.metron.enrichment.writer.simplehbaseenrichmentwriter.close();False;False;0.996;0.004
metron-platform\metron-enrichment\src\main\java\org\apache\metron\enrichment\writer\simplehbaseenrichmentwriter.java@org.apache.metron.enrichment.writer.simplehbaseenrichmentwriter.configure(string,writerconfiguration);False;False;0.9034152775648784;0.09658472243512224
metron-platform\metron-enrichment\src\main\java\org\apache\metron\enrichment\writer\simplehbaseenrichmentwriter.java@org.apache.metron.enrichment.writer.simplehbaseenrichmentwriter.get(map);False;False;0.9034152775648784;0.09658472243512224
metron-platform\metron-enrichment\src\main\java\org\apache\metron\enrichment\writer\simplehbaseenrichmentwriter.java@org.apache.metron.enrichment.writer.simplehbaseenrichmentwriter.getandconvert(map,class);False;False;0.9034152775648784;0.09658472243512224
metron-platform\metron-enrichment\src\main\java\org\apache\metron\enrichment\writer\simplehbaseenrichmentwriter.java@org.apache.metron.enrichment.writer.simplehbaseenrichmentwriter.getclassname(object);False;False;1.0;0.0
metron-platform\metron-enrichment\src\main\java\org\apache\metron\enrichment\writer\simplehbaseenrichmentwriter.java@org.apache.metron.enrichment.writer.simplehbaseenrichmentwriter.getcolumns(object,boolean);False;False;0.9034152775648784;0.09658472243512224
metron-platform\metron-enrichment\src\main\java\org\apache\metron\enrichment\writer\simplehbaseenrichmentwriter.java@org.apache.metron.enrichment.writer.simplehbaseenrichmentwriter.getkey();False;False;0.998;0.002
metron-platform\metron-enrichment\src\main\java\org\apache\metron\enrichment\writer\simplehbaseenrichmentwriter.java@org.apache.metron.enrichment.writer.simplehbaseenrichmentwriter.getkey(jsonobject,keytransformer,string);False;False;0.9034152775648784;0.09658472243512224
metron-platform\metron-enrichment\src\main\java\org\apache\metron\enrichment\writer\simplehbaseenrichmentwriter.java@org.apache.metron.enrichment.writer.simplehbaseenrichmentwriter.getname();False;False;1.0;0.0
metron-platform\metron-enrichment\src\main\java\org\apache\metron\enrichment\writer\simplehbaseenrichmentwriter.java@org.apache.metron.enrichment.writer.simplehbaseenrichmentwriter.getprovider();False;False;0.9931666666666666;0.006833333333333333
metron-platform\metron-enrichment\src\main\java\org\apache\metron\enrichment\writer\simplehbaseenrichmentwriter.java@org.apache.metron.enrichment.writer.simplehbaseenrichmentwriter.gettable(map);False;False;0.9034152775648784;0.09658472243512224
metron-platform\metron-enrichment\src\main\java\org\apache\metron\enrichment\writer\simplehbaseenrichmentwriter.java@org.apache.metron.enrichment.writer.simplehbaseenrichmentwriter.gettable(string,string);False;False;0.9034152775648784;0.09658472243512224
metron-platform\metron-enrichment\src\main\java\org\apache\metron\enrichment\writer\simplehbaseenrichmentwriter.java@org.apache.metron.enrichment.writer.simplehbaseenrichmentwriter.gettransformer(map);False;False;0.9034152775648784;0.09658472243512224
metron-platform\metron-enrichment\src\main\java\org\apache\metron\enrichment\writer\simplehbaseenrichmentwriter.java@org.apache.metron.enrichment.writer.simplehbaseenrichmentwriter.getvalue(jsonobject,set,set);False;False;0.9034152775648784;0.09658472243512224
metron-platform\metron-enrichment\src\main\java\org\apache\metron\enrichment\writer\simplehbaseenrichmentwriter.java@org.apache.metron.enrichment.writer.simplehbaseenrichmentwriter.init(map,topologycontext,writerconfiguration);False;False;0.9034152775648784;0.09658472243512224
metron-platform\metron-enrichment\src\main\java\org\apache\metron\enrichment\writer\simplehbaseenrichmentwriter.java@org.apache.metron.enrichment.writer.simplehbaseenrichmentwriter.transform(jsonobject);False;False;0.9034152775648784;0.09658472243512224
metron-platform\metron-enrichment\src\main\java\org\apache\metron\enrichment\writer\simplehbaseenrichmentwriter.java@org.apache.metron.enrichment.writer.simplehbaseenrichmentwriter.validateenrichmenttype(string,writerconfiguration);False;False;0.9034152775648784;0.09658472243512224
metron-platform\metron-enrichment\src\main\java\org\apache\metron\enrichment\writer\simplehbaseenrichmentwriter.java@org.apache.metron.enrichment.writer.simplehbaseenrichmentwriter.validatekeycolumns(string,writerconfiguration);False;False;0.9034152775648784;0.09658472243512224
metron-platform\metron-enrichment\src\main\java\org\apache\metron\enrichment\writer\simplehbaseenrichmentwriter.java@org.apache.metron.enrichment.writer.simplehbaseenrichmentwriter.write(string,writerconfiguration,iterable,list);False;False;0.9034152775648784;0.09658472243512224
metron-platform\metron-enrichment\src\main\java\org\apache\metron\threatintel\triage\threattriageprocessor.java@org.apache.metron.threatintel.triage.threattriageprocessor.threattriageprocessor(sensorenrichmentconfig,functionresolver,context);False;False;0.9034152775648784;0.09658472243512224
metron-platform\metron-enrichment\src\main\java\org\apache\metron\threatintel\triage\threattriageprocessor.java@org.apache.metron.threatintel.triage.threattriageprocessor.apply(map);False;False;0.9034152775648784;0.09658472243512224
metron-platform\metron-enrichment\src\main\java\org\apache\metron\threatintel\triage\threattriageprocessor.java@org.apache.metron.threatintel.triage.threattriageprocessor.execute(string,stellarprocessor,variableresolver,class);False;False;0.9034152775648784;0.09658472243512224
metron-platform\metron-enrichment\src\main\java\org\apache\metron\threatintel\triage\threattriageprocessor.java@org.apache.metron.threatintel.triage.threattriageprocessor.getrisklevelrules();False;False;1.0;0.0
metron-platform\metron-enrichment\src\main\java\org\apache\metron\threatintel\triage\threattriageprocessor.java@org.apache.metron.threatintel.triage.threattriageprocessor.getsensorconfig();False;False;1.0;0.0
metron-platform\metron-enrichment\src\main\java\org\apache\metron\threatintel\triage\threattriageprocessor.java@org.apache.metron.threatintel.triage.threattriageprocessor.tostring();False;False;1.0;0.0
metron-platform\metron-enrichment\src\test\java\org\apache\metron\enrichment\adapters\geo\geoadaptertest.java@org.apache.metron.enrichment.adapters.geo.geoadaptertest.setuponce();False;False;0.988;0.012
metron-platform\metron-enrichment\src\test\java\org\apache\metron\enrichment\adapters\geo\geoadaptertest.java@org.apache.metron.enrichment.adapters.geo.geoadaptertest.testenrich();False;False;0.9955;0.0045
metron-platform\metron-enrichment\src\test\java\org\apache\metron\enrichment\adapters\geo\geoadaptertest.java@org.apache.metron.enrichment.adapters.geo.geoadaptertest.testenrichnonstring();False;False;0.9919;0.0081
metron-platform\metron-enrichment\src\test\java\org\apache\metron\enrichment\adapters\geo\geolitedatabasetest.java@org.apache.metron.enrichment.adapters.geo.geolitedatabasetest.setup();False;False;0.96;0.04
metron-platform\metron-enrichment\src\test\java\org\apache\metron\enrichment\adapters\geo\geolitedatabasetest.java@org.apache.metron.enrichment.adapters.geo.geolitedatabasetest.setuponce();False;False;0.977;0.023
metron-platform\metron-enrichment\src\test\java\org\apache\metron\enrichment\adapters\geo\geolitedatabasetest.java@org.apache.metron.enrichment.adapters.geo.geolitedatabasetest.testdifferingupdateifnecessary();False;False;0.9955;0.0045
metron-platform\metron-enrichment\src\test\java\org\apache\metron\enrichment\adapters\geo\geolitedatabasetest.java@org.apache.metron.enrichment.adapters.geo.geolitedatabasetest.testexternaladdressnotfound();False;False;0.994;0.006
metron-platform\metron-enrichment\src\test\java\org\apache\metron\enrichment\adapters\geo\geolitedatabasetest.java@org.apache.metron.enrichment.adapters.geo.geolitedatabasetest.testgetlocal();False;False;0.997;0.003
metron-platform\metron-enrichment\src\test\java\org\apache\metron\enrichment\adapters\geo\geolitedatabasetest.java@org.apache.metron.enrichment.adapters.geo.geolitedatabasetest.testgetremotenodma();False;False;0.987;0.013
metron-platform\metron-enrichment\src\test\java\org\apache\metron\enrichment\adapters\geo\geolitedatabasetest.java@org.apache.metron.enrichment.adapters.geo.geolitedatabasetest.testgetremotewithdma();False;False;0.993;0.007
metron-platform\metron-enrichment\src\test\java\org\apache\metron\enrichment\adapters\geo\geolitedatabasetest.java@org.apache.metron.enrichment.adapters.geo.geolitedatabasetest.testmultipleupdateifnecessary();False;False;0.998;0.002
metron-platform\metron-enrichment\src\test\java\org\apache\metron\enrichment\adapters\geo\geolitedatabasetest.java@org.apache.metron.enrichment.adapters.geo.geolitedatabasetest.testmultipleupdates();False;False;1.0;0.0
metron-platform\metron-enrichment\src\test\java\org\apache\metron\enrichment\adapters\geo\geolitedatabasetest.java@org.apache.metron.enrichment.adapters.geo.geolitedatabasetest.testupdateifnecessary();False;False;1.0;0.0
metron-platform\metron-enrichment\src\test\java\org\apache\metron\enrichment\adapters\host\hostfromjsonlistadaptertest.java@org.apache.metron.enrichment.adapters.host.hostfromjsonlistadaptertest.parsejson();False;False;0.995;0.005
metron-platform\metron-enrichment\src\test\java\org\apache\metron\enrichment\adapters\host\hostfromjsonlistadaptertest.java@org.apache.metron.enrichment.adapters.host.hostfromjsonlistadaptertest.testenrich();False;False;0.995;0.005
metron-platform\metron-enrichment\src\test\java\org\apache\metron\enrichment\adapters\host\hostfromjsonlistadaptertest.java@org.apache.metron.enrichment.adapters.host.hostfromjsonlistadaptertest.testenrichnonstring();False;False;0.999;0.001
metron-platform\metron-enrichment\src\test\java\org\apache\metron\enrichment\adapters\host\hostfromjsonlistadaptertest.java@org.apache.metron.enrichment.adapters.host.hostfromjsonlistadaptertest.testinitializeadapter();False;False;1.0;0.0
metron-platform\metron-enrichment\src\test\java\org\apache\metron\enrichment\adapters\host\hostfrompropertiesfileadaptertest.java@org.apache.metron.enrichment.adapters.host.hostfrompropertiesfileadaptertest.parsejson();False;False;0.992;0.008
metron-platform\metron-enrichment\src\test\java\org\apache\metron\enrichment\adapters\host\hostfrompropertiesfileadaptertest.java@org.apache.metron.enrichment.adapters.host.hostfrompropertiesfileadaptertest.testenrich();False;False;1.0;0.0
metron-platform\metron-enrichment\src\test\java\org\apache\metron\enrichment\adapters\host\hostfrompropertiesfileadaptertest.java@org.apache.metron.enrichment.adapters.host.hostfrompropertiesfileadaptertest.testinitializeadapter();False;False;0.96;0.04
metron-platform\metron-enrichment\src\test\java\org\apache\metron\enrichment\adapters\jdbc\mysqlconfigtest.java@org.apache.metron.enrichment.adapters.jdbc.mysqlconfigtest.setupjdbc();False;False;0.988;0.012
metron-platform\metron-enrichment\src\test\java\org\apache\metron\enrichment\adapters\jdbc\mysqlconfigtest.java@org.apache.metron.enrichment.adapters.jdbc.mysqlconfigtest.testgetjdbcurl();False;False;1.0;0.0
metron-platform\metron-enrichment\src\test\java\org\apache\metron\enrichment\adapters\simplehbase\simplehbaseadaptertest.java@org.apache.metron.enrichment.adapters.simplehbase.simplehbaseadaptertest.setup();False;False;0.974;0.026
metron-platform\metron-enrichment\src\test\java\org\apache\metron\enrichment\adapters\simplehbase\simplehbaseadaptertest.java@org.apache.metron.enrichment.adapters.simplehbase.simplehbaseadaptertest.testenrich();False;False;0.996;0.004
metron-platform\metron-enrichment\src\test\java\org\apache\metron\enrichment\adapters\simplehbase\simplehbaseadaptertest.java@org.apache.metron.enrichment.adapters.simplehbase.simplehbaseadaptertest.testenrichnonstringvalue();False;False;0.989;0.011
metron-platform\metron-enrichment\src\test\java\org\apache\metron\enrichment\adapters\simplehbase\simplehbaseadaptertest.java@org.apache.metron.enrichment.adapters.simplehbase.simplehbaseadaptertest.testinitializeadapter();False;False;0.95;0.05
metron-platform\metron-enrichment\src\test\java\org\apache\metron\enrichment\adapters\simplehbase\simplehbaseadaptertest.java@org.apache.metron.enrichment.adapters.simplehbase.simplehbaseadaptertest.testmulticolumnfamilies();False;False;0.996;0.004
metron-platform\metron-enrichment\src\test\java\org\apache\metron\enrichment\adapters\simplehbase\simplehbaseadaptertest.java@org.apache.metron.enrichment.adapters.simplehbase.simplehbaseadaptertest.testmulticolumnfamilieswrongcf();False;False;0.995;0.005
metron-platform\metron-enrichment\src\test\java\org\apache\metron\enrichment\adapters\simplehbase\simplehbaseconfigtest.java@org.apache.metron.enrichment.adapters.simplehbase.simplehbaseconfigtest.test();False;False;0.997;0.003
metron-platform\metron-enrichment\src\test\java\org\apache\metron\enrichment\adapters\stellar\stellaradaptertest.java@org.apache.metron.enrichment.adapters.stellar.stellaradaptertest.enrich(jsonobject,string,confighandler);False;False;0.9034152775648784;0.09658472243512224
metron-platform\metron-enrichment\src\test\java\org\apache\metron\enrichment\adapters\stellar\stellaradaptertest.java@org.apache.metron.enrichment.adapters.stellar.stellaradaptertest.testmapenrichment(string,string);False;False;0.9034152775648784;0.09658472243512224
metron-platform\metron-enrichment\src\test\java\org\apache\metron\enrichment\adapters\stellar\stellaradaptertest.java@org.apache.metron.enrichment.adapters.stellar.stellaradaptertest.testmapenrichment_default();False;False;1.0;0.0
metron-platform\metron-enrichment\src\test\java\org\apache\metron\enrichment\adapters\stellar\stellaradaptertest.java@org.apache.metron.enrichment.adapters.stellar.stellaradaptertest.testmapenrichment_subgroup();False;False;1.0;0.0
metron-platform\metron-enrichment\src\test\java\org\apache\metron\enrichment\adapters\stellar\stellaradaptertest.java@org.apache.metron.enrichment.adapters.stellar.stellaradaptertest.test_default();False;False;0.995;0.005
metron-platform\metron-enrichment\src\test\java\org\apache\metron\enrichment\adapters\stellar\stellaradaptertest.java@org.apache.metron.enrichment.adapters.stellar.stellaradaptertest.test_grouped();False;False;1.0;0.0
metron-platform\metron-enrichment\src\test\java\org\apache\metron\enrichment\adapters\stellar\stellaradaptertest.java@org.apache.metron.enrichment.adapters.stellar.stellaradaptertest.test_mixed();False;False;1.0;0.0
metron-platform\metron-enrichment\src\test\java\org\apache\metron\enrichment\adapters\stellar\stellaradaptertest.java@org.apache.metron.enrichment.adapters.stellar.stellaradaptertest.test_tempvariable();False;False;1.0;0.0
metron-platform\metron-enrichment\src\test\java\org\apache\metron\enrichment\adapters\threatintel\threatinteladaptertest.java@org.apache.metron.enrichment.adapters.threatintel.exceptionprovider.gettable(configuration,string);False;False;0.9034152775648784;0.09658472243512224
metron-platform\metron-enrichment\src\test\java\org\apache\metron\enrichment\adapters\threatintel\threatinteladaptertest.java@org.apache.metron.enrichment.adapters.threatintel.threatinteladaptertest.gettable(configuration,string);False;False;0.9034152775648784;0.09658472243512224
metron-platform\metron-enrichment\src\test\java\org\apache\metron\enrichment\adapters\threatintel\threatinteladaptertest.java@org.apache.metron.enrichment.adapters.threatintel.threatinteladaptertest.setup();False;False;0.982;0.018
metron-platform\metron-enrichment\src\test\java\org\apache\metron\enrichment\adapters\threatintel\threatinteladaptertest.java@org.apache.metron.enrichment.adapters.threatintel.threatinteladaptertest.testenrich();False;False;0.994;0.006
metron-platform\metron-enrichment\src\test\java\org\apache\metron\enrichment\adapters\threatintel\threatinteladaptertest.java@org.apache.metron.enrichment.adapters.threatintel.threatinteladaptertest.testenrichnonstring();False;False;0.998;0.002
metron-platform\metron-enrichment\src\test\java\org\apache\metron\enrichment\adapters\threatintel\threatinteladaptertest.java@org.apache.metron.enrichment.adapters.threatintel.threatinteladaptertest.testinitializeadapter();False;False;0.999;0.001
metron-platform\metron-enrichment\src\test\java\org\apache\metron\enrichment\adapters\threatintel\threatintelconfigtest.java@org.apache.metron.enrichment.adapters.threatintel.threatintelconfigtest.test();False;False;0.9904166666666667;0.009583333333333333
metron-platform\metron-enrichment\src\test\java\org\apache\metron\enrichment\bolt\bulkmessagewriterbolttest.java@org.apache.metron.enrichment.bolt.bulkmessagewriterbolttest.messagelistmatcher(list);False;False;0.9034152775648784;0.09658472243512224
metron-platform\metron-enrichment\src\test\java\org\apache\metron\enrichment\bolt\bulkmessagewriterbolttest.java@org.apache.metron.enrichment.bolt.bulkmessagewriterbolttest.describeto(description);False;False;1.0;0.0
metron-platform\metron-enrichment\src\test\java\org\apache\metron\enrichment\bolt\bulkmessagewriterbolttest.java@org.apache.metron.enrichment.bolt.bulkmessagewriterbolttest.matches(object);False;False;0.971;0.029
metron-platform\metron-enrichment\src\test\java\org\apache\metron\enrichment\bolt\bulkmessagewriterbolttest.java@org.apache.metron.enrichment.bolt.bulkmessagewriterbolttest.parsemessages();False;False;0.967;0.033
metron-platform\metron-enrichment\src\test\java\org\apache\metron\enrichment\bolt\bulkmessagewriterbolttest.java@org.apache.metron.enrichment.bolt.bulkmessagewriterbolttest.testflushonbatchsize();True;False;0.9034152775648784;0.09658472243512224
metron-platform\metron-enrichment\src\test\java\org\apache\metron\enrichment\bolt\bulkmessagewriterbolttest.java@org.apache.metron.enrichment.bolt.bulkmessagewriterbolttest.testflushonbatchtimeout();True;False;0.963;0.037
metron-platform\metron-enrichment\src\test\java\org\apache\metron\enrichment\bolt\bulkmessagewriterbolttest.java@org.apache.metron.enrichment.bolt.bulkmessagewriterbolttest.testflushonticktuple();True;False;0.968;0.032
metron-platform\metron-enrichment\src\test\java\org\apache\metron\enrichment\bolt\bulkmessagewriterbolttest.java@org.apache.metron.enrichment.bolt.bulkmessagewriterbolttest.testmessageinvalid();True;False;0.9034152775648784;0.09658472243512224
metron-platform\metron-enrichment\src\test\java\org\apache\metron\enrichment\bolt\bulkmessagewriterbolttest.java@org.apache.metron.enrichment.bolt.bulkmessagewriterbolttest.testsensortypemissing();True;False;0.891;0.109
metron-platform\metron-enrichment\src\test\java\org\apache\metron\enrichment\bolt\bulkmessagewriterbolttest.java@org.apache.metron.enrichment.bolt.bulkmessagewriterbolttest.testsourcetypemissing();True;False;0.9034152775648784;0.09658472243512224
metron-platform\metron-enrichment\src\test\java\org\apache\metron\enrichment\bolt\bulkmessagewriterbolttest.java@org.apache.metron.enrichment.bolt.messagelistmatcher.messagelistmatcher(list);False;False;0.9034152775648784;0.09658472243512224
metron-platform\metron-enrichment\src\test\java\org\apache\metron\enrichment\bolt\bulkmessagewriterbolttest.java@org.apache.metron.enrichment.bolt.messagelistmatcher.describeto(description);False;False;0.9034152775648784;0.09658472243512224
metron-platform\metron-enrichment\src\test\java\org\apache\metron\enrichment\bolt\bulkmessagewriterbolttest.java@org.apache.metron.enrichment.bolt.messagelistmatcher.matches(object);False;False;0.9034152775648784;0.09658472243512224
metron-platform\metron-enrichment\src\test\java\org\apache\metron\enrichment\bolt\enrichmentjoinbolttest.java@org.apache.metron.enrichment.bolt.enrichmentjoinbolttest.parsemessages();False;False;0.954;0.046
metron-platform\metron-enrichment\src\test\java\org\apache\metron\enrichment\bolt\enrichmentjoinbolttest.java@org.apache.metron.enrichment.bolt.enrichmentjoinbolttest.test();False;False;0.998;0.002
metron-platform\metron-enrichment\src\test\java\org\apache\metron\enrichment\bolt\enrichmentsplitterbolttest.java@org.apache.metron.enrichment.bolt.enrichmentsplitterbolttest.removetimingfields(jsonobject);False;False;0.999;0.001
metron-platform\metron-enrichment\src\test\java\org\apache\metron\enrichment\bolt\enrichmentsplitterbolttest.java@org.apache.metron.enrichment.bolt.enrichmentsplitterbolttest.test();False;False;0.94775;0.05225
metron-platform\metron-enrichment\src\test\java\org\apache\metron\enrichment\bolt\genericenrichmentbolttest.java@org.apache.metron.enrichment.bolt.enrichedmessagematcher.enrichedmessagematcher(string,jsonobject);False;False;0.9034152775648784;0.09658472243512224
metron-platform\metron-enrichment\src\test\java\org\apache\metron\enrichment\bolt\genericenrichmentbolttest.java@org.apache.metron.enrichment.bolt.enrichedmessagematcher.describeto(description);False;False;0.9034152775648784;0.09658472243512224
metron-platform\metron-enrichment\src\test\java\org\apache\metron\enrichment\bolt\genericenrichmentbolttest.java@org.apache.metron.enrichment.bolt.enrichedmessagematcher.matches(object);False;False;0.9034152775648784;0.09658472243512224
metron-platform\metron-enrichment\src\test\java\org\apache\metron\enrichment\bolt\genericenrichmentbolttest.java@org.apache.metron.enrichment.bolt.genericenrichmentbolttest.enrichedmessagematcher(string,jsonobject);False;False;0.9034152775648784;0.09658472243512224
metron-platform\metron-enrichment\src\test\java\org\apache\metron\enrichment\bolt\genericenrichmentbolttest.java@org.apache.metron.enrichment.bolt.genericenrichmentbolttest.describeto(description);False;False;0.995;0.005
metron-platform\metron-enrichment\src\test\java\org\apache\metron\enrichment\bolt\genericenrichmentbolttest.java@org.apache.metron.enrichment.bolt.genericenrichmentbolttest.initmocks();False;False;1.0;0.0
metron-platform\metron-enrichment\src\test\java\org\apache\metron\enrichment\bolt\genericenrichmentbolttest.java@org.apache.metron.enrichment.bolt.genericenrichmentbolttest.matches(object);False;False;0.984;0.016
metron-platform\metron-enrichment\src\test\java\org\apache\metron\enrichment\bolt\genericenrichmentbolttest.java@org.apache.metron.enrichment.bolt.genericenrichmentbolttest.parsemessages();False;False;0.965;0.035
metron-platform\metron-enrichment\src\test\java\org\apache\metron\enrichment\bolt\genericenrichmentbolttest.java@org.apache.metron.enrichment.bolt.genericenrichmentbolttest.test();False;False;0.9034152775648784;0.09658472243512224
metron-platform\metron-enrichment\src\test\java\org\apache\metron\enrichment\bolt\joinbolttest.java@org.apache.metron.enrichment.bolt.joinbolttest.standalonejoinbolt(string);False;False;0.9034152775648784;0.09658472243512224
metron-platform\metron-enrichment\src\test\java\org\apache\metron\enrichment\bolt\joinbolttest.java@org.apache.metron.enrichment.bolt.joinbolttest.getstreamids(jsonobject);False;False;0.999;0.001
metron-platform\metron-enrichment\src\test\java\org\apache\metron\enrichment\bolt\joinbolttest.java@org.apache.metron.enrichment.bolt.joinbolttest.joinmessages(map,messagegetstrategy);False;False;0.9034152775648784;0.09658472243512224
metron-platform\metron-enrichment\src\test\java\org\apache\metron\enrichment\bolt\joinbolttest.java@org.apache.metron.enrichment.bolt.joinbolttest.parsemessages();False;False;0.9034152775648784;0.09658472243512224
metron-platform\metron-enrichment\src\test\java\org\apache\metron\enrichment\bolt\joinbolttest.java@org.apache.metron.enrichment.bolt.joinbolttest.testdeclareoutputfields();False;False;0.997;0.003
metron-platform\metron-enrichment\src\test\java\org\apache\metron\enrichment\bolt\joinbolttest.java@org.apache.metron.enrichment.bolt.joinbolttest.testexecute();False;False;0.993;0.007
metron-platform\metron-enrichment\src\test\java\org\apache\metron\enrichment\bolt\joinbolttest.java@org.apache.metron.enrichment.bolt.joinbolttest.testexecuteshouldreporterror();False;False;0.969;0.031
metron-platform\metron-enrichment\src\test\java\org\apache\metron\enrichment\bolt\joinbolttest.java@org.apache.metron.enrichment.bolt.joinbolttest.testprepare();False;False;0.9034152775648784;0.09658472243512224
metron-platform\metron-enrichment\src\test\java\org\apache\metron\enrichment\bolt\joinbolttest.java@org.apache.metron.enrichment.bolt.standalonejoinbolt.standalonejoinbolt(string);False;False;0.9034152775648784;0.09658472243512224
metron-platform\metron-enrichment\src\test\java\org\apache\metron\enrichment\bolt\joinbolttest.java@org.apache.metron.enrichment.bolt.standalonejoinbolt.getstreamids(jsonobject);False;False;0.9034152775648784;0.09658472243512224
metron-platform\metron-enrichment\src\test\java\org\apache\metron\enrichment\bolt\joinbolttest.java@org.apache.metron.enrichment.bolt.standalonejoinbolt.joinmessages(map,messagegetstrategy);False;False;0.9034152775648784;0.09658472243512224
metron-platform\metron-enrichment\src\test\java\org\apache\metron\enrichment\bolt\splitbolttest.java@org.apache.metron.enrichment.bolt.splitbolttest.standalonesplitbolt(string);False;False;0.9034152775648784;0.09658472243512224
metron-platform\metron-enrichment\src\test\java\org\apache\metron\enrichment\bolt\splitbolttest.java@org.apache.metron.enrichment.bolt.splitbolttest.generatemessage(tuple);False;False;0.986;0.014
metron-platform\metron-enrichment\src\test\java\org\apache\metron\enrichment\bolt\splitbolttest.java@org.apache.metron.enrichment.bolt.splitbolttest.getkey(tuple,jsonobject);False;False;0.9034152775648784;0.09658472243512224
metron-platform\metron-enrichment\src\test\java\org\apache\metron\enrichment\bolt\splitbolttest.java@org.apache.metron.enrichment.bolt.splitbolttest.getstreamids();False;False;1.0;0.0
metron-platform\metron-enrichment\src\test\java\org\apache\metron\enrichment\bolt\splitbolttest.java@org.apache.metron.enrichment.bolt.splitbolttest.splitmessage(jsonobject);False;False;1.0;0.0
metron-platform\metron-enrichment\src\test\java\org\apache\metron\enrichment\bolt\splitbolttest.java@org.apache.metron.enrichment.bolt.splitbolttest.test();False;False;0.9034152775648784;0.09658472243512224
metron-platform\metron-enrichment\src\test\java\org\apache\metron\enrichment\bolt\splitbolttest.java@org.apache.metron.enrichment.bolt.standalonesplitbolt.standalonesplitbolt(string);False;False;0.9034152775648784;0.09658472243512224
metron-platform\metron-enrichment\src\test\java\org\apache\metron\enrichment\bolt\splitbolttest.java@org.apache.metron.enrichment.bolt.standalonesplitbolt.generatemessage(tuple);False;False;0.9034152775648784;0.09658472243512224
metron-platform\metron-enrichment\src\test\java\org\apache\metron\enrichment\bolt\splitbolttest.java@org.apache.metron.enrichment.bolt.standalonesplitbolt.getkey(tuple,jsonobject);False;False;0.9034152775648784;0.09658472243512224
metron-platform\metron-enrichment\src\test\java\org\apache\metron\enrichment\bolt\splitbolttest.java@org.apache.metron.enrichment.bolt.standalonesplitbolt.getstreamids();False;False;0.9851351218008023;0.014864878199197096
metron-platform\metron-enrichment\src\test\java\org\apache\metron\enrichment\bolt\splitbolttest.java@org.apache.metron.enrichment.bolt.standalonesplitbolt.splitmessage(jsonobject);False;False;0.9034152775648784;0.09658472243512224
metron-platform\metron-enrichment\src\test\java\org\apache\metron\enrichment\bolt\threatinteljoinbolttest.java@org.apache.metron.enrichment.bolt.threatinteljoinbolttest.parsemessages();False;False;0.951;0.049
metron-platform\metron-enrichment\src\test\java\org\apache\metron\enrichment\bolt\threatinteljoinbolttest.java@org.apache.metron.enrichment.bolt.threatinteljoinbolttest.test(string,boolean);False;False;0.9034152775648784;0.09658472243512224
metron-platform\metron-enrichment\src\test\java\org\apache\metron\enrichment\bolt\threatinteljoinbolttest.java@org.apache.metron.enrichment.bolt.threatinteljoinbolttest.testwithbadtriagerule();False;False;1.0;0.0
metron-platform\metron-enrichment\src\test\java\org\apache\metron\enrichment\bolt\threatinteljoinbolttest.java@org.apache.metron.enrichment.bolt.threatinteljoinbolttest.testwithstellarfunction();False;False;1.0;0.0
metron-platform\metron-enrichment\src\test\java\org\apache\metron\enrichment\bolt\threatinteljoinbolttest.java@org.apache.metron.enrichment.bolt.threatinteljoinbolttest.testwithtriage();False;False;1.0;0.0
metron-platform\metron-enrichment\src\test\java\org\apache\metron\enrichment\bolt\threatinteljoinbolttest.java@org.apache.metron.enrichment.bolt.threatinteljoinbolttest.testwithouttriage();False;False;1.0;0.0
metron-platform\metron-enrichment\src\test\java\org\apache\metron\enrichment\bolt\threatintelsplitterbolttest.java@org.apache.metron.enrichment.bolt.threatintelsplitterbolttest.test();False;False;0.996;0.004
metron-platform\metron-enrichment\src\test\java\org\apache\metron\enrichment\converter\enrichmentconvertertest.java@org.apache.metron.enrichment.converter.enrichmentconvertertest.testkeyconversion();False;False;0.998;0.002
metron-platform\metron-enrichment\src\test\java\org\apache\metron\enrichment\converter\enrichmentconvertertest.java@org.apache.metron.enrichment.converter.enrichmentconvertertest.testvalueconversion();False;False;0.999;0.001
metron-platform\metron-enrichment\src\test\java\org\apache\metron\enrichment\integration\enrichmentintegrationtest.java@org.apache.metron.enrichment.integration.enrichmentintegrationtest.evaluationpayload(map,string);False;False;0.9034152775648784;0.09658472243512224
metron-platform\metron-enrichment\src\test\java\org\apache\metron\enrichment\integration\enrichmentintegrationtest.java@org.apache.metron.enrichment.integration.enrichmentintegrationtest.hostenrichments(predicate);False;False;0.9034152775648784;0.09658472243512224
metron-platform\metron-enrichment\src\test\java\org\apache\metron\enrichment\integration\enrichmentintegrationtest.java@org.apache.metron.enrichment.integration.enrichmentintegrationtest.apply(evaluationpayload);False;False;0.996;0.004
metron-platform\metron-enrichment\src\test\java\org\apache\metron\enrichment\integration\enrichmentintegrationtest.java@org.apache.metron.enrichment.integration.enrichmentintegrationtest.apply(kafkamessageset);False;True;0.3585;0.6415
metron-platform\metron-enrichment\src\test\java\org\apache\metron\enrichment\integration\enrichmentintegrationtest.java@org.apache.metron.enrichment.integration.enrichmentintegrationtest.assertenrichmentsexists(string,set,set);False;False;0.9034152775648784;0.09658472243512224
metron-platform\metron-enrichment\src\test\java\org\apache\metron\enrichment\integration\enrichmentintegrationtest.java@org.apache.metron.enrichment.integration.enrichmentintegrationtest.basevalidation(map);False;False;0.9034152775648784;0.09658472243512224
metron-platform\metron-enrichment\src\test\java\org\apache\metron\enrichment\integration\enrichmentintegrationtest.java@org.apache.metron.enrichment.integration.enrichmentintegrationtest.dumpparsedmessages(list,stringbuffer);False;False;0.9034152775648784;0.09658472243512224
metron-platform\metron-enrichment\src\test\java\org\apache\metron\enrichment\integration\enrichmentintegrationtest.java@org.apache.metron.enrichment.integration.enrichmentintegrationtest.fluxpath();False;False;0.9876666666666667;0.012333333333333332
metron-platform\metron-enrichment\src\test\java\org\apache\metron\enrichment\integration\enrichmentintegrationtest.java@org.apache.metron.enrichment.integration.enrichmentintegrationtest.geoenrichmentvalidation(map);False;False;0.9034152775648784;0.09658472243512224
metron-platform\metron-enrichment\src\test\java\org\apache\metron\enrichment\integration\enrichmentintegrationtest.java@org.apache.metron.enrichment.integration.enrichmentintegrationtest.getinputmessages(string);False;False;0.9034152775648784;0.09658472243512224
metron-platform\metron-enrichment\src\test\java\org\apache\metron\enrichment\integration\enrichmentintegrationtest.java@org.apache.metron.enrichment.integration.enrichmentintegrationtest.getprocessor();False;False;0.9034152775648784;0.09658472243512224
metron-platform\metron-enrichment\src\test\java\org\apache\metron\enrichment\integration\enrichmentintegrationtest.java@org.apache.metron.enrichment.integration.enrichmentintegrationtest.gettemplatepath();False;False;1.0;0.0
metron-platform\metron-enrichment\src\test\java\org\apache\metron\enrichment\integration\enrichmentintegrationtest.java@org.apache.metron.enrichment.integration.enrichmentintegrationtest.gettopologyproperties();False;False;0.9137928571428572;0.08620714285714286
metron-platform\metron-enrichment\src\test\java\org\apache\metron\enrichment\integration\enrichmentintegrationtest.java@org.apache.metron.enrichment.integration.enrichmentintegrationtest.hostenrichmentvalidation(map);False;False;0.9034152775648784;0.09658472243512224
metron-platform\metron-enrichment\src\test\java\org\apache\metron\enrichment\integration\enrichmentintegrationtest.java@org.apache.metron.enrichment.integration.enrichmentintegrationtest.keypatternexists(string,map);False;False;0.9034152775648784;0.09658472243512224
metron-platform\metron-enrichment\src\test\java\org\apache\metron\enrichment\integration\enrichmentintegrationtest.java@org.apache.metron.enrichment.integration.enrichmentintegrationtest.loadmessages(list);False;False;0.9034152775648784;0.09658472243512224
metron-platform\metron-enrichment\src\test\java\org\apache\metron\enrichment\integration\enrichmentintegrationtest.java@org.apache.metron.enrichment.integration.enrichmentintegrationtest.setof(string);False;False;0.994;0.006
metron-platform\metron-enrichment\src\test\java\org\apache\metron\enrichment\integration\enrichmentintegrationtest.java@org.apache.metron.enrichment.integration.enrichmentintegrationtest.setuponce();False;False;0.998;0.002
metron-platform\metron-enrichment\src\test\java\org\apache\metron\enrichment\integration\enrichmentintegrationtest.java@org.apache.metron.enrichment.integration.enrichmentintegrationtest.simpleenrichmentvalidation(map);False;False;0.9034152775648784;0.09658472243512224
metron-platform\metron-enrichment\src\test\java\org\apache\metron\enrichment\integration\enrichmentintegrationtest.java@org.apache.metron.enrichment.integration.enrichmentintegrationtest.test();False;False;0.8447681096681096;0.15523189033189033
metron-platform\metron-enrichment\src\test\java\org\apache\metron\enrichment\integration\enrichmentintegrationtest.java@org.apache.metron.enrichment.integration.enrichmentintegrationtest.threatintelvalidation(map);False;False;0.9034152775648784;0.09658472243512224
metron-platform\metron-enrichment\src\test\java\org\apache\metron\enrichment\integration\enrichmentintegrationtest.java@org.apache.metron.enrichment.integration.enrichmentintegrationtest.validateall(list);False;False;0.9034152775648784;0.09658472243512224
metron-platform\metron-enrichment\src\test\java\org\apache\metron\enrichment\integration\enrichmentintegrationtest.java@org.apache.metron.enrichment.integration.enrichmentintegrationtest.validateerrors(list);False;False;0.9034152775648784;0.09658472243512224
metron-platform\metron-enrichment\src\test\java\org\apache\metron\enrichment\integration\enrichmentintegrationtest.java@org.apache.metron.enrichment.integration.evaluationpayload.evaluationpayload(map,string);False;False;0.9034152775648784;0.09658472243512224
metron-platform\metron-enrichment\src\test\java\org\apache\metron\enrichment\integration\unifiedenrichmentintegrationtest.java@org.apache.metron.enrichment.integration.unifiedenrichmentintegrationtest.fluxpath();False;False;1.0;0.0
metron-platform\metron-enrichment\src\test\java\org\apache\metron\enrichment\integration\unifiedenrichmentintegrationtest.java@org.apache.metron.enrichment.integration.unifiedenrichmentintegrationtest.gettemplatepath();False;False;0.992;0.008
metron-platform\metron-enrichment\src\test\java\org\apache\metron\enrichment\integration\unifiedenrichmentintegrationtest.java@org.apache.metron.enrichment.integration.unifiedenrichmentintegrationtest.gettopologyproperties();False;False;0.8854;0.11460000000000001
metron-platform\metron-enrichment\src\test\java\org\apache\metron\enrichment\integration\components\configuploadcomponent.java@org.apache.metron.enrichment.integration.components.configuploadcomponent.getenrichmentconfigspath();False;False;1.0;0.0
metron-platform\metron-enrichment\src\test\java\org\apache\metron\enrichment\integration\components\configuploadcomponent.java@org.apache.metron.enrichment.integration.components.configuploadcomponent.getglobalconfig();False;False;1.0;0.0
metron-platform\metron-enrichment\src\test\java\org\apache\metron\enrichment\integration\components\configuploadcomponent.java@org.apache.metron.enrichment.integration.components.configuploadcomponent.getglobalconfigpath();False;False;1.0;0.0
metron-platform\metron-enrichment\src\test\java\org\apache\metron\enrichment\integration\components\configuploadcomponent.java@org.apache.metron.enrichment.integration.components.configuploadcomponent.getindexingconfigspath();False;False;1.0;0.0
metron-platform\metron-enrichment\src\test\java\org\apache\metron\enrichment\integration\components\configuploadcomponent.java@org.apache.metron.enrichment.integration.components.configuploadcomponent.getparserconfigspath();False;False;1.0;0.0
metron-platform\metron-enrichment\src\test\java\org\apache\metron\enrichment\integration\components\configuploadcomponent.java@org.apache.metron.enrichment.integration.components.configuploadcomponent.getparsersensorconfigs();False;False;1.0;0.0
metron-platform\metron-enrichment\src\test\java\org\apache\metron\enrichment\integration\components\configuploadcomponent.java@org.apache.metron.enrichment.integration.components.configuploadcomponent.getpoststartcallback();False;False;1.0;0.0
metron-platform\metron-enrichment\src\test\java\org\apache\metron\enrichment\integration\components\configuploadcomponent.java@org.apache.metron.enrichment.integration.components.configuploadcomponent.getprofilerconfigpath();False;False;1.0;0.0
metron-platform\metron-enrichment\src\test\java\org\apache\metron\enrichment\integration\components\configuploadcomponent.java@org.apache.metron.enrichment.integration.components.configuploadcomponent.getsensorparserconfig(string);False;False;0.9034152775648784;0.09658472243512224
metron-platform\metron-enrichment\src\test\java\org\apache\metron\enrichment\integration\components\configuploadcomponent.java@org.apache.metron.enrichment.integration.components.configuploadcomponent.gettopologyproperties();False;False;1.0;0.0
metron-platform\metron-enrichment\src\test\java\org\apache\metron\enrichment\integration\components\configuploadcomponent.java@org.apache.metron.enrichment.integration.components.configuploadcomponent.start();False;False;1.0;0.0
metron-platform\metron-enrichment\src\test\java\org\apache\metron\enrichment\integration\components\configuploadcomponent.java@org.apache.metron.enrichment.integration.components.configuploadcomponent.update();False;False;0.9034152775648784;0.09658472243512224
metron-platform\metron-enrichment\src\test\java\org\apache\metron\enrichment\integration\components\configuploadcomponent.java@org.apache.metron.enrichment.integration.components.configuploadcomponent.withconnectionstring(string);False;False;1.0;0.0
metron-platform\metron-enrichment\src\test\java\org\apache\metron\enrichment\integration\components\configuploadcomponent.java@org.apache.metron.enrichment.integration.components.configuploadcomponent.withenrichmentconfigspath(string);False;False;1.0;0.0
metron-platform\metron-enrichment\src\test\java\org\apache\metron\enrichment\integration\components\configuploadcomponent.java@org.apache.metron.enrichment.integration.components.configuploadcomponent.withglobalconfig(string);False;False;1.0;0.0
metron-platform\metron-enrichment\src\test\java\org\apache\metron\enrichment\integration\components\configuploadcomponent.java@org.apache.metron.enrichment.integration.components.configuploadcomponent.withglobalconfigspath(string);False;False;1.0;0.0
metron-platform\metron-enrichment\src\test\java\org\apache\metron\enrichment\integration\components\configuploadcomponent.java@org.apache.metron.enrichment.integration.components.configuploadcomponent.withindexingconfigspath(string);False;False;1.0;0.0
metron-platform\metron-enrichment\src\test\java\org\apache\metron\enrichment\integration\components\configuploadcomponent.java@org.apache.metron.enrichment.integration.components.configuploadcomponent.withparserconfigspath(string);False;False;1.0;0.0
metron-platform\metron-enrichment\src\test\java\org\apache\metron\enrichment\integration\components\configuploadcomponent.java@org.apache.metron.enrichment.integration.components.configuploadcomponent.withparsersensorconfig(string,sensorparserconfig);False;False;0.9034152775648784;0.09658472243512224
metron-platform\metron-enrichment\src\test\java\org\apache\metron\enrichment\integration\components\configuploadcomponent.java@org.apache.metron.enrichment.integration.components.configuploadcomponent.withpoststartcallback(consumer);False;False;0.9034152775648784;0.09658472243512224
metron-platform\metron-enrichment\src\test\java\org\apache\metron\enrichment\integration\components\configuploadcomponent.java@org.apache.metron.enrichment.integration.components.configuploadcomponent.withprofilerconfigspath(string);False;False;1.0;0.0
metron-platform\metron-enrichment\src\test\java\org\apache\metron\enrichment\integration\components\configuploadcomponent.java@org.apache.metron.enrichment.integration.components.configuploadcomponent.withtopologyproperties(properties);False;False;1.0;0.0
metron-platform\metron-enrichment\src\test\java\org\apache\metron\enrichment\integration\mock\mockhbaseconnector.java@org.apache.metron.enrichment.integration.mock.mockhbaseconnector.mockhbaseconnector(tupletableconfig,string,string);False;False;0.9034152775648784;0.09658472243512224
metron-platform\metron-enrichment\src\test\java\org\apache\metron\enrichment\integration\mock\mockhbaseconnector.java@org.apache.metron.enrichment.integration.mock.mockhbaseconnector.clear();False;False;0.996;0.004
metron-platform\metron-enrichment\src\test\java\org\apache\metron\enrichment\integration\mock\mockhbaseconnector.java@org.apache.metron.enrichment.integration.mock.mockhbaseconnector.getputs();False;False;1.0;0.0
metron-platform\metron-enrichment\src\test\java\org\apache\metron\enrichment\integration\mock\mockhbaseconnector.java@org.apache.metron.enrichment.integration.mock.mockhbaseconnector.put(put);False;False;0.984;0.016
metron-platform\metron-enrichment\src\test\java\org\apache\metron\enrichment\integration\utils\sampleutil.java@org.apache.metron.enrichment.integration.utils.sampleutil.getsampleconfigs();False;False;0.993;0.007
metron-platform\metron-enrichment\src\test\java\org\apache\metron\enrichment\integration\utils\sampleutil.java@org.apache.metron.enrichment.integration.utils.sampleutil.getsampleenrichmentconfigs();False;False;0.998;0.002
metron-platform\metron-enrichment\src\test\java\org\apache\metron\enrichment\integration\utils\sampleutil.java@org.apache.metron.enrichment.integration.utils.sampleutil.getsampleindexingconfigs();False;False;0.998;0.002
metron-platform\metron-enrichment\src\test\java\org\apache\metron\enrichment\integration\utils\sampleutil.java@org.apache.metron.enrichment.integration.utils.sampleutil.getsampleparserconfigs();False;False;0.998;0.002
metron-platform\metron-enrichment\src\test\java\org\apache\metron\enrichment\parallel\parallelenrichertest.java@org.apache.metron.enrichment.parallel.parallelenrichertest.enrich(cachekey);False;False;1.0;0.0
metron-platform\metron-enrichment\src\test\java\org\apache\metron\enrichment\parallel\parallelenrichertest.java@org.apache.metron.enrichment.parallel.parallelenrichertest.getoutputprefix(cachekey);False;False;1.0;0.0
metron-platform\metron-enrichment\src\test\java\org\apache\metron\enrichment\parallel\parallelenrichertest.java@org.apache.metron.enrichment.parallel.parallelenrichertest.initializeadapter(map);False;False;0.9034152775648784;0.09658472243512224
metron-platform\metron-enrichment\src\test\java\org\apache\metron\enrichment\parallel\parallelenrichertest.java@org.apache.metron.enrichment.parallel.parallelenrichertest.logaccess(cachekey);False;False;0.941;0.059
metron-platform\metron-enrichment\src\test\java\org\apache\metron\enrichment\parallel\parallelenrichertest.java@org.apache.metron.enrichment.parallel.parallelenrichertest.setup();False;False;0.9034152775648784;0.09658472243512224
metron-platform\metron-enrichment\src\test\java\org\apache\metron\enrichment\parallel\parallelenrichertest.java@org.apache.metron.enrichment.parallel.parallelenrichertest.testbadconfig();False;False;0.999;0.001
metron-platform\metron-enrichment\src\test\java\org\apache\metron\enrichment\parallel\parallelenrichertest.java@org.apache.metron.enrichment.parallel.parallelenrichertest.testbadconfigwrongenrichmenttype();False;False;0.9034152775648784;0.09658472243512224
metron-platform\metron-enrichment\src\test\java\org\apache\metron\enrichment\parallel\parallelenrichertest.java@org.apache.metron.enrichment.parallel.parallelenrichertest.testcachehit();False;False;0.95525;0.04475
metron-platform\metron-enrichment\src\test\java\org\apache\metron\enrichment\parallel\parallelenrichertest.java@org.apache.metron.enrichment.parallel.parallelenrichertest.testgoodconfig();False;False;0.96925;0.03075
metron-platform\metron-enrichment\src\test\java\org\apache\metron\enrichment\parallel\parallelenrichertest.java@org.apache.metron.enrichment.parallel.parallelenrichertest.testnullenrichment();False;False;0.93825;0.06175
metron-platform\metron-enrichment\src\test\java\org\apache\metron\enrichment\stellar\documentationgenerator.java@org.apache.metron.enrichment.stellar.documentationgenerator.main(string);False;False;0.9034152775648784;0.09658472243512224
metron-platform\metron-enrichment\src\test\java\org\apache\metron\enrichment\stellar\geoenrichmentfunctionstest.java@org.apache.metron.enrichment.stellar.geoenrichmentfunctionstest.run(string,map);False;False;0.9034152775648784;0.09658472243512224
metron-platform\metron-enrichment\src\test\java\org\apache\metron\enrichment\stellar\geoenrichmentfunctionstest.java@org.apache.metron.enrichment.stellar.geoenrichmentfunctionstest.setup();False;False;0.98;0.02
metron-platform\metron-enrichment\src\test\java\org\apache\metron\enrichment\stellar\geoenrichmentfunctionstest.java@org.apache.metron.enrichment.stellar.geoenrichmentfunctionstest.setuponce();False;False;0.983;0.017
metron-platform\metron-enrichment\src\test\java\org\apache\metron\enrichment\stellar\geoenrichmentfunctionstest.java@org.apache.metron.enrichment.stellar.geoenrichmentfunctionstest.testgetemptystring();False;False;1.0;0.0
metron-platform\metron-enrichment\src\test\java\org\apache\metron\enrichment\stellar\geoenrichmentfunctionstest.java@org.apache.metron.enrichment.stellar.geoenrichmentfunctionstest.testgetlocal();False;False;1.0;0.0
metron-platform\metron-enrichment\src\test\java\org\apache\metron\enrichment\stellar\geoenrichmentfunctionstest.java@org.apache.metron.enrichment.stellar.geoenrichmentfunctionstest.testgetnull();False;False;1.0;0.0
metron-platform\metron-enrichment\src\test\java\org\apache\metron\enrichment\stellar\geoenrichmentfunctionstest.java@org.apache.metron.enrichment.stellar.geoenrichmentfunctionstest.testgetremote();False;False;0.997;0.003
metron-platform\metron-enrichment\src\test\java\org\apache\metron\enrichment\stellar\geoenrichmentfunctionstest.java@org.apache.metron.enrichment.stellar.geoenrichmentfunctionstest.testgetremotemultiplefields();False;False;1.0;0.0
metron-platform\metron-enrichment\src\test\java\org\apache\metron\enrichment\stellar\geoenrichmentfunctionstest.java@org.apache.metron.enrichment.stellar.geoenrichmentfunctionstest.testgetremotesinglefield();False;False;1.0;0.0
metron-platform\metron-enrichment\src\test\java\org\apache\metron\enrichment\stellar\geoenrichmentfunctionstest.java@org.apache.metron.enrichment.stellar.geoenrichmentfunctionstest.testgettoomanyparams();False;False;0.999;0.001
metron-platform\metron-enrichment\src\test\java\org\apache\metron\enrichment\stellar\geohashfunctionstest.java@org.apache.metron.enrichment.stellar.geohashfunctionstest.getdiststellarstatement(list,optional);False;False;0.9034152775648784;0.09658472243512224
metron-platform\metron-enrichment\src\test\java\org\apache\metron\enrichment\stellar\geohashfunctionstest.java@org.apache.metron.enrichment.stellar.geohashfunctionstest.testcentroid_list();False;False;0.999;0.001
metron-platform\metron-enrichment\src\test\java\org\apache\metron\enrichment\stellar\geohashfunctionstest.java@org.apache.metron.enrichment.stellar.geohashfunctionstest.testcentroid_weighted();False;False;0.994;0.006
metron-platform\metron-enrichment\src\test\java\org\apache\metron\enrichment\stellar\geohashfunctionstest.java@org.apache.metron.enrichment.stellar.geohashfunctionstest.testdistance(optional);False;False;0.9034152775648784;0.09658472243512224
metron-platform\metron-enrichment\src\test\java\org\apache\metron\enrichment\stellar\geohashfunctionstest.java@org.apache.metron.enrichment.stellar.geohashfunctionstest.testdistancehaversine();False;False;0.9825;0.0175
metron-platform\metron-enrichment\src\test\java\org\apache\metron\enrichment\stellar\geohashfunctionstest.java@org.apache.metron.enrichment.stellar.geohashfunctionstest.testdistancelawofcosines();False;False;1.0;0.0
metron-platform\metron-enrichment\src\test\java\org\apache\metron\enrichment\stellar\geohashfunctionstest.java@org.apache.metron.enrichment.stellar.geohashfunctionstest.testdistancelawofvicenty();False;False;1.0;0.0
metron-platform\metron-enrichment\src\test\java\org\apache\metron\enrichment\stellar\geohashfunctionstest.java@org.apache.metron.enrichment.stellar.geohashfunctionstest.testhash_fromlocation();False;False;0.9883333333333334;0.011666666666666667
metron-platform\metron-enrichment\src\test\java\org\apache\metron\enrichment\stellar\geohashfunctionstest.java@org.apache.metron.enrichment.stellar.geohashfunctionstest.testhash_fromlatlong();False;False;0.9987999999999999;0.0012
metron-platform\metron-enrichment\src\test\java\org\apache\metron\enrichment\stellar\geohashfunctionstest.java@org.apache.metron.enrichment.stellar.geohashfunctionstest.testmaxdistance_allsame();False;False;0.989;0.011
metron-platform\metron-enrichment\src\test\java\org\apache\metron\enrichment\stellar\geohashfunctionstest.java@org.apache.metron.enrichment.stellar.geohashfunctionstest.testmaxdistance_differentorder();False;False;0.999;0.001
metron-platform\metron-enrichment\src\test\java\org\apache\metron\enrichment\stellar\geohashfunctionstest.java@org.apache.metron.enrichment.stellar.geohashfunctionstest.testmaxdistance_emptylist();False;False;0.999;0.001
metron-platform\metron-enrichment\src\test\java\org\apache\metron\enrichment\stellar\geohashfunctionstest.java@org.apache.metron.enrichment.stellar.geohashfunctionstest.testmaxdistance_happypath();False;False;0.999;0.001
metron-platform\metron-enrichment\src\test\java\org\apache\metron\enrichment\stellar\geohashfunctionstest.java@org.apache.metron.enrichment.stellar.geohashfunctionstest.testmaxdistance_invalidlist();False;False;0.999;0.001
metron-platform\metron-enrichment\src\test\java\org\apache\metron\enrichment\stellar\geohashfunctionstest.java@org.apache.metron.enrichment.stellar.geohashfunctionstest.testmaxdistance_nulllist();False;False;0.999;0.001
metron-platform\metron-enrichment\src\test\java\org\apache\metron\enrichment\stellar\geohashfunctionstest.java@org.apache.metron.enrichment.stellar.geohashfunctionstest.testmaxdistance_withnulls();False;False;0.999;0.001
metron-platform\metron-enrichment\src\test\java\org\apache\metron\enrichment\stellar\geohashfunctionstest.java@org.apache.metron.enrichment.stellar.geohashfunctionstest.testtolatlong_degenerate();False;False;0.996;0.004
metron-platform\metron-enrichment\src\test\java\org\apache\metron\enrichment\stellar\geohashfunctionstest.java@org.apache.metron.enrichment.stellar.geohashfunctionstest.testtolatlong_happypath();False;False;0.951;0.049
metron-platform\metron-enrichment\src\test\java\org\apache\metron\enrichment\stellar\objectgettest.java@org.apache.metron.enrichment.stellar.objectgettest.assertdataisreadcorrectly(string);False;False;0.989;0.011
metron-platform\metron-enrichment\src\test\java\org\apache\metron\enrichment\stellar\objectgettest.java@org.apache.metron.enrichment.stellar.objectgettest.setup();False;False;0.957;0.043
metron-platform\metron-enrichment\src\test\java\org\apache\metron\enrichment\stellar\objectgettest.java@org.apache.metron.enrichment.stellar.objectgettest.test();False;False;0.9576666666666667;0.04233333333333333
metron-platform\metron-enrichment\src\test\java\org\apache\metron\enrichment\stellar\objectgettest.java@org.apache.metron.enrichment.stellar.objectgettest.testmultithreaded();False;False;0.9034152775648784;0.09658472243512224
metron-platform\metron-enrichment\src\test\java\org\apache\metron\enrichment\stellar\simplehbaseenrichmentfunctionstest.java@org.apache.metron.enrichment.stellar.simplehbaseenrichmentfunctionstest.run(string,map);False;False;0.9034152775648784;0.09658472243512224
metron-platform\metron-enrichment\src\test\java\org\apache\metron\enrichment\stellar\simplehbaseenrichmentfunctionstest.java@org.apache.metron.enrichment.stellar.simplehbaseenrichmentfunctionstest.setup();False;False;0.97175;0.02825
metron-platform\metron-enrichment\src\test\java\org\apache\metron\enrichment\stellar\simplehbaseenrichmentfunctionstest.java@org.apache.metron.enrichment.stellar.simplehbaseenrichmentfunctionstest.testexists();False;False;0.999;0.001
metron-platform\metron-enrichment\src\test\java\org\apache\metron\enrichment\stellar\simplehbaseenrichmentfunctionstest.java@org.apache.metron.enrichment.stellar.simplehbaseenrichmentfunctionstest.testmultiget();False;False;0.9928333333333333;0.007166666666666667
metron-platform\metron-enrichment\src\test\java\org\apache\metron\enrichment\stellar\simplehbaseenrichmentfunctionstest.java@org.apache.metron.enrichment.stellar.simplehbaseenrichmentfunctionstest.testnotexists();False;False;1.0;0.0
metron-platform\metron-enrichment\src\test\java\org\apache\metron\enrichment\stellar\simplehbaseenrichmentfunctionstest.java@org.apache.metron.enrichment.stellar.simplehbaseenrichmentfunctionstest.testprovidedparameters();False;False;0.998;0.002
metron-platform\metron-enrichment\src\test\java\org\apache\metron\enrichment\stellar\simplehbaseenrichmentfunctionstest.java@org.apache.metron.enrichment.stellar.simplehbaseenrichmentfunctionstest.testsuccessfulget();False;False;0.999;0.001
metron-platform\metron-enrichment\src\test\java\org\apache\metron\enrichment\stellar\simplehbaseenrichmentfunctionstest.java@org.apache.metron.enrichment.stellar.simplehbaseenrichmentfunctionstest.testunsuccessfulget();False;False;0.999;0.001
metron-platform\metron-enrichment\src\test\java\org\apache\metron\threatintel\triage\threattriagetest.java@org.apache.metron.threatintel.triage.threattriagetest.getprocessor(string);False;False;0.9945;0.0055
metron-platform\metron-enrichment\src\test\java\org\apache\metron\threatintel\triage\threattriagetest.java@org.apache.metron.threatintel.triage.threattriagetest.smoketest();False;False;0.973;0.027
metron-platform\metron-enrichment\src\test\java\org\apache\metron\threatintel\triage\threattriagetest.java@org.apache.metron.threatintel.triage.threattriagetest.testinvalidreason();False;False;0.8666095698644584;0.13339043013554172
metron-platform\metron-enrichment\src\test\java\org\apache\metron\threatintel\triage\threattriagetest.java@org.apache.metron.threatintel.triage.threattriagetest.testpositivemeanaggregationscores();False;False;1.0;0.0
metron-platform\metron-enrichment\src\test\java\org\apache\metron\threatintel\triage\threattriagetest.java@org.apache.metron.threatintel.triage.threattriagetest.testreason();False;False;0.999;0.001
metron-platform\metron-enrichment\src\test\java\org\apache\metron\threatintel\triage\threattriagetest.java@org.apache.metron.threatintel.triage.threattriagetest.testthreatscorewithmultiplerules();False;False;0.998;0.002
metron-platform\metron-enrichment\src\test\java\org\apache\metron\threatintel\triage\threattriagetest.java@org.apache.metron.threatintel.triage.threattriagetest.testthreatscorewithnorules();False;False;0.997;0.003
metron-platform\metron-enrichment\src\test\java\org\apache\metron\threatintel\triage\threattriagetest.java@org.apache.metron.threatintel.triage.threattriagetest.testthreatscorewithonerule();False;False;0.998;0.002
metron-platform\metron-enrichment\src\test\java\org\apache\metron\threatintel\triage\threattriagetest.java@org.apache.metron.threatintel.triage.threattriagetest.testwithstellarfunction();False;False;0.9683333333333334;0.03166666666666666
metron-platform\metron-hbase\src\main\java\org\apache\metron\hbase\connector.java@org.apache.metron.hbase.connector.connector(tableconfig,string,string);False;False;0.9034152775648784;0.09658472243512224
metron-platform\metron-hbase\src\main\java\org\apache\metron\hbase\htableconnector.java@org.apache.metron.hbase.htableconnector.htableconnector(tableconfig,string,string);False;False;0.9034152775648784;0.09658472243512224
metron-platform\metron-hbase\src\main\java\org\apache\metron\hbase\htableconnector.java@org.apache.metron.hbase.htableconnector.close();False;False;0.9034152775648784;0.09658472243512224
metron-platform\metron-hbase\src\main\java\org\apache\metron\hbase\htableconnector.java@org.apache.metron.hbase.htableconnector.columnfamilyexists(string);False;False;0.9975;0.0025
metron-platform\metron-hbase\src\main\java\org\apache\metron\hbase\htableconnector.java@org.apache.metron.hbase.htableconnector.gettable();False;False;0.8722588954818835;0.12774110451811724
metron-platform\metron-hbase\src\main\java\org\apache\metron\hbase\htableconnector.java@org.apache.metron.hbase.htableconnector.gettableprovider();False;False;0.9034152775648784;0.09658472243512224
metron-platform\metron-hbase\src\main\java\org\apache\metron\hbase\htableconnector.java@org.apache.metron.hbase.htableconnector.put(put);False;False;1.0;0.0
metron-platform\metron-hbase\src\main\java\org\apache\metron\hbase\htableprovider.java@org.apache.metron.hbase.htableprovider.gettable(configuration,string);False;False;0.9034152775648784;0.09658472243512224
metron-platform\metron-hbase\src\main\java\org\apache\metron\hbase\tableconfig.java@org.apache.metron.hbase.tableconfig.tableconfig(string);False;False;0.9034152775648784;0.09658472243512224
metron-platform\metron-hbase\src\main\java\org\apache\metron\hbase\tableconfig.java@org.apache.metron.hbase.tableconfig.getcolumnfamilies();False;False;1.0;0.0
metron-platform\metron-hbase\src\main\java\org\apache\metron\hbase\tableconfig.java@org.apache.metron.hbase.tableconfig.getconnectorimpl();False;False;1.0;0.0
metron-platform\metron-hbase\src\main\java\org\apache\metron\hbase\tableconfig.java@org.apache.metron.hbase.tableconfig.gettablename();False;False;0.983;0.017
metron-platform\metron-hbase\src\main\java\org\apache\metron\hbase\tableconfig.java@org.apache.metron.hbase.tableconfig.getwritebuffersize();False;False;0.9417685107265211;0.05823148927348096
metron-platform\metron-hbase\src\main\java\org\apache\metron\hbase\tableconfig.java@org.apache.metron.hbase.tableconfig.isbatch();False;False;0.9417685107265211;0.05823148927348096
metron-platform\metron-hbase\src\main\java\org\apache\metron\hbase\tableconfig.java@org.apache.metron.hbase.tableconfig.setbatch(boolean);False;False;0.9976589743589744;0.0023410256410256406
metron-platform\metron-hbase\src\main\java\org\apache\metron\hbase\tableconfig.java@org.apache.metron.hbase.tableconfig.setwritebuffersize(long);False;False;0.9976589743589744;0.0023410256410256406
metron-platform\metron-hbase\src\main\java\org\apache\metron\hbase\tableconfig.java@org.apache.metron.hbase.tableconfig.withbatch(boolean);False;False;1.0;0.0
metron-platform\metron-hbase\src\main\java\org\apache\metron\hbase\tableconfig.java@org.apache.metron.hbase.tableconfig.withconnectorimpl(string);False;False;1.0;0.0
metron-platform\metron-hbase\src\main\java\org\apache\metron\hbase\tableconfig.java@org.apache.metron.hbase.tableconfig.withtable(string);False;False;1.0;0.0
metron-platform\metron-hbase\src\main\java\org\apache\metron\hbase\tupletableconfig.java@org.apache.metron.hbase.tupletableconfig.tupletableconfig();False;False;0.9034152775648784;0.09658472243512224
metron-platform\metron-hbase\src\main\java\org\apache\metron\hbase\tupletableconfig.java@org.apache.metron.hbase.tupletableconfig.tupletableconfig(string,string);False;False;0.9034152775648784;0.09658472243512224
metron-platform\metron-hbase\src\main\java\org\apache\metron\hbase\tupletableconfig.java@org.apache.metron.hbase.tupletableconfig.tupletableconfig(string,string,string);False;False;0.9034152775648784;0.09658472243512224
metron-platform\metron-hbase\src\main\java\org\apache\metron\hbase\tupletableconfig.java@org.apache.metron.hbase.tupletableconfig.addcolumn(string,string);False;False;0.9034152775648784;0.09658472243512224
metron-platform\metron-hbase\src\main\java\org\apache\metron\hbase\tupletableconfig.java@org.apache.metron.hbase.tupletableconfig.addincrement(increment,byte[],byte[],long);False;False;0.9034152775648784;0.09658472243512224
metron-platform\metron-hbase\src\main\java\org\apache\metron\hbase\tupletableconfig.java@org.apache.metron.hbase.tupletableconfig.getdurability();False;False;1.0;0.0
metron-platform\metron-hbase\src\main\java\org\apache\metron\hbase\tupletableconfig.java@org.apache.metron.hbase.tupletableconfig.getfields();False;False;0.9870016977227632;0.012998302277236747
metron-platform\metron-hbase\src\main\java\org\apache\metron\hbase\tupletableconfig.java@org.apache.metron.hbase.tupletableconfig.getincrementfromtuple(tuple,long);False;False;0.9034152775648784;0.09658472243512224
metron-platform\metron-hbase\src\main\java\org\apache\metron\hbase\tupletableconfig.java@org.apache.metron.hbase.tupletableconfig.getputfromtuple(tuple);False;False;0.9034152775648784;0.09658472243512224
metron-platform\metron-hbase\src\main\java\org\apache\metron\hbase\tupletableconfig.java@org.apache.metron.hbase.tupletableconfig.gettuplerowkeyfield();False;False;1.0;0.0
metron-platform\metron-hbase\src\main\java\org\apache\metron\hbase\tupletableconfig.java@org.apache.metron.hbase.tupletableconfig.setdurability(durability);False;False;0.985;0.015
metron-platform\metron-hbase\src\main\java\org\apache\metron\hbase\tupletableconfig.java@org.apache.metron.hbase.tupletableconfig.withfields(string);False;False;1.0;0.0
metron-platform\metron-hbase\src\main\java\org\apache\metron\hbase\tupletableconfig.java@org.apache.metron.hbase.tupletableconfig.withrowkeyfield(string);False;False;0.993;0.007
metron-platform\metron-hbase\src\main\java\org\apache\metron\hbase\tupletableconfig.java@org.apache.metron.hbase.tupletableconfig.withtimestampfield(string);False;False;1.0;0.0
metron-platform\metron-hbase\src\main\java\org\apache\metron\hbase\bolt\batchhelper.java@org.apache.metron.hbase.bolt.batchhelper.batchhelper(int,outputcollector);False;False;0.9034152775648784;0.09658472243512224
metron-platform\metron-hbase\src\main\java\org\apache\metron\hbase\bolt\batchhelper.java@org.apache.metron.hbase.bolt.batchhelper.ack();False;False;0.9945833333333333;0.005416666666666666
metron-platform\metron-hbase\src\main\java\org\apache\metron\hbase\bolt\batchhelper.java@org.apache.metron.hbase.bolt.batchhelper.addbatch(tuple);False;False;0.992;0.008
metron-platform\metron-hbase\src\main\java\org\apache\metron\hbase\bolt\batchhelper.java@org.apache.metron.hbase.bolt.batchhelper.fail(exception);False;False;0.97675;0.02325
metron-platform\metron-hbase\src\main\java\org\apache\metron\hbase\bolt\batchhelper.java@org.apache.metron.hbase.bolt.batchhelper.getbatchsize();False;False;0.9870016977227632;0.012998302277236747
metron-platform\metron-hbase\src\main\java\org\apache\metron\hbase\bolt\batchhelper.java@org.apache.metron.hbase.bolt.batchhelper.getbatchtuples();False;False;1.0;0.0
metron-platform\metron-hbase\src\main\java\org\apache\metron\hbase\bolt\batchhelper.java@org.apache.metron.hbase.bolt.batchhelper.istick(tuple);False;False;0.9621666666666666;0.03783333333333334
metron-platform\metron-hbase\src\main\java\org\apache\metron\hbase\bolt\batchhelper.java@org.apache.metron.hbase.bolt.batchhelper.shouldflush();False;False;0.9995499999999999;0.00045
metron-platform\metron-hbase\src\main\java\org\apache\metron\hbase\bolt\batchhelper.java@org.apache.metron.hbase.bolt.batchhelper.shouldhandle(tuple);False;False;0.9986666666666666;0.0013333333333333333
metron-platform\metron-hbase\src\main\java\org\apache\metron\hbase\bolt\hbasebolt.java@org.apache.metron.hbase.bolt.hbasebolt.hbasebolt(string,hbasemapper);False;False;0.9034152775648784;0.09658472243512224
metron-platform\metron-hbase\src\main\java\org\apache\metron\hbase\bolt\hbasebolt.java@org.apache.metron.hbase.bolt.hbasebolt.createtableprovider(string);False;False;0.9034152775648784;0.09658472243512224
metron-platform\metron-hbase\src\main\java\org\apache\metron\hbase\bolt\hbasebolt.java@org.apache.metron.hbase.bolt.hbasebolt.execute(tuple);False;False;0.9034152775648784;0.09658472243512224
metron-platform\metron-hbase\src\main\java\org\apache\metron\hbase\bolt\hbasebolt.java@org.apache.metron.hbase.bolt.hbasebolt.flush();False;False;0.966;0.034
metron-platform\metron-hbase\src\main\java\org\apache\metron\hbase\bolt\hbasebolt.java@org.apache.metron.hbase.bolt.hbasebolt.getcomponentconfiguration();False;False;0.9054166666666668;0.09458333333333334
metron-platform\metron-hbase\src\main\java\org\apache\metron\hbase\bolt\hbasebolt.java@org.apache.metron.hbase.bolt.hbasebolt.prepare(map,topologycontext,outputcollector);False;False;0.9034152775648784;0.09658472243512224
metron-platform\metron-hbase\src\main\java\org\apache\metron\hbase\bolt\hbasebolt.java@org.apache.metron.hbase.bolt.hbasebolt.save(tuple);False;False;0.68;0.32
metron-platform\metron-hbase\src\main\java\org\apache\metron\hbase\bolt\hbasebolt.java@org.apache.metron.hbase.bolt.hbasebolt.setclient(hbaseclient);False;False;1.0;0.0
metron-platform\metron-hbase\src\main\java\org\apache\metron\hbase\bolt\hbasebolt.java@org.apache.metron.hbase.bolt.hbasebolt.withbatchsize(int);False;False;1.0;0.0
metron-platform\metron-hbase\src\main\java\org\apache\metron\hbase\bolt\hbasebolt.java@org.apache.metron.hbase.bolt.hbasebolt.withflushintervalsecs(int);False;False;1.0;0.0
metron-platform\metron-hbase\src\main\java\org\apache\metron\hbase\bolt\hbasebolt.java@org.apache.metron.hbase.bolt.hbasebolt.withtableprovider(string);False;False;1.0;0.0
metron-platform\metron-hbase\src\main\java\org\apache\metron\hbase\bolt\hbasebolt.java@org.apache.metron.hbase.bolt.hbasebolt.withtableproviderinstance(tableprovider);False;False;1.0;0.0
metron-platform\metron-hbase\src\main\java\org\apache\metron\hbase\bolt\hbasebolt.java@org.apache.metron.hbase.bolt.hbasebolt.writetowal(boolean);False;False;0.995;0.005
metron-platform\metron-hbase\src\main\java\org\apache\metron\hbase\bolt\mapper\columnlist.java@org.apache.metron.hbase.bolt.mapper.abstractcolumn.abstractcolumn(byte[],byte[]);False;False;0.9034152775648784;0.09658472243512224
metron-platform\metron-hbase\src\main\java\org\apache\metron\hbase\bolt\mapper\columnlist.java@org.apache.metron.hbase.bolt.mapper.abstractcolumn.getfamily();False;False;0.9851351218008023;0.014864878199197096
metron-platform\metron-hbase\src\main\java\org\apache\metron\hbase\bolt\mapper\columnlist.java@org.apache.metron.hbase.bolt.mapper.abstractcolumn.getqualifier();False;False;0.9851351218008023;0.014864878199197096
metron-platform\metron-hbase\src\main\java\org\apache\metron\hbase\bolt\mapper\columnlist.java@org.apache.metron.hbase.bolt.mapper.column.column(byte[],byte[],long,byte[]);False;False;0.9034152775648784;0.09658472243512224
metron-platform\metron-hbase\src\main\java\org\apache\metron\hbase\bolt\mapper\columnlist.java@org.apache.metron.hbase.bolt.mapper.column.getts();False;False;0.9851351218008023;0.014864878199197096
metron-platform\metron-hbase\src\main\java\org\apache\metron\hbase\bolt\mapper\columnlist.java@org.apache.metron.hbase.bolt.mapper.column.getvalue();False;False;0.9851351218008023;0.014864878199197096
metron-platform\metron-hbase\src\main\java\org\apache\metron\hbase\bolt\mapper\columnlist.java@org.apache.metron.hbase.bolt.mapper.columnlist.abstractcolumn(byte[],byte[]);False;False;0.9034152775648784;0.09658472243512224
metron-platform\metron-hbase\src\main\java\org\apache\metron\hbase\bolt\mapper\columnlist.java@org.apache.metron.hbase.bolt.mapper.columnlist.column(byte[],byte[],long,byte[]);False;False;0.9034152775648784;0.09658472243512224
metron-platform\metron-hbase\src\main\java\org\apache\metron\hbase\bolt\mapper\columnlist.java@org.apache.metron.hbase.bolt.mapper.columnlist.counter(byte[],byte[],long);False;False;0.9034152775648784;0.09658472243512224
metron-platform\metron-hbase\src\main\java\org\apache\metron\hbase\bolt\mapper\columnlist.java@org.apache.metron.hbase.bolt.mapper.columnlist.addcolumn(icolumn);False;False;1.0;0.0
metron-platform\metron-hbase\src\main\java\org\apache\metron\hbase\bolt\mapper\columnlist.java@org.apache.metron.hbase.bolt.mapper.columnlist.addcolumn(byte[],byte[],byte[]);False;False;0.9034152775648784;0.09658472243512224
metron-platform\metron-hbase\src\main\java\org\apache\metron\hbase\bolt\mapper\columnlist.java@org.apache.metron.hbase.bolt.mapper.columnlist.addcolumn(byte[],byte[],long,byte[]);False;False;0.9034152775648784;0.09658472243512224
metron-platform\metron-hbase\src\main\java\org\apache\metron\hbase\bolt\mapper\columnlist.java@org.apache.metron.hbase.bolt.mapper.columnlist.addcounter(icounter);False;False;0.9985;0.0015
metron-platform\metron-hbase\src\main\java\org\apache\metron\hbase\bolt\mapper\columnlist.java@org.apache.metron.hbase.bolt.mapper.columnlist.addcounter(byte[],byte[],long);False;False;0.9034152775648784;0.09658472243512224
metron-platform\metron-hbase\src\main\java\org\apache\metron\hbase\bolt\mapper\columnlist.java@org.apache.metron.hbase.bolt.mapper.columnlist.columns();False;False;0.9986666666666666;0.0013333333333333333
metron-platform\metron-hbase\src\main\java\org\apache\metron\hbase\bolt\mapper\columnlist.java@org.apache.metron.hbase.bolt.mapper.columnlist.counters();False;False;0.9986666666666666;0.0013333333333333333
metron-platform\metron-hbase\src\main\java\org\apache\metron\hbase\bolt\mapper\columnlist.java@org.apache.metron.hbase.bolt.mapper.columnlist.getcolumns();False;False;0.999875;0.000125
metron-platform\metron-hbase\src\main\java\org\apache\metron\hbase\bolt\mapper\columnlist.java@org.apache.metron.hbase.bolt.mapper.columnlist.getcounters();False;False;0.999875;0.000125
metron-platform\metron-hbase\src\main\java\org\apache\metron\hbase\bolt\mapper\columnlist.java@org.apache.metron.hbase.bolt.mapper.columnlist.getfamily();False;False;0.993;0.007
metron-platform\metron-hbase\src\main\java\org\apache\metron\hbase\bolt\mapper\columnlist.java@org.apache.metron.hbase.bolt.mapper.columnlist.getincrement();False;False;0.9034152775648784;0.09658472243512224
metron-platform\metron-hbase\src\main\java\org\apache\metron\hbase\bolt\mapper\columnlist.java@org.apache.metron.hbase.bolt.mapper.columnlist.getqualifier();False;False;1.0;0.0
metron-platform\metron-hbase\src\main\java\org\apache\metron\hbase\bolt\mapper\columnlist.java@org.apache.metron.hbase.bolt.mapper.columnlist.getts();False;False;1.0;0.0
metron-platform\metron-hbase\src\main\java\org\apache\metron\hbase\bolt\mapper\columnlist.java@org.apache.metron.hbase.bolt.mapper.columnlist.getvalue();False;False;1.0;0.0
metron-platform\metron-hbase\src\main\java\org\apache\metron\hbase\bolt\mapper\columnlist.java@org.apache.metron.hbase.bolt.mapper.columnlist.hascolumns();False;False;1.0;0.0
metron-platform\metron-hbase\src\main\java\org\apache\metron\hbase\bolt\mapper\columnlist.java@org.apache.metron.hbase.bolt.mapper.columnlist.hascounters();False;False;1.0;0.0
metron-platform\metron-hbase\src\main\java\org\apache\metron\hbase\bolt\mapper\columnlist.java@org.apache.metron.hbase.bolt.mapper.counter.counter(byte[],byte[],long);False;False;0.9034152775648784;0.09658472243512224
metron-platform\metron-hbase\src\main\java\org\apache\metron\hbase\bolt\mapper\columnlist.java@org.apache.metron.hbase.bolt.mapper.counter.getincrement();False;False;1.0;0.0
metron-platform\metron-hbase\src\main\java\org\apache\metron\hbase\bolt\mapper\hbaseprojectioncriteria.java@org.apache.metron.hbase.bolt.mapper.columnmetadata.columnmetadata(string,string);False;False;0.9034152775648784;0.09658472243512224
metron-platform\metron-hbase\src\main\java\org\apache\metron\hbase\bolt\mapper\hbaseprojectioncriteria.java@org.apache.metron.hbase.bolt.mapper.columnmetadata.getcolumnfamily();False;False;0.9851351218008023;0.014864878199197096
metron-platform\metron-hbase\src\main\java\org\apache\metron\hbase\bolt\mapper\hbaseprojectioncriteria.java@org.apache.metron.hbase.bolt.mapper.columnmetadata.getqualifier();False;False;0.9851351218008023;0.014864878199197096
metron-platform\metron-hbase\src\main\java\org\apache\metron\hbase\bolt\mapper\hbaseprojectioncriteria.java@org.apache.metron.hbase.bolt.mapper.hbaseprojectioncriteria.columnmetadata(string,string);False;False;0.9034152775648784;0.09658472243512224
metron-platform\metron-hbase\src\main\java\org\apache\metron\hbase\bolt\mapper\hbaseprojectioncriteria.java@org.apache.metron.hbase.bolt.mapper.hbaseprojectioncriteria.hbaseprojectioncriteria();False;False;0.9034152775648784;0.09658472243512224
metron-platform\metron-hbase\src\main\java\org\apache\metron\hbase\bolt\mapper\hbaseprojectioncriteria.java@org.apache.metron.hbase.bolt.mapper.hbaseprojectioncriteria.addcolumn(columnmetadata);False;False;0.9984333333333334;0.0015666666666666667
metron-platform\metron-hbase\src\main\java\org\apache\metron\hbase\bolt\mapper\hbaseprojectioncriteria.java@org.apache.metron.hbase.bolt.mapper.hbaseprojectioncriteria.addcolumnfamily(string);False;False;0.9844321428571429;0.015567857142857142
metron-platform\metron-hbase\src\main\java\org\apache\metron\hbase\bolt\mapper\hbaseprojectioncriteria.java@org.apache.metron.hbase.bolt.mapper.hbaseprojectioncriteria.getcolumnfamilies();False;False;1.0;0.0
metron-platform\metron-hbase\src\main\java\org\apache\metron\hbase\bolt\mapper\hbaseprojectioncriteria.java@org.apache.metron.hbase.bolt.mapper.hbaseprojectioncriteria.getcolumnfamily();False;False;0.997;0.003
metron-platform\metron-hbase\src\main\java\org\apache\metron\hbase\bolt\mapper\hbaseprojectioncriteria.java@org.apache.metron.hbase.bolt.mapper.hbaseprojectioncriteria.getcolumns();False;False;1.0;0.0
metron-platform\metron-hbase\src\main\java\org\apache\metron\hbase\bolt\mapper\hbaseprojectioncriteria.java@org.apache.metron.hbase.bolt.mapper.hbaseprojectioncriteria.getqualifier();False;False;0.9889047619047618;0.011095238095238097
metron-platform\metron-hbase\src\main\java\org\apache\metron\hbase\client\hbaseclient.java@org.apache.metron.hbase.client.hbaseclient.hbaseclient(tableprovider,configuration,string);False;False;0.9034152775648784;0.09658472243512224
metron-platform\metron-hbase\src\main\java\org\apache\metron\hbase\client\hbaseclient.java@org.apache.metron.hbase.client.hbaseclient.addcolumns(columnlist,put);False;False;0.9034152775648784;0.09658472243512224
metron-platform\metron-hbase\src\main\java\org\apache\metron\hbase\client\hbaseclient.java@org.apache.metron.hbase.client.hbaseclient.addget(byte[],hbaseprojectioncriteria);False;False;0.9034152775648784;0.09658472243512224
metron-platform\metron-hbase\src\main\java\org\apache\metron\hbase\client\hbaseclient.java@org.apache.metron.hbase.client.hbaseclient.addmutation(byte[],columnlist,durability);False;False;0.9034152775648784;0.09658472243512224
metron-platform\metron-hbase\src\main\java\org\apache\metron\hbase\client\hbaseclient.java@org.apache.metron.hbase.client.hbaseclient.addmutation(byte[],columnlist,durability,long);False;False;0.9034152775648784;0.09658472243512224
metron-platform\metron-hbase\src\main\java\org\apache\metron\hbase\client\hbaseclient.java@org.apache.metron.hbase.client.hbaseclient.cleargets();False;False;0.9995;0.0005
metron-platform\metron-hbase\src\main\java\org\apache\metron\hbase\client\hbaseclient.java@org.apache.metron.hbase.client.hbaseclient.clearmutations();False;False;0.9995;0.0005
metron-platform\metron-hbase\src\main\java\org\apache\metron\hbase\client\hbaseclient.java@org.apache.metron.hbase.client.hbaseclient.close();False;False;0.9986564845826688;0.0013435154173312067
metron-platform\metron-hbase\src\main\java\org\apache\metron\hbase\client\hbaseclient.java@org.apache.metron.hbase.client.hbaseclient.createincrement(byte[],columnlist,durability);False;False;0.9034152775648784;0.09658472243512224
metron-platform\metron-hbase\src\main\java\org\apache\metron\hbase\client\hbaseclient.java@org.apache.metron.hbase.client.hbaseclient.createincrement(byte[],columnlist,durability,long);False;False;0.9034152775648784;0.09658472243512224
metron-platform\metron-hbase\src\main\java\org\apache\metron\hbase\client\hbaseclient.java@org.apache.metron.hbase.client.hbaseclient.createput(byte[],columnlist,durability);False;False;0.9034152775648784;0.09658472243512224
metron-platform\metron-hbase\src\main\java\org\apache\metron\hbase\client\hbaseclient.java@org.apache.metron.hbase.client.hbaseclient.createput(byte[],columnlist,durability,long);False;False;0.9034152775648784;0.09658472243512224
metron-platform\metron-hbase\src\main\java\org\apache\metron\hbase\client\hbaseclient.java@org.apache.metron.hbase.client.hbaseclient.getall();False;False;0.9034152775648784;0.09658472243512224
metron-platform\metron-hbase\src\main\java\org\apache\metron\hbase\client\hbaseclient.java@org.apache.metron.hbase.client.hbaseclient.mutate();False;False;0.9034152775648784;0.09658472243512224
metron-platform\metron-hbase\src\main\java\org\apache\metron\hbase\client\usersettingsclient.java@org.apache.metron.hbase.client.usersettingsclient.usersettingsclient(htableinterface,byte[]);False;False;0.9034152775648784;0.09658472243512224
metron-platform\metron-hbase\src\main\java\org\apache\metron\hbase\client\usersettingsclient.java@org.apache.metron.hbase.client.usersettingsclient.usersettingsclient(supplier,tableprovider);False;False;0.9034152775648784;0.09658472243512224
metron-platform\metron-hbase\src\main\java\org\apache\metron\hbase\client\usersettingsclient.java@org.apache.metron.hbase.client.usersettingsclient.delete(string);False;False;0.9889333333333334;0.011066666666666666
metron-platform\metron-hbase\src\main\java\org\apache\metron\hbase\client\usersettingsclient.java@org.apache.metron.hbase.client.usersettingsclient.delete(string,string);False;False;0.9034152775648784;0.09658472243512224
metron-platform\metron-hbase\src\main\java\org\apache\metron\hbase\client\usersettingsclient.java@org.apache.metron.hbase.client.usersettingsclient.findall();False;False;0.9837500000000001;0.01625
metron-platform\metron-hbase\src\main\java\org\apache\metron\hbase\client\usersettingsclient.java@org.apache.metron.hbase.client.usersettingsclient.findall(string);False;False;0.9760833333333334;0.02391666666666667
metron-platform\metron-hbase\src\main\java\org\apache\metron\hbase\client\usersettingsclient.java@org.apache.metron.hbase.client.usersettingsclient.findone(string);False;False;0.9726392857142855;0.027360714285714273
metron-platform\metron-hbase\src\main\java\org\apache\metron\hbase\client\usersettingsclient.java@org.apache.metron.hbase.client.usersettingsclient.findone(string,string);False;False;0.9034152775648784;0.09658472243512224
metron-platform\metron-hbase\src\main\java\org\apache\metron\hbase\client\usersettingsclient.java@org.apache.metron.hbase.client.usersettingsclient.getallusersettings(result);False;False;0.964;0.036
metron-platform\metron-hbase\src\main\java\org\apache\metron\hbase\client\usersettingsclient.java@org.apache.metron.hbase.client.usersettingsclient.getresult(string);False;False;0.998;0.002
metron-platform\metron-hbase\src\main\java\org\apache\metron\hbase\client\usersettingsclient.java@org.apache.metron.hbase.client.usersettingsclient.gettableinterface();False;False;0.999;0.001
metron-platform\metron-hbase\src\main\java\org\apache\metron\hbase\client\usersettingsclient.java@org.apache.metron.hbase.client.usersettingsclient.getusersettings(result,string);False;False;0.9034152775648784;0.09658472243512224
metron-platform\metron-hbase\src\main\java\org\apache\metron\hbase\client\usersettingsclient.java@org.apache.metron.hbase.client.usersettingsclient.init(supplier,tableprovider);False;False;0.9034152775648784;0.09658472243512224
metron-platform\metron-hbase\src\main\java\org\apache\metron\hbase\client\usersettingsclient.java@org.apache.metron.hbase.client.usersettingsclient.save(string,string,string);False;False;0.9034152775648784;0.09658472243512224
metron-platform\metron-hbase\src\main\java\org\apache\metron\hbase\writer\hbasewriter.java@org.apache.metron.hbase.writer.hbasewriter.hbasewriter(string);False;False;0.9034152775648784;0.09658472243512224
metron-platform\metron-hbase\src\main\java\org\apache\metron\hbase\writer\hbasewriter.java@org.apache.metron.hbase.writer.hbasewriter.close();False;False;1.0;0.0
metron-platform\metron-hbase\src\main\java\org\apache\metron\hbase\writer\hbasewriter.java@org.apache.metron.hbase.writer.hbasewriter.init();False;False;0.9034152775648784;0.09658472243512224
metron-platform\metron-hbase\src\main\java\org\apache\metron\hbase\writer\hbasewriter.java@org.apache.metron.hbase.writer.hbasewriter.withproviderimpl(string);False;False;0.999;0.001
metron-platform\metron-hbase\src\main\java\org\apache\metron\hbase\writer\hbasewriter.java@org.apache.metron.hbase.writer.hbasewriter.write(string,writerconfiguration,tuple,jsonobject);False;False;0.9034152775648784;0.09658472243512224
metron-platform\metron-hbase\src\test\java\org\apache\metron\hbase\widget.java@org.apache.metron.hbase.widget.widget(string,int);False;False;0.9034152775648784;0.09658472243512224
metron-platform\metron-hbase\src\test\java\org\apache\metron\hbase\widget.java@org.apache.metron.hbase.widget.equals(object);False;False;1.0;0.0
metron-platform\metron-hbase\src\test\java\org\apache\metron\hbase\widget.java@org.apache.metron.hbase.widget.getcost();False;False;0.9870016977227632;0.012998302277236747
metron-platform\metron-hbase\src\test\java\org\apache\metron\hbase\widget.java@org.apache.metron.hbase.widget.getname();False;False;0.991;0.009
metron-platform\metron-hbase\src\test\java\org\apache\metron\hbase\widget.java@org.apache.metron.hbase.widget.hashcode();False;False;0.985;0.015
metron-platform\metron-hbase\src\test\java\org\apache\metron\hbase\widget.java@org.apache.metron.hbase.widget.setcost(int);False;False;0.9863333374684377;0.013666662531561671
metron-platform\metron-hbase\src\test\java\org\apache\metron\hbase\widget.java@org.apache.metron.hbase.widget.setname(string);False;False;0.9863333374684377;0.013666662531561671
metron-platform\metron-hbase\src\test\java\org\apache\metron\hbase\widget.java@org.apache.metron.hbase.widget.tostring();False;False;1.0;0.0
metron-platform\metron-hbase\src\test\java\org\apache\metron\hbase\widgetmapper.java@org.apache.metron.hbase.widgetmapper.widgetmapper();False;False;0.9034152775648784;0.09658472243512224
metron-platform\metron-hbase\src\test\java\org\apache\metron\hbase\widgetmapper.java@org.apache.metron.hbase.widgetmapper.widgetmapper(long);False;False;0.9034152775648784;0.09658472243512224
metron-platform\metron-hbase\src\test\java\org\apache\metron\hbase\widgetmapper.java@org.apache.metron.hbase.widgetmapper.columns(tuple);False;False;0.9966666666666666;0.003333333333333333
metron-platform\metron-hbase\src\test\java\org\apache\metron\hbase\widgetmapper.java@org.apache.metron.hbase.widgetmapper.getttl(tuple);False;False;1.0;0.0
metron-platform\metron-hbase\src\test\java\org\apache\metron\hbase\widgetmapper.java@org.apache.metron.hbase.widgetmapper.rowkey(tuple);False;False;0.997;0.003
metron-platform\metron-hbase\src\test\java\org\apache\metron\hbase\bolt\hbasebolttest.java@org.apache.metron.hbase.bolt.hbasebolttest.createbolt(int,widgetmapper);False;False;0.9034152775648784;0.09658472243512224
metron-platform\metron-hbase\src\test\java\org\apache\metron\hbase\bolt\hbasebolttest.java@org.apache.metron.hbase.bolt.hbasebolttest.mockticktuple();False;False;1.0;0.0
metron-platform\metron-hbase\src\test\java\org\apache\metron\hbase\bolt\hbasebolttest.java@org.apache.metron.hbase.bolt.hbasebolttest.mocktuple(string,string);False;False;0.9034152775648784;0.09658472243512224
metron-platform\metron-hbase\src\test\java\org\apache\metron\hbase\bolt\hbasebolttest.java@org.apache.metron.hbase.bolt.hbasebolttest.setup();False;False;0.9404166666666667;0.059583333333333335
metron-platform\metron-hbase\src\test\java\org\apache\metron\hbase\bolt\hbasebolttest.java@org.apache.metron.hbase.bolt.hbasebolttest.setuptuples();False;False;0.991;0.009
metron-platform\metron-hbase\src\test\java\org\apache\metron\hbase\bolt\hbasebolttest.java@org.apache.metron.hbase.bolt.hbasebolttest.testbatchnotready();False;False;0.9393499999999998;0.06065000000000002
metron-platform\metron-hbase\src\test\java\org\apache\metron\hbase\bolt\hbasebolttest.java@org.apache.metron.hbase.bolt.hbasebolttest.testbatchready();False;False;0.982;0.018
metron-platform\metron-hbase\src\test\java\org\apache\metron\hbase\bolt\hbasebolttest.java@org.apache.metron.hbase.bolt.hbasebolttest.testtimeflush();False;False;0.978;0.022
metron-platform\metron-hbase\src\test\java\org\apache\metron\hbase\bolt\hbasebolttest.java@org.apache.metron.hbase.bolt.hbasebolttest.testwritewithttl();False;False;0.995;0.005
metron-platform\metron-hbase\src\test\java\org\apache\metron\hbase\client\hbaseclienttest.java@org.apache.metron.hbase.client.hbaseclienttest.cleartable();False;False;0.997;0.003
metron-platform\metron-hbase\src\test\java\org\apache\metron\hbase\client\hbaseclienttest.java@org.apache.metron.hbase.client.hbaseclienttest.setuptuples();False;False;0.993;0.007
metron-platform\metron-hbase\src\test\java\org\apache\metron\hbase\client\hbaseclienttest.java@org.apache.metron.hbase.client.hbaseclienttest.starthbase();False;False;0.9034152775648784;0.09658472243512224
metron-platform\metron-hbase\src\test\java\org\apache\metron\hbase\client\hbaseclienttest.java@org.apache.metron.hbase.client.hbaseclienttest.stophbase();False;False;0.9926;0.0074
metron-platform\metron-hbase\src\test\java\org\apache\metron\hbase\client\hbaseclienttest.java@org.apache.metron.hbase.client.hbaseclienttest.testbatchwrite();False;False;0.999;0.001
metron-platform\metron-hbase\src\test\java\org\apache\metron\hbase\client\hbaseclienttest.java@org.apache.metron.hbase.client.hbaseclienttest.testexpiredwidgets();False;False;0.9034152775648784;0.09658472243512224
metron-platform\metron-hbase\src\test\java\org\apache\metron\hbase\client\hbaseclienttest.java@org.apache.metron.hbase.client.hbaseclienttest.testwrite();False;False;0.992;0.008
metron-platform\metron-hbase\src\test\java\org\apache\metron\hbase\client\hbaseclienttest.java@org.apache.metron.hbase.client.hbaseclienttest.testwritewithtimetolive();False;False;0.998;0.002
metron-platform\metron-hbase\src\test\java\org\apache\metron\hbase\client\hbaseclienttest.java@org.apache.metron.hbase.client.hbaseclienttest.towidget(result);False;False;0.9893333333333333;0.010666666666666668
metron-platform\metron-hbase\src\test\java\org\apache\metron\hbase\client\usersettingsclienttest.java@org.apache.metron.hbase.client.usersettingsclienttest.setup();False;False;0.989;0.011
metron-platform\metron-hbase\src\test\java\org\apache\metron\hbase\client\usersettingsclienttest.java@org.apache.metron.hbase.client.usersettingsclienttest.shouldfindall();False;False;0.994;0.006
metron-platform\metron-hbase\src\test\java\org\apache\metron\hbase\client\usersettingsclienttest.java@org.apache.metron.hbase.client.usersettingsclienttest.shouldfindone();False;False;0.9923333333333334;0.007666666666666667
metron-platform\metron-hbase\src\test\java\org\apache\metron\hbase\mock\mockhbasetableprovider.java@org.apache.metron.hbase.mock.mockhbasetableprovider.addtocache(string,string);False;False;0.9034152775648784;0.09658472243512224
metron-platform\metron-hbase\src\test\java\org\apache\metron\hbase\mock\mockhbasetableprovider.java@org.apache.metron.hbase.mock.mockhbasetableprovider.clear();False;False;0.996;0.004
metron-platform\metron-hbase\src\test\java\org\apache\metron\hbase\mock\mockhbasetableprovider.java@org.apache.metron.hbase.mock.mockhbasetableprovider.getfromcache(string);False;False;1.0;0.0
metron-platform\metron-hbase\src\test\java\org\apache\metron\hbase\mock\mockhbasetableprovider.java@org.apache.metron.hbase.mock.mockhbasetableprovider.gettable(configuration,string);False;False;0.9034152775648784;0.09658472243512224
metron-platform\metron-hbase\src\test\java\org\apache\metron\hbase\mock\mockhtable.java@org.apache.metron.hbase.mock.mockhtable.mockhtable(string);False;False;0.9034152775648784;0.09658472243512224
metron-platform\metron-hbase\src\test\java\org\apache\metron\hbase\mock\mockhtable.java@org.apache.metron.hbase.mock.mockhtable.mockhtable(string,string);False;False;0.9034152775648784;0.09658472243512224
metron-platform\metron-hbase\src\test\java\org\apache\metron\hbase\mock\mockhtable.java@org.apache.metron.hbase.mock.mockhtable.addcolumnfamily(string);False;False;0.9956666666666666;0.004333333333333333
metron-platform\metron-hbase\src\test\java\org\apache\metron\hbase\mock\mockhtable.java@org.apache.metron.hbase.mock.mockhtable.addtoputlog(put);False;False;0.99175;0.00825
metron-platform\metron-hbase\src\test\java\org\apache\metron\hbase\mock\mockhtable.java@org.apache.metron.hbase.mock.mockhtable.append(append);False;False;0.96;0.04
metron-platform\metron-hbase\src\test\java\org\apache\metron\hbase\mock\mockhtable.java@org.apache.metron.hbase.mock.mockhtable.batch(list);False;False;0.9034152775648784;0.09658472243512224
metron-platform\metron-hbase\src\test\java\org\apache\metron\hbase\mock\mockhtable.java@org.apache.metron.hbase.mock.mockhtable.batch(list,object[]);False;False;0.9034152775648784;0.09658472243512224
metron-platform\metron-hbase\src\test\java\org\apache\metron\hbase\mock\mockhtable.java@org.apache.metron.hbase.mock.mockhtable.batchcallback(list,batch);False;False;0.9034152775648784;0.09658472243512224
metron-platform\metron-hbase\src\test\java\org\apache\metron\hbase\mock\mockhtable.java@org.apache.metron.hbase.mock.mockhtable.batchcallback(list,object[],batch);False;False;0.9034152775648784;0.09658472243512224
metron-platform\metron-hbase\src\test\java\org\apache\metron\hbase\mock\mockhtable.java@org.apache.metron.hbase.mock.mockhtable.batchcoprocessorservice(descriptors,message,byte[],byte[],r);False;False;0.9034152775648784;0.09658472243512224
metron-platform\metron-hbase\src\test\java\org\apache\metron\hbase\mock\mockhtable.java@org.apache.metron.hbase.mock.mockhtable.batchcoprocessorservice(descriptors,message,byte[],byte[],r,batch);False;False;0.9034152775648784;0.09658472243512224
metron-platform\metron-hbase\src\test\java\org\apache\metron\hbase\mock\mockhtable.java@org.apache.metron.hbase.mock.mockhtable.checkanddelete(byte[],byte[],byte[],comparefilter,byte[],delete);False;False;0.9034152775648784;0.09658472243512224
metron-platform\metron-hbase\src\test\java\org\apache\metron\hbase\mock\mockhtable.java@org.apache.metron.hbase.mock.mockhtable.checkanddelete(byte[],byte[],byte[],byte[],delete);False;False;0.9034152775648784;0.09658472243512224
metron-platform\metron-hbase\src\test\java\org\apache\metron\hbase\mock\mockhtable.java@org.apache.metron.hbase.mock.mockhtable.checkandmutate(byte[],byte[],byte[],comparefilter,byte[],rowmutations);False;False;0.9034152775648784;0.09658472243512224
metron-platform\metron-hbase\src\test\java\org\apache\metron\hbase\mock\mockhtable.java@org.apache.metron.hbase.mock.mockhtable.checkandput(byte[],byte[],byte[],comparefilter,byte[],put);False;False;0.9034152775648784;0.09658472243512224
metron-platform\metron-hbase\src\test\java\org\apache\metron\hbase\mock\mockhtable.java@org.apache.metron.hbase.mock.mockhtable.checkandput(byte[],byte[],byte[],byte[],put);False;False;0.9034152775648784;0.09658472243512224
metron-platform\metron-hbase\src\test\java\org\apache\metron\hbase\mock\mockhtable.java@org.apache.metron.hbase.mock.mockhtable.clear();False;False;0.9799929078014183;0.02000709219858156
metron-platform\metron-hbase\src\test\java\org\apache\metron\hbase\mock\mockhtable.java@org.apache.metron.hbase.mock.mockhtable.coprocessorservice(class,byte[],byte[],batch);False;False;0.9034152775648784;0.09658472243512224
metron-platform\metron-hbase\src\test\java\org\apache\metron\hbase\mock\mockhtable.java@org.apache.metron.hbase.mock.mockhtable.coprocessorservice(class,byte[],byte[],batch,batch);False;False;0.9034152775648784;0.09658472243512224
metron-platform\metron-hbase\src\test\java\org\apache\metron\hbase\mock\mockhtable.java@org.apache.metron.hbase.mock.mockhtable.coprocessorservice(byte[]);False;False;0.9034152775648784;0.09658472243512224
metron-platform\metron-hbase\src\test\java\org\apache\metron\hbase\mock\mockhtable.java@org.apache.metron.hbase.mock.mockhtable.delete(delete);False;False;0.9885;0.0115
metron-platform\metron-hbase\src\test\java\org\apache\metron\hbase\mock\mockhtable.java@org.apache.metron.hbase.mock.mockhtable.delete(list);False;False;0.9034152775648784;0.09658472243512224
metron-platform\metron-hbase\src\test\java\org\apache\metron\hbase\mock\mockhtable.java@org.apache.metron.hbase.mock.mockhtable.exists(get);False;False;0.989;0.011
metron-platform\metron-hbase\src\test\java\org\apache\metron\hbase\mock\mockhtable.java@org.apache.metron.hbase.mock.mockhtable.exists(list);False;False;0.9034152775648784;0.09658472243512224
metron-platform\metron-hbase\src\test\java\org\apache\metron\hbase\mock\mockhtable.java@org.apache.metron.hbase.mock.mockhtable.existsall(list);False;False;0.9034152775648784;0.09658472243512224
metron-platform\metron-hbase\src\test\java\org\apache\metron\hbase\mock\mockhtable.java@org.apache.metron.hbase.mock.mockhtable.forcefind(navigablemap,k,v);False;False;0.9034152775648784;0.09658472243512224
metron-platform\metron-hbase\src\test\java\org\apache\metron\hbase\mock\mockhtable.java@org.apache.metron.hbase.mock.mockhtable.get(get);False;False;0.901;0.099
metron-platform\metron-hbase\src\test\java\org\apache\metron\hbase\mock\mockhtable.java@org.apache.metron.hbase.mock.mockhtable.get(list);False;False;0.9034152775648784;0.09658472243512224
metron-platform\metron-hbase\src\test\java\org\apache\metron\hbase\mock\mockhtable.java@org.apache.metron.hbase.mock.mockhtable.getconfiguration();False;False;1.0;0.0
metron-platform\metron-hbase\src\test\java\org\apache\metron\hbase\mock\mockhtable.java@org.apache.metron.hbase.mock.mockhtable.getname();False;False;1.0;0.0
metron-platform\metron-hbase\src\test\java\org\apache\metron\hbase\mock\mockhtable.java@org.apache.metron.hbase.mock.mockhtable.getputlog();False;False;0.9933333333333334;0.006666666666666666
metron-platform\metron-hbase\src\test\java\org\apache\metron\hbase\mock\mockhtable.java@org.apache.metron.hbase.mock.mockhtable.getroworbefore(byte[],byte[]);False;False;0.9034152775648784;0.09658472243512224
metron-platform\metron-hbase\src\test\java\org\apache\metron\hbase\mock\mockhtable.java@org.apache.metron.hbase.mock.mockhtable.getscanner(scan);False;False;0.9034152775648784;0.09658472243512224
metron-platform\metron-hbase\src\test\java\org\apache\metron\hbase\mock\mockhtable.java@org.apache.metron.hbase.mock.mockhtable.getscanner(byte[]);False;False;0.9034152775648784;0.09658472243512224
metron-platform\metron-hbase\src\test\java\org\apache\metron\hbase\mock\mockhtable.java@org.apache.metron.hbase.mock.mockhtable.getscanner(byte[],byte[]);False;False;0.9034152775648784;0.09658472243512224
metron-platform\metron-hbase\src\test\java\org\apache\metron\hbase\mock\mockhtable.java@org.apache.metron.hbase.mock.mockhtable.gettabledescriptor();False;False;0.992;0.008
metron-platform\metron-hbase\src\test\java\org\apache\metron\hbase\mock\mockhtable.java@org.apache.metron.hbase.mock.mockhtable.gettablename();False;False;1.0;0.0
metron-platform\metron-hbase\src\test\java\org\apache\metron\hbase\mock\mockhtable.java@org.apache.metron.hbase.mock.mockhtable.getwritebuffersize();False;False;1.0;0.0
metron-platform\metron-hbase\src\test\java\org\apache\metron\hbase\mock\mockhtable.java@org.apache.metron.hbase.mock.mockhtable.increment(increment);False;False;0.96;0.04
metron-platform\metron-hbase\src\test\java\org\apache\metron\hbase\mock\mockhtable.java@org.apache.metron.hbase.mock.mockhtable.incrementcolumnvalue(byte[],byte[],byte[],long);False;False;0.9034152775648784;0.09658472243512224
metron-platform\metron-hbase\src\test\java\org\apache\metron\hbase\mock\mockhtable.java@org.apache.metron.hbase.mock.mockhtable.incrementcolumnvalue(byte[],byte[],byte[],long,durability);False;False;0.9034152775648784;0.09658472243512224
metron-platform\metron-hbase\src\test\java\org\apache\metron\hbase\mock\mockhtable.java@org.apache.metron.hbase.mock.mockhtable.incrementcolumnvalue(byte[],byte[],byte[],long,boolean);False;False;0.9034152775648784;0.09658472243512224
metron-platform\metron-hbase\src\test\java\org\apache\metron\hbase\mock\mockhtable.java@org.apache.metron.hbase.mock.mockhtable.isautoflush();False;False;1.0;0.0
metron-platform\metron-hbase\src\test\java\org\apache\metron\hbase\mock\mockhtable.java@org.apache.metron.hbase.mock.mockhtable.iterator();False;False;0.986;0.014
metron-platform\metron-hbase\src\test\java\org\apache\metron\hbase\mock\mockhtable.java@org.apache.metron.hbase.mock.mockhtable.mutaterow(rowmutations);False;False;0.917;0.083
metron-platform\metron-hbase\src\test\java\org\apache\metron\hbase\mock\mockhtable.java@org.apache.metron.hbase.mock.mockhtable.next();False;False;0.9034152775648784;0.09658472243512224
metron-platform\metron-hbase\src\test\java\org\apache\metron\hbase\mock\mockhtable.java@org.apache.metron.hbase.mock.mockhtable.next(int);False;False;0.9688000000000001;0.031200000000000002
metron-platform\metron-hbase\src\test\java\org\apache\metron\hbase\mock\mockhtable.java@org.apache.metron.hbase.mock.mockhtable.put(list);False;False;0.9034152775648784;0.09658472243512224
metron-platform\metron-hbase\src\test\java\org\apache\metron\hbase\mock\mockhtable.java@org.apache.metron.hbase.mock.mockhtable.put(put);False;False;0.94;0.06
metron-platform\metron-hbase\src\test\java\org\apache\metron\hbase\mock\mockhtable.java@org.apache.metron.hbase.mock.mockhtable.setautoflush(boolean);False;False;1.0;0.0
metron-platform\metron-hbase\src\test\java\org\apache\metron\hbase\mock\mockhtable.java@org.apache.metron.hbase.mock.mockhtable.setautoflush(boolean,boolean);False;False;0.9034152775648784;0.09658472243512224
metron-platform\metron-hbase\src\test\java\org\apache\metron\hbase\mock\mockhtable.java@org.apache.metron.hbase.mock.mockhtable.setautoflushto(boolean);False;False;0.7943547591426456;0.20564524085735392
metron-platform\metron-hbase\src\test\java\org\apache\metron\hbase\mock\mockhtable.java@org.apache.metron.hbase.mock.mockhtable.setwritebuffersize(long);False;False;0.986192088879473;0.013807911120527218
metron-platform\metron-hbase\src\test\java\org\apache\metron\hbase\mock\mockhtable.java@org.apache.metron.hbase.mock.mockhtable.size();False;False;1.0;0.0
metron-platform\metron-hbase\src\test\java\org\apache\metron\hbase\mock\mockhtable.java@org.apache.metron.hbase.mock.mockhtable.tokeyvalue(byte[],navigablemap,int);False;False;0.9034152775648784;0.09658472243512224
metron-platform\metron-hbase\src\test\java\org\apache\metron\hbase\mock\mockhtable.java@org.apache.metron.hbase.mock.mockhtable.tokeyvalue(byte[],navigablemap,long,long,int);False;False;0.9034152775648784;0.09658472243512224
metron-platform\metron-indexing\src\main\java\org\apache\metron\indexing\dao\accessconfig.java@org.apache.metron.indexing.dao.accessconfig.getglobalconfigsupplier();False;False;0.997;0.003
metron-platform\metron-indexing\src\main\java\org\apache\metron\indexing\dao\accessconfig.java@org.apache.metron.indexing.dao.accessconfig.getmaxsearchgroups();False;False;1.0;0.0
metron-platform\metron-indexing\src\main\java\org\apache\metron\indexing\dao\accessconfig.java@org.apache.metron.indexing.dao.accessconfig.getmaxsearchresults();False;False;1.0;0.0
metron-platform\metron-indexing\src\main\java\org\apache\metron\indexing\dao\accessconfig.java@org.apache.metron.indexing.dao.accessconfig.getoptionalsettings();False;False;0.9417685107265211;0.05823148927348096
metron-platform\metron-indexing\src\main\java\org\apache\metron\indexing\dao\accessconfig.java@org.apache.metron.indexing.dao.accessconfig.gettableprovider();False;False;1.0;0.0
metron-platform\metron-indexing\src\main\java\org\apache\metron\indexing\dao\accessconfig.java@org.apache.metron.indexing.dao.accessconfig.setglobalconfigsupplier(supplier);False;False;0.9034152775648784;0.09658472243512224
metron-platform\metron-indexing\src\main\java\org\apache\metron\indexing\dao\accessconfig.java@org.apache.metron.indexing.dao.accessconfig.setmaxsearchgroups(integer);False;False;0.7943547591426456;0.20564524085735392
metron-platform\metron-indexing\src\main\java\org\apache\metron\indexing\dao\accessconfig.java@org.apache.metron.indexing.dao.accessconfig.setmaxsearchresults(integer);False;False;0.7943547591426456;0.20564524085735392
metron-platform\metron-indexing\src\main\java\org\apache\metron\indexing\dao\accessconfig.java@org.apache.metron.indexing.dao.accessconfig.setoptionalsettings(map);False;False;0.9034152775648784;0.09658472243512224
metron-platform\metron-indexing\src\main\java\org\apache\metron\indexing\dao\accessconfig.java@org.apache.metron.indexing.dao.accessconfig.settableprovider(tableprovider);False;False;1.0;0.0
metron-platform\metron-indexing\src\main\java\org\apache\metron\indexing\dao\hbasedao.java@org.apache.metron.indexing.dao.hbasedao.key(string,string);False;False;0.9034152775648784;0.09658472243512224
metron-platform\metron-indexing\src\main\java\org\apache\metron\indexing\dao\hbasedao.java@org.apache.metron.indexing.dao.hbasedao.batchupdate(map);False;False;0.9034152775648784;0.09658472243512224
metron-platform\metron-indexing\src\main\java\org\apache\metron\indexing\dao\hbasedao.java@org.apache.metron.indexing.dao.hbasedao.buildget(getrequest);False;False;0.994;0.006
metron-platform\metron-indexing\src\main\java\org\apache\metron\indexing\dao\hbasedao.java@org.apache.metron.indexing.dao.hbasedao.buildput(document);False;False;0.6573;0.3427
metron-platform\metron-indexing\src\main\java\org\apache\metron\indexing\dao\hbasedao.java@org.apache.metron.indexing.dao.hbasedao.equals(object);False;False;1.0;0.0
metron-platform\metron-indexing\src\main\java\org\apache\metron\indexing\dao\hbasedao.java@org.apache.metron.indexing.dao.hbasedao.frombytes(byte[]);False;False;0.9034152775648784;0.09658472243512224
metron-platform\metron-indexing\src\main\java\org\apache\metron\indexing\dao\hbasedao.java@org.apache.metron.indexing.dao.hbasedao.getalllatest(list);False;False;0.9034152775648784;0.09658472243512224
metron-platform\metron-indexing\src\main\java\org\apache\metron\indexing\dao\hbasedao.java@org.apache.metron.indexing.dao.hbasedao.getcolumnmetadata(list);False;False;0.9034152775648784;0.09658472243512224
metron-platform\metron-indexing\src\main\java\org\apache\metron\indexing\dao\hbasedao.java@org.apache.metron.indexing.dao.hbasedao.getdocumentfromresult(result);False;False;0.9034152775648784;0.09658472243512224
metron-platform\metron-indexing\src\main\java\org\apache\metron\indexing\dao\hbasedao.java@org.apache.metron.indexing.dao.hbasedao.getguid();False;False;1.0;0.0
metron-platform\metron-indexing\src\main\java\org\apache\metron\indexing\dao\hbasedao.java@org.apache.metron.indexing.dao.hbasedao.getlatest(string,string);False;False;0.9034152775648784;0.09658472243512224
metron-platform\metron-indexing\src\main\java\org\apache\metron\indexing\dao\hbasedao.java@org.apache.metron.indexing.dao.hbasedao.getsensortype();False;False;1.0;0.0
metron-platform\metron-indexing\src\main\java\org\apache\metron\indexing\dao\hbasedao.java@org.apache.metron.indexing.dao.hbasedao.gettableinterface();False;False;0.999;0.001
metron-platform\metron-indexing\src\main\java\org\apache\metron\indexing\dao\hbasedao.java@org.apache.metron.indexing.dao.hbasedao.group(grouprequest);False;False;1.0;0.0
metron-platform\metron-indexing\src\main\java\org\apache\metron\indexing\dao\hbasedao.java@org.apache.metron.indexing.dao.hbasedao.hashcode();False;False;0.9034152775648784;0.09658472243512224
metron-platform\metron-indexing\src\main\java\org\apache\metron\indexing\dao\hbasedao.java@org.apache.metron.indexing.dao.hbasedao.init(accessconfig);False;False;0.9034152775648784;0.09658472243512224
metron-platform\metron-indexing\src\main\java\org\apache\metron\indexing\dao\hbasedao.java@org.apache.metron.indexing.dao.hbasedao.search(searchrequest);False;False;0.999;0.001
metron-platform\metron-indexing\src\main\java\org\apache\metron\indexing\dao\hbasedao.java@org.apache.metron.indexing.dao.hbasedao.tobytes();False;False;0.949;0.051
metron-platform\metron-indexing\src\main\java\org\apache\metron\indexing\dao\hbasedao.java@org.apache.metron.indexing.dao.hbasedao.tobytes(key);False;False;1.0;0.0
metron-platform\metron-indexing\src\main\java\org\apache\metron\indexing\dao\hbasedao.java@org.apache.metron.indexing.dao.hbasedao.update(document,optional);False;False;0.9034152775648784;0.09658472243512224
metron-platform\metron-indexing\src\main\java\org\apache\metron\indexing\dao\hbasedao.java@org.apache.metron.indexing.dao.key.key(string,string);False;False;0.9034152775648784;0.09658472243512224
metron-platform\metron-indexing\src\main\java\org\apache\metron\indexing\dao\hbasedao.java@org.apache.metron.indexing.dao.key.equals(object);False;False;0.9034152775648784;0.09658472243512224
metron-platform\metron-indexing\src\main\java\org\apache\metron\indexing\dao\hbasedao.java@org.apache.metron.indexing.dao.key.frombytes(byte[]);False;False;0.9034152775648784;0.09658472243512224
metron-platform\metron-indexing\src\main\java\org\apache\metron\indexing\dao\hbasedao.java@org.apache.metron.indexing.dao.key.getguid();False;False;0.9851351218008023;0.014864878199197096
metron-platform\metron-indexing\src\main\java\org\apache\metron\indexing\dao\hbasedao.java@org.apache.metron.indexing.dao.key.getsensortype();False;False;0.9851351218008023;0.014864878199197096
metron-platform\metron-indexing\src\main\java\org\apache\metron\indexing\dao\hbasedao.java@org.apache.metron.indexing.dao.key.hashcode();False;False;0.9983333333333333;0.0016666666666666666
metron-platform\metron-indexing\src\main\java\org\apache\metron\indexing\dao\hbasedao.java@org.apache.metron.indexing.dao.key.tobytes();False;False;1.0;0.0
metron-platform\metron-indexing\src\main\java\org\apache\metron\indexing\dao\hbasedao.java@org.apache.metron.indexing.dao.key.tobytes(key);False;False;0.9034152775648784;0.09658472243512224
metron-platform\metron-indexing\src\main\java\org\apache\metron\indexing\dao\indexdaofactory.java@org.apache.metron.indexing.dao.indexdaofactory.combine(iterable);False;False;0.9034152775648784;0.09658472243512224
metron-platform\metron-indexing\src\main\java\org\apache\metron\indexing\dao\indexdaofactory.java@org.apache.metron.indexing.dao.indexdaofactory.combine(iterable,function);False;False;0.9034152775648784;0.09658472243512224
metron-platform\metron-indexing\src\main\java\org\apache\metron\indexing\dao\indexdaofactory.java@org.apache.metron.indexing.dao.indexdaofactory.create(string,accessconfig);False;False;0.9034152775648784;0.09658472243512224
metron-platform\metron-indexing\src\main\java\org\apache\metron\indexing\dao\multiindexdao.java@org.apache.metron.indexing.dao.documentcontainer.documentcontainer(document);False;False;0.9034152775648784;0.09658472243512224
metron-platform\metron-indexing\src\main\java\org\apache\metron\indexing\dao\multiindexdao.java@org.apache.metron.indexing.dao.documentcontainer.documentcontainer(throwable);False;False;0.9034152775648784;0.09658472243512224
metron-platform\metron-indexing\src\main\java\org\apache\metron\indexing\dao\multiindexdao.java@org.apache.metron.indexing.dao.documentcontainer.getdocument();False;False;0.9851351218008023;0.014864878199197096
metron-platform\metron-indexing\src\main\java\org\apache\metron\indexing\dao\multiindexdao.java@org.apache.metron.indexing.dao.documentcontainer.getexception();False;False;1.0;0.0
metron-platform\metron-indexing\src\main\java\org\apache\metron\indexing\dao\multiindexdao.java@org.apache.metron.indexing.dao.documentiterablecontainer.documentiterablecontainer(iterable);False;False;0.9034152775648784;0.09658472243512224
metron-platform\metron-indexing\src\main\java\org\apache\metron\indexing\dao\multiindexdao.java@org.apache.metron.indexing.dao.documentiterablecontainer.documentiterablecontainer(throwable);False;False;0.9034152775648784;0.09658472243512224
metron-platform\metron-indexing\src\main\java\org\apache\metron\indexing\dao\multiindexdao.java@org.apache.metron.indexing.dao.documentiterablecontainer.getdocumentiterable();False;False;0.9851351218008023;0.014864878199197096
metron-platform\metron-indexing\src\main\java\org\apache\metron\indexing\dao\multiindexdao.java@org.apache.metron.indexing.dao.documentiterablecontainer.getexception();False;False;1.0;0.0
metron-platform\metron-indexing\src\main\java\org\apache\metron\indexing\dao\multiindexdao.java@org.apache.metron.indexing.dao.multiindexdao.documentcontainer(document);False;False;0.9034152775648784;0.09658472243512224
metron-platform\metron-indexing\src\main\java\org\apache\metron\indexing\dao\multiindexdao.java@org.apache.metron.indexing.dao.multiindexdao.documentcontainer(throwable);False;False;0.9034152775648784;0.09658472243512224
metron-platform\metron-indexing\src\main\java\org\apache\metron\indexing\dao\multiindexdao.java@org.apache.metron.indexing.dao.multiindexdao.documentiterablecontainer(iterable);False;False;0.9034152775648784;0.09658472243512224
metron-platform\metron-indexing\src\main\java\org\apache\metron\indexing\dao\multiindexdao.java@org.apache.metron.indexing.dao.multiindexdao.documentiterablecontainer(throwable);False;False;0.9034152775648784;0.09658472243512224
metron-platform\metron-indexing\src\main\java\org\apache\metron\indexing\dao\multiindexdao.java@org.apache.metron.indexing.dao.multiindexdao.multiindexdao(indexdao);False;False;0.9034152775648784;0.09658472243512224
metron-platform\metron-indexing\src\main\java\org\apache\metron\indexing\dao\multiindexdao.java@org.apache.metron.indexing.dao.multiindexdao.multiindexdao(iterable);False;False;0.9034152775648784;0.09658472243512224
metron-platform\metron-indexing\src\main\java\org\apache\metron\indexing\dao\multiindexdao.java@org.apache.metron.indexing.dao.multiindexdao.multiindexdao(iterable,function);False;False;0.9034152775648784;0.09658472243512224
metron-platform\metron-indexing\src\main\java\org\apache\metron\indexing\dao\multiindexdao.java@org.apache.metron.indexing.dao.multiindexdao.batchupdate(map);False;False;0.9034152775648784;0.09658472243512224
metron-platform\metron-indexing\src\main\java\org\apache\metron\indexing\dao\multiindexdao.java@org.apache.metron.indexing.dao.multiindexdao.getalllatest(list);False;False;0.9034152775648784;0.09658472243512224
metron-platform\metron-indexing\src\main\java\org\apache\metron\indexing\dao\multiindexdao.java@org.apache.metron.indexing.dao.multiindexdao.getcolumnmetadata(list);False;False;0.9034152775648784;0.09658472243512224
metron-platform\metron-indexing\src\main\java\org\apache\metron\indexing\dao\multiindexdao.java@org.apache.metron.indexing.dao.multiindexdao.getdocument();False;False;0.9999871794871794;1.282051282051282e-05
metron-platform\metron-indexing\src\main\java\org\apache\metron\indexing\dao\multiindexdao.java@org.apache.metron.indexing.dao.multiindexdao.getdocumentiterable();False;False;1.0;0.0
metron-platform\metron-indexing\src\main\java\org\apache\metron\indexing\dao\multiindexdao.java@org.apache.metron.indexing.dao.multiindexdao.getexception();False;False;0.9034152775648784;0.09658472243512224
metron-platform\metron-indexing\src\main\java\org\apache\metron\indexing\dao\multiindexdao.java@org.apache.metron.indexing.dao.multiindexdao.getindices();False;False;1.0;0.0
metron-platform\metron-indexing\src\main\java\org\apache\metron\indexing\dao\multiindexdao.java@org.apache.metron.indexing.dao.multiindexdao.getlatest(string,string);False;False;0.9034152775648784;0.09658472243512224
metron-platform\metron-indexing\src\main\java\org\apache\metron\indexing\dao\multiindexdao.java@org.apache.metron.indexing.dao.multiindexdao.group(grouprequest);False;False;0.999;0.001
metron-platform\metron-indexing\src\main\java\org\apache\metron\indexing\dao\multiindexdao.java@org.apache.metron.indexing.dao.multiindexdao.init(accessconfig);False;False;0.998;0.002
metron-platform\metron-indexing\src\main\java\org\apache\metron\indexing\dao\multiindexdao.java@org.apache.metron.indexing.dao.multiindexdao.search(searchrequest);False;False;0.999;0.001
metron-platform\metron-indexing\src\main\java\org\apache\metron\indexing\dao\multiindexdao.java@org.apache.metron.indexing.dao.multiindexdao.update(document,optional);False;False;0.9034152775648784;0.09658472243512224
metron-platform\metron-indexing\src\main\java\org\apache\metron\indexing\dao\metaalert\metaalertaddremoverequest.java@org.apache.metron.indexing.dao.metaalert.metaalertaddremoverequest.getalerts();False;False;1.0;0.0
metron-platform\metron-indexing\src\main\java\org\apache\metron\indexing\dao\metaalert\metaalertaddremoverequest.java@org.apache.metron.indexing.dao.metaalert.metaalertaddremoverequest.getmetaalertguid();False;False;1.0;0.0
metron-platform\metron-indexing\src\main\java\org\apache\metron\indexing\dao\metaalert\metaalertaddremoverequest.java@org.apache.metron.indexing.dao.metaalert.metaalertaddremoverequest.setalerts(list);False;False;0.9034152775648784;0.09658472243512224
metron-platform\metron-indexing\src\main\java\org\apache\metron\indexing\dao\metaalert\metaalertaddremoverequest.java@org.apache.metron.indexing.dao.metaalert.metaalertaddremoverequest.setmetaalertguid(string);False;False;1.0;0.0
metron-platform\metron-indexing\src\main\java\org\apache\metron\indexing\dao\metaalert\metaalertconfig.java@org.apache.metron.indexing.dao.metaalert.metaalertconfig.metaalertconfig(string,string,string,string);True;False;0.9034152775648784;0.09658472243512224
metron-platform\metron-indexing\src\main\java\org\apache\metron\indexing\dao\metaalert\metaalertconfig.java@org.apache.metron.indexing.dao.metaalert.metaalertconfig.metaalertconfig(string,string,supplier);True;False;0.9034152775648784;0.09658472243512224
metron-platform\metron-indexing\src\main\java\org\apache\metron\indexing\dao\metaalert\metaalertconfig.java@org.apache.metron.indexing.dao.metaalert.metaalertconfig.getmetaalertindex();False;False;0.9034152775648784;0.09658472243512224
metron-platform\metron-indexing\src\main\java\org\apache\metron\indexing\dao\metaalert\metaalertconfig.java@org.apache.metron.indexing.dao.metaalert.metaalertconfig.getsourcetypefield();True;False;0.9034152775648784;0.09658472243512224
metron-platform\metron-indexing\src\main\java\org\apache\metron\indexing\dao\metaalert\metaalertconfig.java@org.apache.metron.indexing.dao.metaalert.metaalertconfig.getthreatsort();False;False;0.9034152775648784;0.09658472243512224
metron-platform\metron-indexing\src\main\java\org\apache\metron\indexing\dao\metaalert\metaalertconfig.java@org.apache.metron.indexing.dao.metaalert.metaalertconfig.getthreattriagefield();True;False;0.9034152775648784;0.09658472243512224
metron-platform\metron-indexing\src\main\java\org\apache\metron\indexing\dao\metaalert\metaalertconfig.java@org.apache.metron.indexing.dao.metaalert.metaalertconfig.setmetaalertindex(string);False;False;0.9034152775648784;0.09658472243512224
metron-platform\metron-indexing\src\main\java\org\apache\metron\indexing\dao\metaalert\metaalertconfig.java@org.apache.metron.indexing.dao.metaalert.metaalertconfig.setsourcetypefield(string);True;False;0.9034152775648784;0.09658472243512224
metron-platform\metron-indexing\src\main\java\org\apache\metron\indexing\dao\metaalert\metaalertconfig.java@org.apache.metron.indexing.dao.metaalert.metaalertconfig.setthreatsort(string);False;False;0.9034152775648784;0.09658472243512224
metron-platform\metron-indexing\src\main\java\org\apache\metron\indexing\dao\metaalert\metaalertconfig.java@org.apache.metron.indexing.dao.metaalert.metaalertconfig.setthreattriagefield(string);True;False;0.9034152775648784;0.09658472243512224
metron-platform\metron-indexing\src\main\java\org\apache\metron\indexing\dao\metaalert\metaalertcreaterequest.java@org.apache.metron.indexing.dao.metaalert.metaalertcreaterequest.metaalertcreaterequest();False;False;0.9034152775648784;0.09658472243512224
metron-platform\metron-indexing\src\main\java\org\apache\metron\indexing\dao\metaalert\metaalertcreaterequest.java@org.apache.metron.indexing.dao.metaalert.metaalertcreaterequest.getalerts();False;False;0.997;0.003
metron-platform\metron-indexing\src\main\java\org\apache\metron\indexing\dao\metaalert\metaalertcreaterequest.java@org.apache.metron.indexing.dao.metaalert.metaalertcreaterequest.getgroups();False;False;0.9870016977227632;0.012998302277236747
metron-platform\metron-indexing\src\main\java\org\apache\metron\indexing\dao\metaalert\metaalertcreaterequest.java@org.apache.metron.indexing.dao.metaalert.metaalertcreaterequest.setalerts(list);False;False;0.9034152775648784;0.09658472243512224
metron-platform\metron-indexing\src\main\java\org\apache\metron\indexing\dao\metaalert\metaalertcreaterequest.java@org.apache.metron.indexing.dao.metaalert.metaalertcreaterequest.setgroups(list);False;False;0.9034152775648784;0.09658472243512224
metron-platform\metron-indexing\src\main\java\org\apache\metron\indexing\dao\metaalert\metaalertcreateresponse.java@org.apache.metron.indexing.dao.metaalert.metaalertcreateresponse.getguid();False;False;0.9870016977227632;0.012998302277236747
metron-platform\metron-indexing\src\main\java\org\apache\metron\indexing\dao\metaalert\metaalertcreateresponse.java@org.apache.metron.indexing.dao.metaalert.metaalertcreateresponse.iscreated();False;False;0.9997792556577959;0.0002207443422039422
metron-platform\metron-indexing\src\main\java\org\apache\metron\indexing\dao\metaalert\metaalertcreateresponse.java@org.apache.metron.indexing.dao.metaalert.metaalertcreateresponse.setcreated(boolean);False;False;0.9863333374684377;0.013666662531561671
metron-platform\metron-indexing\src\main\java\org\apache\metron\indexing\dao\metaalert\metaalertcreateresponse.java@org.apache.metron.indexing.dao.metaalert.metaalertcreateresponse.setguid(string);False;False;0.9863333374684377;0.013666662531561671
metron-platform\metron-indexing\src\main\java\org\apache\metron\indexing\dao\metaalert\metascores.java@org.apache.metron.indexing.dao.metaalert.metascores.metascores(list);False;False;0.9034152775648784;0.09658472243512224
metron-platform\metron-indexing\src\main\java\org\apache\metron\indexing\dao\metaalert\metascores.java@org.apache.metron.indexing.dao.metaalert.metascores.getmetascores();False;False;0.999;0.001
metron-platform\metron-indexing\src\main\java\org\apache\metron\indexing\dao\metaalert\lucene\abstractlucenemetaalertupdatedao.java@org.apache.metron.indexing.dao.metaalert.lucene.abstractlucenemetaalertupdatedao.abstractlucenemetaalertupdatedao(updatedao,metaalertretrievelatestdao,metaalertconfig);False;False;0.9034152775648784;0.09658472243512224
metron-platform\metron-indexing\src\main\java\org\apache\metron\indexing\dao\metaalert\lucene\abstractlucenemetaalertupdatedao.java@org.apache.metron.indexing.dao.metaalert.lucene.abstractlucenemetaalertupdatedao.addalertstometaalert(document,iterable);False;False;0.9034152775648784;0.09658472243512224
metron-platform\metron-indexing\src\main\java\org\apache\metron\indexing\dao\metaalert\lucene\abstractlucenemetaalertupdatedao.java@org.apache.metron.indexing.dao.metaalert.lucene.abstractlucenemetaalertupdatedao.batchupdate(map);False;False;0.9034152775648784;0.09658472243512224
metron-platform\metron-indexing\src\main\java\org\apache\metron\indexing\dao\metaalert\lucene\abstractlucenemetaalertupdatedao.java@org.apache.metron.indexing.dao.metaalert.lucene.abstractlucenemetaalertupdatedao.buildaddalerttometaalertupdates(document,iterable);False;False;0.9034152775648784;0.09658472243512224
metron-platform\metron-indexing\src\main\java\org\apache\metron\indexing\dao\metaalert\lucene\abstractlucenemetaalertupdatedao.java@org.apache.metron.indexing.dao.metaalert.lucene.abstractlucenemetaalertupdatedao.buildcreatedocument(iterable,list,string);False;False;0.9034152775648784;0.09658472243512224
metron-platform\metron-indexing\src\main\java\org\apache\metron\indexing\dao\metaalert\lucene\abstractlucenemetaalertupdatedao.java@org.apache.metron.indexing.dao.metaalert.lucene.abstractlucenemetaalertupdatedao.buildremovealertsfrommetaalert(document,iterable);False;False;0.9034152775648784;0.09658472243512224
metron-platform\metron-indexing\src\main\java\org\apache\metron\indexing\dao\metaalert\lucene\abstractlucenemetaalertupdatedao.java@org.apache.metron.indexing.dao.metaalert.lucene.abstractlucenemetaalertupdatedao.buildstatuschangeupdates(document,iterable,metaalertstatus);False;False;0.9034152775648784;0.09658472243512224
metron-platform\metron-indexing\src\main\java\org\apache\metron\indexing\dao\metaalert\lucene\abstractlucenemetaalertupdatedao.java@org.apache.metron.indexing.dao.metaalert.lucene.abstractlucenemetaalertupdatedao.getconfig();False;False;0.9034152775648784;0.09658472243512224
metron-platform\metron-indexing\src\main\java\org\apache\metron\indexing\dao\metaalert\lucene\abstractlucenemetaalertupdatedao.java@org.apache.metron.indexing.dao.metaalert.lucene.abstractlucenemetaalertupdatedao.getretrievelatestdao();False;False;0.9034152775648784;0.09658472243512224
metron-platform\metron-indexing\src\main\java\org\apache\metron\indexing\dao\metaalert\lucene\abstractlucenemetaalertupdatedao.java@org.apache.metron.indexing.dao.metaalert.lucene.abstractlucenemetaalertupdatedao.getupdatedao();False;False;0.9034152775648784;0.09658472243512224
metron-platform\metron-indexing\src\main\java\org\apache\metron\indexing\dao\metaalert\lucene\abstractlucenemetaalertupdatedao.java@org.apache.metron.indexing.dao.metaalert.lucene.abstractlucenemetaalertupdatedao.patch(retrievelatestdao,patchrequest,optional);False;False;0.9034152775648784;0.09658472243512224
metron-platform\metron-indexing\src\main\java\org\apache\metron\indexing\dao\metaalert\lucene\abstractlucenemetaalertupdatedao.java@org.apache.metron.indexing.dao.metaalert.lucene.abstractlucenemetaalertupdatedao.removealertsfrommetaalert(document,collection);False;False;0.9034152775648784;0.09658472243512224
metron-platform\metron-indexing\src\main\java\org\apache\metron\indexing\dao\metaalert\lucene\abstractlucenemetaalertupdatedao.java@org.apache.metron.indexing.dao.metaalert.lucene.abstractlucenemetaalertupdatedao.removealertsfrommetaalert(string,list);False;False;0.9034152775648784;0.09658472243512224
metron-platform\metron-indexing\src\main\java\org\apache\metron\indexing\dao\metaalert\lucene\abstractlucenemetaalertupdatedao.java@org.apache.metron.indexing.dao.metaalert.lucene.abstractlucenemetaalertupdatedao.update(map);False;False;0.9034152775648784;0.09658472243512224
metron-platform\metron-indexing\src\main\java\org\apache\metron\indexing\dao\metaalert\lucene\abstractlucenemetaalertupdatedao.java@org.apache.metron.indexing.dao.metaalert.lucene.abstractlucenemetaalertupdatedao.updatemetaalertstatus(string,metaalertstatus);False;False;0.9034152775648784;0.09658472243512224
metron-platform\metron-indexing\src\main\java\org\apache\metron\indexing\dao\search\getrequest.java@org.apache.metron.indexing.dao.search.getrequest.getrequest(string,string);False;False;0.9034152775648784;0.09658472243512224
metron-platform\metron-indexing\src\main\java\org\apache\metron\indexing\dao\search\getrequest.java@org.apache.metron.indexing.dao.search.getrequest.getrequest(string,string,string);False;False;0.9034152775648784;0.09658472243512224
metron-platform\metron-indexing\src\main\java\org\apache\metron\indexing\dao\search\getrequest.java@org.apache.metron.indexing.dao.search.getrequest.getguid();False;False;0.999;0.001
metron-platform\metron-indexing\src\main\java\org\apache\metron\indexing\dao\search\getrequest.java@org.apache.metron.indexing.dao.search.getrequest.getindex();False;False;0.993376984126984;0.006623015873015873
metron-platform\metron-indexing\src\main\java\org\apache\metron\indexing\dao\search\getrequest.java@org.apache.metron.indexing.dao.search.getrequest.getindexstring();False;False;1.0;0.0
metron-platform\metron-indexing\src\main\java\org\apache\metron\indexing\dao\search\getrequest.java@org.apache.metron.indexing.dao.search.getrequest.getsensortype();False;False;1.0;0.0
metron-platform\metron-indexing\src\main\java\org\apache\metron\indexing\dao\search\getrequest.java@org.apache.metron.indexing.dao.search.getrequest.setguid(string);False;False;0.9863333374684377;0.013666662531561671
metron-platform\metron-indexing\src\main\java\org\apache\metron\indexing\dao\search\getrequest.java@org.apache.metron.indexing.dao.search.getrequest.setindex(string);False;False;0.9863333374684377;0.013666662531561671
metron-platform\metron-indexing\src\main\java\org\apache\metron\indexing\dao\search\getrequest.java@org.apache.metron.indexing.dao.search.getrequest.setsensortype(string);False;False;0.9775952569781741;0.022404743021829047
metron-platform\metron-indexing\src\main\java\org\apache\metron\indexing\dao\search\group.java@org.apache.metron.indexing.dao.search.group.group();False;False;0.9034152775648784;0.09658472243512224
metron-platform\metron-indexing\src\main\java\org\apache\metron\indexing\dao\search\group.java@org.apache.metron.indexing.dao.search.group.getfield();False;False;0.9870016977227632;0.012998302277236747
metron-platform\metron-indexing\src\main\java\org\apache\metron\indexing\dao\search\group.java@org.apache.metron.indexing.dao.search.group.getorder();False;False;0.981;0.019
metron-platform\metron-indexing\src\main\java\org\apache\metron\indexing\dao\search\group.java@org.apache.metron.indexing.dao.search.group.setfield(string);False;False;0.9863333374684377;0.013666662531561671
metron-platform\metron-indexing\src\main\java\org\apache\metron\indexing\dao\search\group.java@org.apache.metron.indexing.dao.search.group.setorder(grouporder);False;False;1.0;0.0
metron-platform\metron-indexing\src\main\java\org\apache\metron\indexing\dao\search\grouporder.java@org.apache.metron.indexing.dao.search.grouporder.getgroupordertype();False;False;1.0;0.0
metron-platform\metron-indexing\src\main\java\org\apache\metron\indexing\dao\search\grouporder.java@org.apache.metron.indexing.dao.search.grouporder.getsortorder();False;False;0.999;0.001
metron-platform\metron-indexing\src\main\java\org\apache\metron\indexing\dao\search\grouporder.java@org.apache.metron.indexing.dao.search.grouporder.setgroupordertype(string);False;False;1.0;0.0
metron-platform\metron-indexing\src\main\java\org\apache\metron\indexing\dao\search\grouporder.java@org.apache.metron.indexing.dao.search.grouporder.setsortorder(string);False;False;1.0;0.0
metron-platform\metron-indexing\src\main\java\org\apache\metron\indexing\dao\search\grouprequest.java@org.apache.metron.indexing.dao.search.grouprequest.getgroups();False;False;1.0;0.0
metron-platform\metron-indexing\src\main\java\org\apache\metron\indexing\dao\search\grouprequest.java@org.apache.metron.indexing.dao.search.grouprequest.getindices();False;False;0.975;0.025
metron-platform\metron-indexing\src\main\java\org\apache\metron\indexing\dao\search\grouprequest.java@org.apache.metron.indexing.dao.search.grouprequest.getquery();False;False;0.9870016977227632;0.012998302277236747
metron-platform\metron-indexing\src\main\java\org\apache\metron\indexing\dao\search\grouprequest.java@org.apache.metron.indexing.dao.search.grouprequest.getscorefield();False;False;0.9985499999999999;0.00145
metron-platform\metron-indexing\src\main\java\org\apache\metron\indexing\dao\search\grouprequest.java@org.apache.metron.indexing.dao.search.grouprequest.setgroups(list);False;False;0.9034152775648784;0.09658472243512224
metron-platform\metron-indexing\src\main\java\org\apache\metron\indexing\dao\search\grouprequest.java@org.apache.metron.indexing.dao.search.grouprequest.setindices(list);False;False;0.9034152775648784;0.09658472243512224
metron-platform\metron-indexing\src\main\java\org\apache\metron\indexing\dao\search\grouprequest.java@org.apache.metron.indexing.dao.search.grouprequest.setquery(string);False;False;0.9863333374684377;0.013666662531561671
metron-platform\metron-indexing\src\main\java\org\apache\metron\indexing\dao\search\grouprequest.java@org.apache.metron.indexing.dao.search.grouprequest.setscorefield(string);False;False;0.9775952569781741;0.022404743021829047
metron-platform\metron-indexing\src\main\java\org\apache\metron\indexing\dao\search\groupresponse.java@org.apache.metron.indexing.dao.search.groupresponse.getgroupresults();False;False;1.0;0.0
metron-platform\metron-indexing\src\main\java\org\apache\metron\indexing\dao\search\groupresponse.java@org.apache.metron.indexing.dao.search.groupresponse.getgroupedby();False;False;0.999;0.001
metron-platform\metron-indexing\src\main\java\org\apache\metron\indexing\dao\search\groupresponse.java@org.apache.metron.indexing.dao.search.groupresponse.setgroupresults(list);False;False;0.9034152775648784;0.09658472243512224
metron-platform\metron-indexing\src\main\java\org\apache\metron\indexing\dao\search\groupresponse.java@org.apache.metron.indexing.dao.search.groupresponse.setgroupedby(string);False;False;0.9775952569781741;0.022404743021829047
metron-platform\metron-indexing\src\main\java\org\apache\metron\indexing\dao\search\groupresult.java@org.apache.metron.indexing.dao.search.groupresult.getgroupresults();False;False;1.0;0.0
metron-platform\metron-indexing\src\main\java\org\apache\metron\indexing\dao\search\groupresult.java@org.apache.metron.indexing.dao.search.groupresult.getgroupedby();False;False;1.0;0.0
metron-platform\metron-indexing\src\main\java\org\apache\metron\indexing\dao\search\groupresult.java@org.apache.metron.indexing.dao.search.groupresult.getkey();False;False;0.996;0.004
metron-platform\metron-indexing\src\main\java\org\apache\metron\indexing\dao\search\groupresult.java@org.apache.metron.indexing.dao.search.groupresult.getscore();False;False;1.0;0.0
metron-platform\metron-indexing\src\main\java\org\apache\metron\indexing\dao\search\groupresult.java@org.apache.metron.indexing.dao.search.groupresult.gettotal();False;False;0.9870016977227632;0.012998302277236747
metron-platform\metron-indexing\src\main\java\org\apache\metron\indexing\dao\search\groupresult.java@org.apache.metron.indexing.dao.search.groupresult.setgroupresults(list);False;False;0.9034152775648784;0.09658472243512224
metron-platform\metron-indexing\src\main\java\org\apache\metron\indexing\dao\search\groupresult.java@org.apache.metron.indexing.dao.search.groupresult.setgroupedby(string);False;False;0.9775952569781741;0.022404743021829047
metron-platform\metron-indexing\src\main\java\org\apache\metron\indexing\dao\search\groupresult.java@org.apache.metron.indexing.dao.search.groupresult.setkey(string);False;False;0.9863333374684377;0.013666662531561671
metron-platform\metron-indexing\src\main\java\org\apache\metron\indexing\dao\search\groupresult.java@org.apache.metron.indexing.dao.search.groupresult.setscore(double);False;False;0.9775952569781741;0.022404743021829047
metron-platform\metron-indexing\src\main\java\org\apache\metron\indexing\dao\search\groupresult.java@org.apache.metron.indexing.dao.search.groupresult.settotal(long);False;False;0.9863333374684377;0.013666662531561671
metron-platform\metron-indexing\src\main\java\org\apache\metron\indexing\dao\search\invalidcreateexception.java@org.apache.metron.indexing.dao.search.invalidcreateexception.invalidcreateexception(string);False;False;0.9034152775648784;0.09658472243512224
metron-platform\metron-indexing\src\main\java\org\apache\metron\indexing\dao\search\invalidcreateexception.java@org.apache.metron.indexing.dao.search.invalidcreateexception.invalidcreateexception(string,throwable);False;False;0.9034152775648784;0.09658472243512224
metron-platform\metron-indexing\src\main\java\org\apache\metron\indexing\dao\search\invalidsearchexception.java@org.apache.metron.indexing.dao.search.invalidsearchexception.invalidsearchexception(string);False;False;0.9034152775648784;0.09658472243512224
metron-platform\metron-indexing\src\main\java\org\apache\metron\indexing\dao\search\invalidsearchexception.java@org.apache.metron.indexing.dao.search.invalidsearchexception.invalidsearchexception(string,throwable);False;False;0.9034152775648784;0.09658472243512224
metron-platform\metron-indexing\src\main\java\org\apache\metron\indexing\dao\search\searchrequest.java@org.apache.metron.indexing.dao.search.searchrequest.searchrequest();False;False;0.9034152775648784;0.09658472243512224
metron-platform\metron-indexing\src\main\java\org\apache\metron\indexing\dao\search\searchrequest.java@org.apache.metron.indexing.dao.search.searchrequest.equals(object);False;True;0.301;0.699
metron-platform\metron-indexing\src\main\java\org\apache\metron\indexing\dao\search\searchrequest.java@org.apache.metron.indexing.dao.search.searchrequest.getfacetfields();False;False;1.0;0.0
metron-platform\metron-indexing\src\main\java\org\apache\metron\indexing\dao\search\searchrequest.java@org.apache.metron.indexing.dao.search.searchrequest.getfields();False;False;0.9870016977227632;0.012998302277236747
metron-platform\metron-indexing\src\main\java\org\apache\metron\indexing\dao\search\searchrequest.java@org.apache.metron.indexing.dao.search.searchrequest.getfrom();False;False;1.0;0.0
metron-platform\metron-indexing\src\main\java\org\apache\metron\indexing\dao\search\searchrequest.java@org.apache.metron.indexing.dao.search.searchrequest.getindices();False;False;1.0;0.0
metron-platform\metron-indexing\src\main\java\org\apache\metron\indexing\dao\search\searchrequest.java@org.apache.metron.indexing.dao.search.searchrequest.getquery();False;False;1.0;0.0
metron-platform\metron-indexing\src\main\java\org\apache\metron\indexing\dao\search\searchrequest.java@org.apache.metron.indexing.dao.search.searchrequest.getsize();False;False;1.0;0.0
metron-platform\metron-indexing\src\main\java\org\apache\metron\indexing\dao\search\searchrequest.java@org.apache.metron.indexing.dao.search.searchrequest.getsort();False;False;0.999875;0.000125
metron-platform\metron-indexing\src\main\java\org\apache\metron\indexing\dao\search\searchrequest.java@org.apache.metron.indexing.dao.search.searchrequest.hashcode();False;True;0.476;0.524
metron-platform\metron-indexing\src\main\java\org\apache\metron\indexing\dao\search\searchrequest.java@org.apache.metron.indexing.dao.search.searchrequest.setfacetfields(list);False;False;0.9034152775648784;0.09658472243512224
metron-platform\metron-indexing\src\main\java\org\apache\metron\indexing\dao\search\searchrequest.java@org.apache.metron.indexing.dao.search.searchrequest.setfields(list);False;False;0.9034152775648784;0.09658472243512224
metron-platform\metron-indexing\src\main\java\org\apache\metron\indexing\dao\search\searchrequest.java@org.apache.metron.indexing.dao.search.searchrequest.setfrom(int);False;False;0.9863333374684377;0.013666662531561671
metron-platform\metron-indexing\src\main\java\org\apache\metron\indexing\dao\search\searchrequest.java@org.apache.metron.indexing.dao.search.searchrequest.setindices(list);False;False;0.9034152775648784;0.09658472243512224
metron-platform\metron-indexing\src\main\java\org\apache\metron\indexing\dao\search\searchrequest.java@org.apache.metron.indexing.dao.search.searchrequest.setquery(string);False;False;0.9863333374684377;0.013666662531561671
metron-platform\metron-indexing\src\main\java\org\apache\metron\indexing\dao\search\searchrequest.java@org.apache.metron.indexing.dao.search.searchrequest.setsize(int);False;False;0.9863333374684377;0.013666662531561671
metron-platform\metron-indexing\src\main\java\org\apache\metron\indexing\dao\search\searchrequest.java@org.apache.metron.indexing.dao.search.searchrequest.setsort(list);False;False;0.9034152775648784;0.09658472243512224
metron-platform\metron-indexing\src\main\java\org\apache\metron\indexing\dao\search\searchresponse.java@org.apache.metron.indexing.dao.search.searchresponse.getfacetcounts();False;False;1.0;0.0
metron-platform\metron-indexing\src\main\java\org\apache\metron\indexing\dao\search\searchresponse.java@org.apache.metron.indexing.dao.search.searchresponse.getresults();False;False;0.8722588954818835;0.12774110451811724
metron-platform\metron-indexing\src\main\java\org\apache\metron\indexing\dao\search\searchresponse.java@org.apache.metron.indexing.dao.search.searchresponse.gettotal();False;False;1.0;0.0
metron-platform\metron-indexing\src\main\java\org\apache\metron\indexing\dao\search\searchresponse.java@org.apache.metron.indexing.dao.search.searchresponse.setfacetcounts(map);False;False;0.9034152775648784;0.09658472243512224
metron-platform\metron-indexing\src\main\java\org\apache\metron\indexing\dao\search\searchresponse.java@org.apache.metron.indexing.dao.search.searchresponse.setresults(list);False;False;0.9034152775648784;0.09658472243512224
metron-platform\metron-indexing\src\main\java\org\apache\metron\indexing\dao\search\searchresponse.java@org.apache.metron.indexing.dao.search.searchresponse.settotal(long);False;False;0.9863333374684377;0.013666662531561671
metron-platform\metron-indexing\src\main\java\org\apache\metron\indexing\dao\search\searchresult.java@org.apache.metron.indexing.dao.search.searchresult.equals(object);False;False;0.991;0.009
metron-platform\metron-indexing\src\main\java\org\apache\metron\indexing\dao\search\searchresult.java@org.apache.metron.indexing.dao.search.searchresult.getid();False;False;1.0;0.0
metron-platform\metron-indexing\src\main\java\org\apache\metron\indexing\dao\search\searchresult.java@org.apache.metron.indexing.dao.search.searchresult.getindex();False;False;1.0;0.0
metron-platform\metron-indexing\src\main\java\org\apache\metron\indexing\dao\search\searchresult.java@org.apache.metron.indexing.dao.search.searchresult.getscore();False;False;0.9417685107265211;0.05823148927348096
metron-platform\metron-indexing\src\main\java\org\apache\metron\indexing\dao\search\searchresult.java@org.apache.metron.indexing.dao.search.searchresult.getsource();False;False;1.0;0.0
metron-platform\metron-indexing\src\main\java\org\apache\metron\indexing\dao\search\searchresult.java@org.apache.metron.indexing.dao.search.searchresult.hashcode();False;False;0.999;0.001
metron-platform\metron-indexing\src\main\java\org\apache\metron\indexing\dao\search\searchresult.java@org.apache.metron.indexing.dao.search.searchresult.setid(string);False;False;0.9863333374684377;0.013666662531561671
metron-platform\metron-indexing\src\main\java\org\apache\metron\indexing\dao\search\searchresult.java@org.apache.metron.indexing.dao.search.searchresult.setindex(string);False;False;0.9863333374684377;0.013666662531561671
metron-platform\metron-indexing\src\main\java\org\apache\metron\indexing\dao\search\searchresult.java@org.apache.metron.indexing.dao.search.searchresult.setscore(float);False;False;0.9863333374684377;0.013666662531561671
metron-platform\metron-indexing\src\main\java\org\apache\metron\indexing\dao\search\searchresult.java@org.apache.metron.indexing.dao.search.searchresult.setsource(map);False;False;0.9034152775648784;0.09658472243512224
metron-platform\metron-indexing\src\main\java\org\apache\metron\indexing\dao\search\searchresult.java@org.apache.metron.indexing.dao.search.searchresult.tostring();False;False;0.998;0.002
metron-platform\metron-indexing\src\main\java\org\apache\metron\indexing\dao\search\sortfield.java@org.apache.metron.indexing.dao.search.sortfield.equals(object);False;False;0.803;0.197
metron-platform\metron-indexing\src\main\java\org\apache\metron\indexing\dao\search\sortfield.java@org.apache.metron.indexing.dao.search.sortfield.getfield();False;False;1.0;0.0
metron-platform\metron-indexing\src\main\java\org\apache\metron\indexing\dao\search\sortfield.java@org.apache.metron.indexing.dao.search.sortfield.getsortorder();False;False;1.0;0.0
metron-platform\metron-indexing\src\main\java\org\apache\metron\indexing\dao\search\sortfield.java@org.apache.metron.indexing.dao.search.sortfield.setfield(string);False;False;0.9863333374684377;0.013666662531561671
metron-platform\metron-indexing\src\main\java\org\apache\metron\indexing\dao\search\sortfield.java@org.apache.metron.indexing.dao.search.sortfield.setsortorder(string);False;False;1.0;0.0
metron-platform\metron-indexing\src\main\java\org\apache\metron\indexing\dao\update\document.java@org.apache.metron.indexing.dao.update.document.document(map,string,string,long);False;False;0.9034152775648784;0.09658472243512224
metron-platform\metron-indexing\src\main\java\org\apache\metron\indexing\dao\update\document.java@org.apache.metron.indexing.dao.update.document.document(string,string,string);False;False;0.9034152775648784;0.09658472243512224
metron-platform\metron-indexing\src\main\java\org\apache\metron\indexing\dao\update\document.java@org.apache.metron.indexing.dao.update.document.document(string,string,string,long);False;False;0.9034152775648784;0.09658472243512224
metron-platform\metron-indexing\src\main\java\org\apache\metron\indexing\dao\update\document.java@org.apache.metron.indexing.dao.update.document.convertdoc(string);False;False;0.9907777777777779;0.009222222222222222
metron-platform\metron-indexing\src\main\java\org\apache\metron\indexing\dao\update\document.java@org.apache.metron.indexing.dao.update.document.equals(object);False;False;0.995;0.005
metron-platform\metron-indexing\src\main\java\org\apache\metron\indexing\dao\update\document.java@org.apache.metron.indexing.dao.update.document.getdocument();False;False;0.9870016977227632;0.012998302277236747
metron-platform\metron-indexing\src\main\java\org\apache\metron\indexing\dao\update\document.java@org.apache.metron.indexing.dao.update.document.getguid();False;False;0.9870016977227632;0.012998302277236747
metron-platform\metron-indexing\src\main\java\org\apache\metron\indexing\dao\update\document.java@org.apache.metron.indexing.dao.update.document.getsensortype();False;False;1.0;0.0
metron-platform\metron-indexing\src\main\java\org\apache\metron\indexing\dao\update\document.java@org.apache.metron.indexing.dao.update.document.gettimestamp();False;False;1.0;0.0
metron-platform\metron-indexing\src\main\java\org\apache\metron\indexing\dao\update\document.java@org.apache.metron.indexing.dao.update.document.hashcode();False;False;0.985;0.015
metron-platform\metron-indexing\src\main\java\org\apache\metron\indexing\dao\update\document.java@org.apache.metron.indexing.dao.update.document.setdocument(map);False;False;0.9034152775648784;0.09658472243512224
metron-platform\metron-indexing\src\main\java\org\apache\metron\indexing\dao\update\document.java@org.apache.metron.indexing.dao.update.document.setguid(string);False;False;0.9863333374684377;0.013666662531561671
metron-platform\metron-indexing\src\main\java\org\apache\metron\indexing\dao\update\document.java@org.apache.metron.indexing.dao.update.document.setsensortype(string);False;False;0.9775952569781741;0.022404743021829047
metron-platform\metron-indexing\src\main\java\org\apache\metron\indexing\dao\update\document.java@org.apache.metron.indexing.dao.update.document.settimestamp(long);False;False;0.9963738095238094;0.0036261904761904764
metron-platform\metron-indexing\src\main\java\org\apache\metron\indexing\dao\update\document.java@org.apache.metron.indexing.dao.update.document.tostring();False;False;0.998;0.002
metron-platform\metron-indexing\src\main\java\org\apache\metron\indexing\dao\update\originalnotfoundexception.java@org.apache.metron.indexing.dao.update.originalnotfoundexception.originalnotfoundexception(string);False;False;0.9034152775648784;0.09658472243512224
metron-platform\metron-indexing\src\main\java\org\apache\metron\indexing\dao\update\originalnotfoundexception.java@org.apache.metron.indexing.dao.update.originalnotfoundexception.originalnotfoundexception(string,exception);False;False;0.9034152775648784;0.09658472243512224
metron-platform\metron-indexing\src\main\java\org\apache\metron\indexing\dao\update\patchrequest.java@org.apache.metron.indexing.dao.update.patchrequest.getguid();False;False;1.0;0.0
metron-platform\metron-indexing\src\main\java\org\apache\metron\indexing\dao\update\patchrequest.java@org.apache.metron.indexing.dao.update.patchrequest.getindex();False;False;0.993;0.007
metron-platform\metron-indexing\src\main\java\org\apache\metron\indexing\dao\update\patchrequest.java@org.apache.metron.indexing.dao.update.patchrequest.getpatch();False;False;1.0;0.0
metron-platform\metron-indexing\src\main\java\org\apache\metron\indexing\dao\update\patchrequest.java@org.apache.metron.indexing.dao.update.patchrequest.getsensortype();False;False;1.0;0.0
metron-platform\metron-indexing\src\main\java\org\apache\metron\indexing\dao\update\patchrequest.java@org.apache.metron.indexing.dao.update.patchrequest.getsource();False;False;1.0;0.0
metron-platform\metron-indexing\src\main\java\org\apache\metron\indexing\dao\update\patchrequest.java@org.apache.metron.indexing.dao.update.patchrequest.setguid(string);False;False;0.9863333374684377;0.013666662531561671
metron-platform\metron-indexing\src\main\java\org\apache\metron\indexing\dao\update\patchrequest.java@org.apache.metron.indexing.dao.update.patchrequest.setindex(string);False;False;0.9863333374684377;0.013666662531561671
metron-platform\metron-indexing\src\main\java\org\apache\metron\indexing\dao\update\patchrequest.java@org.apache.metron.indexing.dao.update.patchrequest.setpatch(list);False;False;0.9034152775648784;0.09658472243512224
metron-platform\metron-indexing\src\main\java\org\apache\metron\indexing\dao\update\patchrequest.java@org.apache.metron.indexing.dao.update.patchrequest.setsensortype(string);False;False;0.9775952569781741;0.022404743021829047
metron-platform\metron-indexing\src\main\java\org\apache\metron\indexing\dao\update\patchrequest.java@org.apache.metron.indexing.dao.update.patchrequest.setsource(map);False;False;0.9034152775648784;0.09658472243512224
metron-platform\metron-indexing\src\main\java\org\apache\metron\indexing\dao\update\replacerequest.java@org.apache.metron.indexing.dao.update.replacerequest.getguid();False;False;1.0;0.0
metron-platform\metron-indexing\src\main\java\org\apache\metron\indexing\dao\update\replacerequest.java@org.apache.metron.indexing.dao.update.replacerequest.getindex();False;False;0.992;0.008
metron-platform\metron-indexing\src\main\java\org\apache\metron\indexing\dao\update\replacerequest.java@org.apache.metron.indexing.dao.update.replacerequest.getreplacement();False;False;0.9417685107265211;0.05823148927348096
metron-platform\metron-indexing\src\main\java\org\apache\metron\indexing\dao\update\replacerequest.java@org.apache.metron.indexing.dao.update.replacerequest.getsensortype();False;False;1.0;0.0
metron-platform\metron-indexing\src\main\java\org\apache\metron\indexing\dao\update\replacerequest.java@org.apache.metron.indexing.dao.update.replacerequest.setguid(string);False;False;0.9863333374684377;0.013666662531561671
metron-platform\metron-indexing\src\main\java\org\apache\metron\indexing\dao\update\replacerequest.java@org.apache.metron.indexing.dao.update.replacerequest.setindex(string);False;False;0.9863333374684377;0.013666662531561671
metron-platform\metron-indexing\src\main\java\org\apache\metron\indexing\dao\update\replacerequest.java@org.apache.metron.indexing.dao.update.replacerequest.setreplacement(map);False;False;0.9034152775648784;0.09658472243512224
metron-platform\metron-indexing\src\main\java\org\apache\metron\indexing\dao\update\replacerequest.java@org.apache.metron.indexing.dao.update.replacerequest.setsensortype(string);False;False;0.9775952569781741;0.022404743021829047
metron-platform\metron-indexing\src\test\java\org\apache\metron\indexing\dao\inmemorydao.java@org.apache.metron.indexing.dao.comparablecomparator.comparablecomparator(sortorder);False;False;0.9034152775648784;0.09658472243512224
metron-platform\metron-indexing\src\test\java\org\apache\metron\indexing\dao\inmemorydao.java@org.apache.metron.indexing.dao.comparablecomparator.compare(comparable,comparable);False;False;0.9034152775648784;0.09658472243512224
metron-platform\metron-indexing\src\test\java\org\apache\metron\indexing\dao\inmemorydao.java@org.apache.metron.indexing.dao.inmemorydao.comparablecomparator(sortorder);False;False;0.9034152775648784;0.09658472243512224
metron-platform\metron-indexing\src\test\java\org\apache\metron\indexing\dao\inmemorydao.java@org.apache.metron.indexing.dao.inmemorydao.batchupdate(map);False;False;0.9034152775648784;0.09658472243512224
metron-platform\metron-indexing\src\test\java\org\apache\metron\indexing\dao\inmemorydao.java@org.apache.metron.indexing.dao.inmemorydao.clear();False;False;0.749;0.251
metron-platform\metron-indexing\src\test\java\org\apache\metron\indexing\dao\inmemorydao.java@org.apache.metron.indexing.dao.inmemorydao.compare(comparable,comparable);False;False;0.9034152775648784;0.09658472243512224
metron-platform\metron-indexing\src\test\java\org\apache\metron\indexing\dao\inmemorydao.java@org.apache.metron.indexing.dao.inmemorydao.getalllatest(list);False;False;0.9034152775648784;0.09658472243512224
metron-platform\metron-indexing\src\test\java\org\apache\metron\indexing\dao\inmemorydao.java@org.apache.metron.indexing.dao.inmemorydao.getcolumnmetadata(list);False;False;0.9034152775648784;0.09658472243512224
metron-platform\metron-indexing\src\test\java\org\apache\metron\indexing\dao\inmemorydao.java@org.apache.metron.indexing.dao.inmemorydao.getgroupresults(list,int);False;False;0.9034152775648784;0.09658472243512224
metron-platform\metron-indexing\src\test\java\org\apache\metron\indexing\dao\inmemorydao.java@org.apache.metron.indexing.dao.inmemorydao.getlatest(string,string);False;False;0.9034152775648784;0.09658472243512224
metron-platform\metron-indexing\src\test\java\org\apache\metron\indexing\dao\inmemorydao.java@org.apache.metron.indexing.dao.inmemorydao.group(grouprequest);False;False;0.9876333333333334;0.012366666666666665
metron-platform\metron-indexing\src\test\java\org\apache\metron\indexing\dao\inmemorydao.java@org.apache.metron.indexing.dao.inmemorydao.init(accessconfig);False;False;1.0;0.0
metron-platform\metron-indexing\src\test\java\org\apache\metron\indexing\dao\inmemorydao.java@org.apache.metron.indexing.dao.inmemorydao.ismatch(string,map);False;False;0.9034152775648784;0.09658472243512224
metron-platform\metron-indexing\src\test\java\org\apache\metron\indexing\dao\inmemorydao.java@org.apache.metron.indexing.dao.inmemorydao.load(map);False;False;0.9034152775648784;0.09658472243512224
metron-platform\metron-indexing\src\test\java\org\apache\metron\indexing\dao\inmemorydao.java@org.apache.metron.indexing.dao.inmemorydao.parse(string);False;False;0.9034152775648784;0.09658472243512224
metron-platform\metron-indexing\src\test\java\org\apache\metron\indexing\dao\inmemorydao.java@org.apache.metron.indexing.dao.inmemorydao.search(searchrequest);False;True;0.389;0.611
metron-platform\metron-indexing\src\test\java\org\apache\metron\indexing\dao\inmemorydao.java@org.apache.metron.indexing.dao.inmemorydao.setcolumnmetadata(map);False;False;0.9034152775648784;0.09658472243512224
metron-platform\metron-indexing\src\test\java\org\apache\metron\indexing\dao\inmemorydao.java@org.apache.metron.indexing.dao.inmemorydao.setfacetcounts(map);False;False;0.9034152775648784;0.09658472243512224
metron-platform\metron-indexing\src\test\java\org\apache\metron\indexing\dao\inmemorydao.java@org.apache.metron.indexing.dao.inmemorydao.sorted(list);False;False;0.9034152775648784;0.09658472243512224
metron-platform\metron-indexing\src\test\java\org\apache\metron\indexing\dao\inmemorydao.java@org.apache.metron.indexing.dao.inmemorydao.update(document,optional);False;False;0.9034152775648784;0.09658472243512224
metron-platform\metron-indexing\src\test\java\org\apache\metron\indexing\dao\inmemorymetaalertdao.java@org.apache.metron.indexing.dao.inmemorymetaalertdao.addalertstometaalert(string,list);False;False;0.9034152775648784;0.09658472243512224
metron-platform\metron-indexing\src\test\java\org\apache\metron\indexing\dao\inmemorymetaalertdao.java@org.apache.metron.indexing.dao.inmemorymetaalertdao.batchupdate(map);False;False;0.9034152775648784;0.09658472243512224
metron-platform\metron-indexing\src\test\java\org\apache\metron\indexing\dao\inmemorymetaalertdao.java@org.apache.metron.indexing.dao.inmemorymetaalertdao.clear();False;False;0.912;0.088
metron-platform\metron-indexing\src\test\java\org\apache\metron\indexing\dao\inmemorymetaalertdao.java@org.apache.metron.indexing.dao.inmemorymetaalertdao.createmetaalert(metaalertcreaterequest);False;False;0.9034152775648784;0.09658472243512224
metron-platform\metron-indexing\src\test\java\org\apache\metron\indexing\dao\inmemorymetaalertdao.java@org.apache.metron.indexing.dao.inmemorymetaalertdao.getalllatest(list);False;False;0.9034152775648784;0.09658472243512224
metron-platform\metron-indexing\src\test\java\org\apache\metron\indexing\dao\inmemorymetaalertdao.java@org.apache.metron.indexing.dao.inmemorymetaalertdao.getallmetaalertsforalert(string);False;False;0.9034152775648784;0.09658472243512224
metron-platform\metron-indexing\src\test\java\org\apache\metron\indexing\dao\inmemorymetaalertdao.java@org.apache.metron.indexing.dao.inmemorymetaalertdao.getcolumnmetadata(list);False;False;0.9034152775648784;0.09658472243512224
metron-platform\metron-indexing\src\test\java\org\apache\metron\indexing\dao\inmemorymetaalertdao.java@org.apache.metron.indexing.dao.inmemorymetaalertdao.getlatest(string,string);False;False;0.9034152775648784;0.09658472243512224
metron-platform\metron-indexing\src\test\java\org\apache\metron\indexing\dao\inmemorymetaalertdao.java@org.apache.metron.indexing.dao.inmemorymetaalertdao.getlatestresult(getrequest);False;False;1.0;0.0
metron-platform\metron-indexing\src\test\java\org\apache\metron\indexing\dao\inmemorymetaalertdao.java@org.apache.metron.indexing.dao.inmemorymetaalertdao.group(grouprequest);False;False;0.99875;0.00125
metron-platform\metron-indexing\src\test\java\org\apache\metron\indexing\dao\inmemorymetaalertdao.java@org.apache.metron.indexing.dao.inmemorymetaalertdao.init(indexdao,optional);False;False;0.9034152775648784;0.09658472243512224
metron-platform\metron-indexing\src\test\java\org\apache\metron\indexing\dao\inmemorymetaalertdao.java@org.apache.metron.indexing.dao.inmemorymetaalertdao.patch(patchrequest,optional);False;False;0.9034152775648784;0.09658472243512224
metron-platform\metron-indexing\src\test\java\org\apache\metron\indexing\dao\inmemorymetaalertdao.java@org.apache.metron.indexing.dao.inmemorymetaalertdao.removealertsfrommetaalert(string,list);False;False;0.9034152775648784;0.09658472243512224
metron-platform\metron-indexing\src\test\java\org\apache\metron\indexing\dao\inmemorymetaalertdao.java@org.apache.metron.indexing.dao.inmemorymetaalertdao.replace(replacerequest,optional);False;False;0.9034152775648784;0.09658472243512224
metron-platform\metron-indexing\src\test\java\org\apache\metron\indexing\dao\inmemorymetaalertdao.java@org.apache.metron.indexing.dao.inmemorymetaalertdao.search(searchrequest);False;False;0.999;0.001
metron-platform\metron-indexing\src\test\java\org\apache\metron\indexing\dao\inmemorymetaalertdao.java@org.apache.metron.indexing.dao.inmemorymetaalertdao.update(document,optional);False;False;0.9034152775648784;0.09658472243512224
metron-platform\metron-indexing\src\test\java\org\apache\metron\indexing\dao\inmemorymetaalertdao.java@org.apache.metron.indexing.dao.inmemorymetaalertdao.updatemetaalertstatus(string,metaalertstatus);False;False;0.9034152775648784;0.09658472243512224
metron-platform\metron-indexing\src\test\java\org\apache\metron\indexing\dao\searchintegrationtest.java@org.apache.metron.indexing.dao.searchintegrationtest.all_query_returns_all_results();False;False;0.874;0.126
metron-platform\metron-indexing\src\test\java\org\apache\metron\indexing\dao\searchintegrationtest.java@org.apache.metron.indexing.dao.searchintegrationtest.bad_facet_query_throws_exception();False;False;0.9478333333333333;0.052166666666666674
metron-platform\metron-indexing\src\test\java\org\apache\metron\indexing\dao\searchintegrationtest.java@org.apache.metron.indexing.dao.searchintegrationtest.disabled_facet_query_returns_null_count();False;False;0.971;0.029
metron-platform\metron-indexing\src\test\java\org\apache\metron\indexing\dao\searchintegrationtest.java@org.apache.metron.indexing.dao.searchintegrationtest.exceeding_max_resulsts_throws_exception();False;False;0.94545;0.054549999999999994
metron-platform\metron-indexing\src\test\java\org\apache\metron\indexing\dao\searchintegrationtest.java@org.apache.metron.indexing.dao.searchintegrationtest.facet_query_yields_field_types();False;False;0.922;0.078
metron-platform\metron-indexing\src\test\java\org\apache\metron\indexing\dao\searchintegrationtest.java@org.apache.metron.indexing.dao.searchintegrationtest.filter_query_filters_results();False;False;0.991;0.009
metron-platform\metron-indexing\src\test\java\org\apache\metron\indexing\dao\searchintegrationtest.java@org.apache.metron.indexing.dao.searchintegrationtest.find_one_guid();False;False;0.9852380952380951;0.01476190476190476
metron-platform\metron-indexing\src\test\java\org\apache\metron\indexing\dao\searchintegrationtest.java@org.apache.metron.indexing.dao.searchintegrationtest.get_all_latest_guid();False;False;0.9582083333333333;0.04179166666666667
metron-platform\metron-indexing\src\test\java\org\apache\metron\indexing\dao\searchintegrationtest.java@org.apache.metron.indexing.dao.searchintegrationtest.group_by_ip_query();False;False;0.995;0.005
metron-platform\metron-indexing\src\test\java\org\apache\metron\indexing\dao\searchintegrationtest.java@org.apache.metron.indexing.dao.searchintegrationtest.group_by_returns_results_in_groups();False;False;0.978;0.022
metron-platform\metron-indexing\src\test\java\org\apache\metron\indexing\dao\searchintegrationtest.java@org.apache.metron.indexing.dao.searchintegrationtest.group_by_returns_results_in_sorted_groups();False;False;0.904;0.096
metron-platform\metron-indexing\src\test\java\org\apache\metron\indexing\dao\searchintegrationtest.java@org.apache.metron.indexing.dao.searchintegrationtest.no_results_returned_when_query_does_not_match();False;False;0.9705333333333332;0.029466666666666665
metron-platform\metron-indexing\src\test\java\org\apache\metron\indexing\dao\searchintegrationtest.java@org.apache.metron.indexing.dao.searchintegrationtest.queries_fields();False;False;0.935;0.065
metron-platform\metron-indexing\src\test\java\org\apache\metron\indexing\dao\searchintegrationtest.java@org.apache.metron.indexing.dao.searchintegrationtest.results_are_paginated();False;False;0.993;0.007
metron-platform\metron-indexing\src\test\java\org\apache\metron\indexing\dao\searchintegrationtest.java@org.apache.metron.indexing.dao.searchintegrationtest.returns_column_data_for_multiple_indices();False;False;0.9945;0.0055
metron-platform\metron-indexing\src\test\java\org\apache\metron\indexing\dao\searchintegrationtest.java@org.apache.metron.indexing.dao.searchintegrationtest.returns_column_metadata_for_specified_indices();False;False;0.993;0.007
metron-platform\metron-indexing\src\test\java\org\apache\metron\indexing\dao\searchintegrationtest.java@org.apache.metron.indexing.dao.searchintegrationtest.returns_results_only_for_specified_indices();False;False;0.9419166666666666;0.05808333333333333
metron-platform\metron-indexing\src\test\java\org\apache\metron\indexing\dao\searchintegrationtest.java@org.apache.metron.indexing.dao.searchintegrationtest.setup();False;False;0.9063416666666666;0.09365833333333333
metron-platform\metron-indexing\src\test\java\org\apache\metron\indexing\dao\searchintegrationtest.java@org.apache.metron.indexing.dao.searchintegrationtest.sort_ascending_with_missing_fields();False;False;0.99;0.01
metron-platform\metron-indexing\src\test\java\org\apache\metron\indexing\dao\searchintegrationtest.java@org.apache.metron.indexing.dao.searchintegrationtest.sort_by_guid();False;False;0.9508333333333334;0.049166666666666664
metron-platform\metron-indexing\src\test\java\org\apache\metron\indexing\dao\searchintegrationtest.java@org.apache.metron.indexing.dao.searchintegrationtest.sort_descending_with_missing_fields();False;False;0.99;0.01
metron-platform\metron-indexing\src\test\java\org\apache\metron\indexing\dao\searchintegrationtest.java@org.apache.metron.indexing.dao.searchintegrationtest.sort_query_sorts_results_ascending();False;False;0.9676666666666667;0.03233333333333333
metron-platform\metron-indexing\src\test\java\org\apache\metron\indexing\dao\searchintegrationtest.java@org.apache.metron.indexing.dao.searchintegrationtest.stop();False;False;1.0;0.0
metron-platform\metron-indexing\src\test\java\org\apache\metron\indexing\dao\searchintegrationtest.java@org.apache.metron.indexing.dao.searchintegrationtest.throws_exception_on_aggregation_queries_on_non_string_non_numeric_fields();False;False;0.94545;0.054549999999999994
metron-platform\metron-indexing\src\test\java\org\apache\metron\indexing\dao\metaalert\metaalertintegrationtest.java@org.apache.metron.indexing.dao.metaalert.metaalertintegrationtest.addremovealertsshouldthrowexceptionforinactivemetaalert();False;False;0.9034152775648784;0.09658472243512224
metron-platform\metron-indexing\src\test\java\org\apache\metron\indexing\dao\metaalert\metaalertintegrationtest.java@org.apache.metron.indexing.dao.metaalert.metaalertintegrationtest.buildalerts(int);False;False;0.9034152775648784;0.09658472243512224
metron-platform\metron-indexing\src\test\java\org\apache\metron\indexing\dao\metaalert\metaalertintegrationtest.java@org.apache.metron.indexing.dao.metaalert.metaalertintegrationtest.buildmetaalert(string,metaalertstatus,optional);True;False;0.9034152775648784;0.09658472243512224
metron-platform\metron-indexing\src\test\java\org\apache\metron\indexing\dao\metaalert\metaalertintegrationtest.java@org.apache.metron.indexing.dao.metaalert.metaalertintegrationtest.buildmetaalerts(int,metaalertstatus,optional);False;False;0.9034152775648784;0.09658472243512224
metron-platform\metron-indexing\src\test\java\org\apache\metron\indexing\dao\metaalert\metaalertintegrationtest.java@org.apache.metron.indexing.dao.metaalert.metaalertintegrationtest.convertalertsfieldtolist(map);False;False;0.9034152775648784;0.09658472243512224
metron-platform\metron-indexing\src\test\java\org\apache\metron\indexing\dao\metaalert\metaalertintegrationtest.java@org.apache.metron.indexing.dao.metaalert.metaalertintegrationtest.convertalertsfieldtoset(map);False;False;0.9034152775648784;0.09658472243512224
metron-platform\metron-indexing\src\test\java\org\apache\metron\indexing\dao\metaalert\metaalertintegrationtest.java@org.apache.metron.indexing.dao.metaalert.metaalertintegrationtest.findcreateddoc(string,string);False;False;0.9034152775648784;0.09658472243512224
metron-platform\metron-indexing\src\test\java\org\apache\metron\indexing\dao\metaalert\metaalertintegrationtest.java@org.apache.metron.indexing.dao.metaalert.metaalertintegrationtest.findcreateddocs(list);False;False;0.9034152775648784;0.09658472243512224
metron-platform\metron-indexing\src\test\java\org\apache\metron\indexing\dao\metaalert\metaalertintegrationtest.java@org.apache.metron.indexing.dao.metaalert.metaalertintegrationtest.findupdateddoc(map,string,string);False;False;0.9034152775648784;0.09658472243512224
metron-platform\metron-indexing\src\test\java\org\apache\metron\indexing\dao\metaalert\metaalertintegrationtest.java@org.apache.metron.indexing.dao.metaalert.metaalertintegrationtest.getallmetaalertsforalertshouldthrowexceptionforemptyguid();False;False;0.9034152775648784;0.09658472243512224
metron-platform\metron-indexing\src\test\java\org\apache\metron\indexing\dao\metaalert\metaalertintegrationtest.java@org.apache.metron.indexing.dao.metaalert.metaalertintegrationtest.gettestindexfullname();False;False;0.9034152775648784;0.09658472243512224
metron-platform\metron-indexing\src\test\java\org\apache\metron\indexing\dao\metaalert\metaalertintegrationtest.java@org.apache.metron.indexing.dao.metaalert.metaalertintegrationtest.getthreattriagefield();False;False;0.9034152775648784;0.09658472243512224
metron-platform\metron-indexing\src\test\java\org\apache\metron\indexing\dao\metaalert\metaalertintegrationtest.java@org.apache.metron.indexing.dao.metaalert.metaalertintegrationtest.shouldaddalertstometaalert();False;False;0.9034152775648784;0.09658472243512224
metron-platform\metron-indexing\src\test\java\org\apache\metron\indexing\dao\metaalert\metaalertintegrationtest.java@org.apache.metron.indexing.dao.metaalert.metaalertintegrationtest.shouldcreatemetaalert();False;False;0.9034152775648784;0.09658472243512224
metron-platform\metron-indexing\src\test\java\org\apache\metron\indexing\dao\metaalert\metaalertintegrationtest.java@org.apache.metron.indexing.dao.metaalert.metaalertintegrationtest.shouldgetallmetaalertsforalert();False;False;0.9034152775648784;0.09658472243512224
metron-platform\metron-indexing\src\test\java\org\apache\metron\indexing\dao\metaalert\metaalertintegrationtest.java@org.apache.metron.indexing.dao.metaalert.metaalertintegrationtest.shouldhidesalertsongroup();False;False;0.9034152775648784;0.09658472243512224
metron-platform\metron-indexing\src\test\java\org\apache\metron\indexing\dao\metaalert\metaalertintegrationtest.java@org.apache.metron.indexing.dao.metaalert.metaalertintegrationtest.shouldpatchallowedmetaalerts();False;False;0.9034152775648784;0.09658472243512224
metron-platform\metron-indexing\src\test\java\org\apache\metron\indexing\dao\metaalert\metaalertintegrationtest.java@org.apache.metron.indexing.dao.metaalert.metaalertintegrationtest.shouldremovealertsfrommetaalert();False;False;0.9034152775648784;0.09658472243512224
metron-platform\metron-indexing\src\test\java\org\apache\metron\indexing\dao\metaalert\metaalertintegrationtest.java@org.apache.metron.indexing.dao.metaalert.metaalertintegrationtest.shouldsearchbystatus();False;False;0.9034152775648784;0.09658472243512224
metron-platform\metron-indexing\src\test\java\org\apache\metron\indexing\dao\metaalert\metaalertintegrationtest.java@org.apache.metron.indexing.dao.metaalert.metaalertintegrationtest.shouldsortbythreattriagescore();True;False;0.9034152775648784;0.09658472243512224
metron-platform\metron-indexing\src\test\java\org\apache\metron\indexing\dao\metaalert\metaalertintegrationtest.java@org.apache.metron.indexing.dao.metaalert.metaalertintegrationtest.shouldthrowexceptiononmetaalertupdate();False;False;0.9034152775648784;0.09658472243512224
metron-platform\metron-indexing\src\test\java\org\apache\metron\indexing\dao\metaalert\metaalertintegrationtest.java@org.apache.metron.indexing.dao.metaalert.metaalertintegrationtest.shouldupdatemetaalertonalertupdate();False;False;0.9034152775648784;0.09658472243512224
metron-platform\metron-indexing\src\test\java\org\apache\metron\indexing\dao\metaalert\metaalertintegrationtest.java@org.apache.metron.indexing.dao.metaalert.metaalertintegrationtest.shouldupdatemetaalertstatus();False;False;0.9034152775648784;0.09658472243512224
metron-platform\metron-indexing\src\test\java\org\apache\metron\indexing\dao\metaalert\lucene\abstractlucenemetaalertupdatedaotest.java@org.apache.metron.indexing.dao.metaalert.lucene.abstractlucenemetaalertupdatedaotest.testlucenemetaalertupdatedao();False;False;0.9034152775648784;0.09658472243512224
metron-platform\metron-indexing\src\test\java\org\apache\metron\indexing\dao\metaalert\lucene\abstractlucenemetaalertupdatedaotest.java@org.apache.metron.indexing.dao.metaalert.lucene.abstractlucenemetaalertupdatedaotest.addalertstometaalert(string,list);False;False;0.9034152775648784;0.09658472243512224
metron-platform\metron-indexing\src\test\java\org\apache\metron\indexing\dao\metaalert\lucene\abstractlucenemetaalertupdatedaotest.java@org.apache.metron.indexing.dao.metaalert.lucene.abstractlucenemetaalertupdatedaotest.buildchildalerts(int,string,string);False;False;0.9034152775648784;0.09658472243512224
metron-platform\metron-indexing\src\test\java\org\apache\metron\indexing\dao\metaalert\lucene\abstractlucenemetaalertupdatedaotest.java@org.apache.metron.indexing.dao.metaalert.lucene.abstractlucenemetaalertupdatedaotest.buildmetaalert(list);False;False;0.9034152775648784;0.09658472243512224
metron-platform\metron-indexing\src\test\java\org\apache\metron\indexing\dao\metaalert\lucene\abstractlucenemetaalertupdatedaotest.java@org.apache.metron.indexing.dao.metaalert.lucene.abstractlucenemetaalertupdatedaotest.createmetaalert(metaalertcreaterequest);False;False;0.9034152775648784;0.09658472243512224
metron-platform\metron-indexing\src\test\java\org\apache\metron\indexing\dao\metaalert\lucene\abstractlucenemetaalertupdatedaotest.java@org.apache.metron.indexing.dao.metaalert.lucene.abstractlucenemetaalertupdatedaotest.findmetaentry(map);False;False;0.9034152775648784;0.09658472243512224
metron-platform\metron-indexing\src\test\java\org\apache\metron\indexing\dao\metaalert\lucene\abstractlucenemetaalertupdatedaotest.java@org.apache.metron.indexing.dao.metaalert.lucene.abstractlucenemetaalertupdatedaotest.getalllatest(list);False;False;0.9034152775648784;0.09658472243512224
metron-platform\metron-indexing\src\test\java\org\apache\metron\indexing\dao\metaalert\lucene\abstractlucenemetaalertupdatedaotest.java@org.apache.metron.indexing.dao.metaalert.lucene.abstractlucenemetaalertupdatedaotest.getdefaultsourcetypefield();True;False;0.9034152775648784;0.09658472243512224
metron-platform\metron-indexing\src\test\java\org\apache\metron\indexing\dao\metaalert\lucene\abstractlucenemetaalertupdatedaotest.java@org.apache.metron.indexing.dao.metaalert.lucene.abstractlucenemetaalertupdatedaotest.getdefaultthreattriagefield();True;False;0.9034152775648784;0.09658472243512224
metron-platform\metron-indexing\src\test\java\org\apache\metron\indexing\dao\metaalert\lucene\abstractlucenemetaalertupdatedaotest.java@org.apache.metron.indexing.dao.metaalert.lucene.abstractlucenemetaalertupdatedaotest.getlatest(string,string);False;False;0.9034152775648784;0.09658472243512224
metron-platform\metron-indexing\src\test\java\org\apache\metron\indexing\dao\metaalert\lucene\abstractlucenemetaalertupdatedaotest.java@org.apache.metron.indexing.dao.metaalert.lucene.abstractlucenemetaalertupdatedaotest.getrawmaps(list);False;False;0.9034152775648784;0.09658472243512224
metron-platform\metron-indexing\src\test\java\org\apache\metron\indexing\dao\metaalert\lucene\abstractlucenemetaalertupdatedaotest.java@org.apache.metron.indexing.dao.metaalert.lucene.abstractlucenemetaalertupdatedaotest.metaalertdocumentequals(document,document);False;False;0.9034152775648784;0.09658472243512224
metron-platform\metron-indexing\src\test\java\org\apache\metron\indexing\dao\metaalert\lucene\abstractlucenemetaalertupdatedaotest.java@org.apache.metron.indexing.dao.metaalert.lucene.abstractlucenemetaalertupdatedaotest.removemetaentry(map);False;False;0.9034152775648784;0.09658472243512224
metron-platform\metron-indexing\src\test\java\org\apache\metron\indexing\dao\metaalert\lucene\abstractlucenemetaalertupdatedaotest.java@org.apache.metron.indexing.dao.metaalert.lucene.abstractlucenemetaalertupdatedaotest.setup();False;False;0.9034152775648784;0.09658472243512224
metron-platform\metron-indexing\src\test\java\org\apache\metron\indexing\dao\metaalert\lucene\abstractlucenemetaalertupdatedaotest.java@org.apache.metron.indexing.dao.metaalert.lucene.abstractlucenemetaalertupdatedaotest.testaddmetaalerttoalertduplicate();False;False;0.9034152775648784;0.09658472243512224
metron-platform\metron-indexing\src\test\java\org\apache\metron\indexing\dao\metaalert\lucene\abstractlucenemetaalertupdatedaotest.java@org.apache.metron.indexing.dao.metaalert.lucene.abstractlucenemetaalertupdatedaotest.testaddmetaalerttoalertempty();False;False;0.9034152775648784;0.09658472243512224
metron-platform\metron-indexing\src\test\java\org\apache\metron\indexing\dao\metaalert\lucene\abstractlucenemetaalertupdatedaotest.java@org.apache.metron.indexing.dao.metaalert.lucene.abstractlucenemetaalertupdatedaotest.testaddmetaalerttoalertnonempty();False;False;0.9034152775648784;0.09658472243512224
metron-platform\metron-indexing\src\test\java\org\apache\metron\indexing\dao\metaalert\lucene\abstractlucenemetaalertupdatedaotest.java@org.apache.metron.indexing.dao.metaalert.lucene.abstractlucenemetaalertupdatedaotest.testbatchupdatethrowsexception();False;False;0.9034152775648784;0.09658472243512224
metron-platform\metron-indexing\src\test\java\org\apache\metron\indexing\dao\metaalert\lucene\abstractlucenemetaalertupdatedaotest.java@org.apache.metron.indexing.dao.metaalert.lucene.abstractlucenemetaalertupdatedaotest.testbuildaddalerttometaalertupdates();False;False;0.9034152775648784;0.09658472243512224
metron-platform\metron-indexing\src\test\java\org\apache\metron\indexing\dao\metaalert\lucene\abstractlucenemetaalertupdatedaotest.java@org.apache.metron.indexing.dao.metaalert.lucene.abstractlucenemetaalertupdatedaotest.testbuildaddalerttometaalertupdatesempty();False;False;0.9034152775648784;0.09658472243512224
metron-platform\metron-indexing\src\test\java\org\apache\metron\indexing\dao\metaalert\lucene\abstractlucenemetaalertupdatedaotest.java@org.apache.metron.indexing.dao.metaalert.lucene.abstractlucenemetaalertupdatedaotest.testbuildcreatedocumentmultiplealerts();False;False;0.9034152775648784;0.09658472243512224
metron-platform\metron-indexing\src\test\java\org\apache\metron\indexing\dao\metaalert\lucene\abstractlucenemetaalertupdatedaotest.java@org.apache.metron.indexing.dao.metaalert.lucene.abstractlucenemetaalertupdatedaotest.testbuildcreatedocumentsinglealert();False;False;0.9034152775648784;0.09658472243512224
metron-platform\metron-indexing\src\test\java\org\apache\metron\indexing\dao\metaalert\lucene\abstractlucenemetaalertupdatedaotest.java@org.apache.metron.indexing.dao.metaalert.lucene.abstractlucenemetaalertupdatedaotest.testbuildremovealertsfrommetaalertthrowsexception();False;False;0.9034152775648784;0.09658472243512224
metron-platform\metron-indexing\src\test\java\org\apache\metron\indexing\dao\metaalert\lucene\abstractlucenemetaalertupdatedaotest.java@org.apache.metron.indexing.dao.metaalert.lucene.abstractlucenemetaalertupdatedaotest.testbuildstatuschangeupdatestoactive();False;False;0.9034152775648784;0.09658472243512224
metron-platform\metron-indexing\src\test\java\org\apache\metron\indexing\dao\metaalert\lucene\abstractlucenemetaalertupdatedaotest.java@org.apache.metron.indexing.dao.metaalert.lucene.abstractlucenemetaalertupdatedaotest.testbuildstatuschangeupdatestoinactive();False;False;0.9034152775648784;0.09658472243512224
metron-platform\metron-indexing\src\test\java\org\apache\metron\indexing\dao\metaalert\lucene\abstractlucenemetaalertupdatedaotest.java@org.apache.metron.indexing.dao.metaalert.lucene.abstractlucenemetaalertupdatedaotest.testpatchallowedname();False;False;0.9034152775648784;0.09658472243512224
metron-platform\metron-indexing\src\test\java\org\apache\metron\indexing\dao\metaalert\lucene\abstractlucenemetaalertupdatedaotest.java@org.apache.metron.indexing.dao.metaalert.lucene.abstractlucenemetaalertupdatedaotest.testpatchnotallowedalert();False;False;0.9034152775648784;0.09658472243512224
metron-platform\metron-indexing\src\test\java\org\apache\metron\indexing\dao\metaalert\lucene\abstractlucenemetaalertupdatedaotest.java@org.apache.metron.indexing.dao.metaalert.lucene.abstractlucenemetaalertupdatedaotest.testpatchnotallowedstatus();False;False;0.9034152775648784;0.09658472243512224
metron-platform\metron-indexing\src\test\java\org\apache\metron\indexing\dao\metaalert\lucene\abstractlucenemetaalertupdatedaotest.java@org.apache.metron.indexing.dao.metaalert.lucene.abstractlucenemetaalertupdatedaotest.testremovealertsfrommetaalert();False;False;0.9034152775648784;0.09658472243512224
metron-platform\metron-indexing\src\test\java\org\apache\metron\indexing\dao\metaalert\lucene\abstractlucenemetaalertupdatedaotest.java@org.apache.metron.indexing.dao.metaalert.lucene.abstractlucenemetaalertupdatedaotest.testremovealertsfrommetaalertemptyremovelist();False;False;0.9034152775648784;0.09658472243512224
metron-platform\metron-indexing\src\test\java\org\apache\metron\indexing\dao\metaalert\lucene\abstractlucenemetaalertupdatedaotest.java@org.apache.metron.indexing.dao.metaalert.lucene.abstractlucenemetaalertupdatedaotest.testremovealertsfrommetaalertemptyremovemultiple();False;False;0.9034152775648784;0.09658472243512224
metron-platform\metron-indexing\src\test\java\org\apache\metron\indexing\dao\metaalert\lucene\abstractlucenemetaalertupdatedaotest.java@org.apache.metron.indexing.dao.metaalert.lucene.abstractlucenemetaalertupdatedaotest.testremovealertsfrommetaalertemptyremovesingle();False;False;0.9034152775648784;0.09658472243512224
metron-platform\metron-indexing\src\test\java\org\apache\metron\indexing\dao\metaalert\lucene\abstractlucenemetaalertupdatedaotest.java@org.apache.metron.indexing.dao.metaalert.lucene.abstractlucenemetaalertupdatedaotest.testremovealertsfrommetaalertinactive();False;False;0.9034152775648784;0.09658472243512224
metron-platform\metron-indexing\src\test\java\org\apache\metron\indexing\dao\metaalert\lucene\abstractlucenemetaalertupdatedaotest.java@org.apache.metron.indexing.dao.metaalert.lucene.abstractlucenemetaalertupdatedaotest.testremovealertsfrommetaalertnochildalerts();False;False;0.9034152775648784;0.09658472243512224
metron-platform\metron-indexing\src\test\java\org\apache\metron\indexing\dao\metaalert\lucene\abstractlucenemetaalertupdatedaotest.java@org.apache.metron.indexing.dao.metaalert.lucene.abstractlucenemetaalertupdatedaotest.testremovemetaalertfromalertmissing();False;False;0.9034152775648784;0.09658472243512224
metron-platform\metron-indexing\src\test\java\org\apache\metron\indexing\dao\metaalert\lucene\abstractlucenemetaalertupdatedaotest.java@org.apache.metron.indexing.dao.metaalert.lucene.abstractlucenemetaalertupdatedaotest.testremovemetaalertfromalertsuccess();False;False;0.9034152775648784;0.09658472243512224
metron-platform\metron-indexing\src\test\java\org\apache\metron\indexing\dao\metaalert\lucene\abstractlucenemetaalertupdatedaotest.java@org.apache.metron.indexing.dao.metaalert.lucene.abstractlucenemetaalertupdatedaotest.testupdatemultiple();False;False;0.9034152775648784;0.09658472243512224
metron-platform\metron-indexing\src\test\java\org\apache\metron\indexing\dao\metaalert\lucene\abstractlucenemetaalertupdatedaotest.java@org.apache.metron.indexing.dao.metaalert.lucene.abstractlucenemetaalertupdatedaotest.testupdatesingle();False;False;0.9034152775648784;0.09658472243512224
metron-platform\metron-indexing\src\test\java\org\apache\metron\indexing\dao\metaalert\lucene\abstractlucenemetaalertupdatedaotest.java@org.apache.metron.indexing.dao.metaalert.lucene.abstractlucenemetaalertupdatedaotest.updatemetaalertstatus(string,metaalertstatus);False;False;0.9034152775648784;0.09658472243512224
metron-platform\metron-indexing\src\test\java\org\apache\metron\indexing\dao\metaalert\lucene\abstractlucenemetaalertupdatedaotest.java@org.apache.metron.indexing.dao.metaalert.lucene.abstractlucenemetaalertupdatedaotest.updatesmapequals(map,map);False;False;0.9034152775648784;0.09658472243512224
metron-platform\metron-indexing\src\test\java\org\apache\metron\indexing\dao\metaalert\lucene\abstractlucenemetaalertupdatedaotest.java@org.apache.metron.indexing.dao.metaalert.lucene.testlucenemetaalertupdatedao.testlucenemetaalertupdatedao();False;False;0.9034152775648784;0.09658472243512224
metron-platform\metron-indexing\src\test\java\org\apache\metron\indexing\dao\metaalert\lucene\abstractlucenemetaalertupdatedaotest.java@org.apache.metron.indexing.dao.metaalert.lucene.testlucenemetaalertupdatedao.addalertstometaalert(string,list);False;False;0.9034152775648784;0.09658472243512224
metron-platform\metron-indexing\src\test\java\org\apache\metron\indexing\dao\metaalert\lucene\abstractlucenemetaalertupdatedaotest.java@org.apache.metron.indexing.dao.metaalert.lucene.testlucenemetaalertupdatedao.createmetaalert(metaalertcreaterequest);False;False;0.9034152775648784;0.09658472243512224
metron-platform\metron-indexing\src\test\java\org\apache\metron\indexing\dao\metaalert\lucene\abstractlucenemetaalertupdatedaotest.java@org.apache.metron.indexing.dao.metaalert.lucene.testlucenemetaalertupdatedao.updatemetaalertstatus(string,metaalertstatus);False;False;0.9034152775648784;0.09658472243512224
metron-platform\metron-indexing\src\test\java\org\apache\metron\indexing\dao\metaalert\lucene\abstractlucenemetaalertupdatedaotest.java@org.apache.metron.indexing.dao.metaalert.lucene.testmetaalertretrievelatestdao.getalllatest(list);False;False;0.9034152775648784;0.09658472243512224
metron-platform\metron-indexing\src\test\java\org\apache\metron\indexing\dao\metaalert\lucene\abstractlucenemetaalertupdatedaotest.java@org.apache.metron.indexing.dao.metaalert.lucene.testmetaalertretrievelatestdao.getlatest(string,string);False;False;0.9034152775648784;0.09658472243512224
metron-platform\metron-indexing\src\test\java\org\apache\metron\indexing\integration\hbasedaointegrationtest.java@org.apache.metron.indexing.integration.hbasedaointegrationtest.buildalerts(int);False;False;0.9423333333333334;0.057666666666666665
metron-platform\metron-indexing\src\test\java\org\apache\metron\indexing\integration\hbasedaointegrationtest.java@org.apache.metron.indexing.integration.hbasedaointegrationtest.cleartable();False;False;1.0;0.0
metron-platform\metron-indexing\src\test\java\org\apache\metron\indexing\integration\hbasedaointegrationtest.java@org.apache.metron.indexing.integration.hbasedaointegrationtest.shouldgetalllatest();False;False;0.9034152775648784;0.09658472243512224
metron-platform\metron-indexing\src\test\java\org\apache\metron\indexing\integration\hbasedaointegrationtest.java@org.apache.metron.indexing.integration.hbasedaointegrationtest.shouldgetlatest();False;False;0.9034152775648784;0.09658472243512224
metron-platform\metron-indexing\src\test\java\org\apache\metron\indexing\integration\hbasedaointegrationtest.java@org.apache.metron.indexing.integration.hbasedaointegrationtest.shouldgetlatestwithinvalidtimestamp();False;False;0.9935;0.0065
metron-platform\metron-indexing\src\test\java\org\apache\metron\indexing\integration\hbasedaointegrationtest.java@org.apache.metron.indexing.integration.hbasedaointegrationtest.starthbase();False;False;0.994;0.006
metron-platform\metron-indexing\src\test\java\org\apache\metron\indexing\integration\hbasedaointegrationtest.java@org.apache.metron.indexing.integration.hbasedaointegrationtest.testkeyserialization();False;False;0.999;0.001
metron-platform\metron-indexing\src\test\java\org\apache\metron\indexing\integration\hbasedaointegrationtest.java@org.apache.metron.indexing.integration.hbasedaointegrationtest.testkeyserializationremainsconstant();False;False;0.977;0.023
metron-platform\metron-indexing\src\test\java\org\apache\metron\indexing\integration\hbasedaointegrationtest.java@org.apache.metron.indexing.integration.hbasedaointegrationtest.testkeyserializationwithinvalidguid();False;False;0.999;0.001
metron-platform\metron-indexing\src\test\java\org\apache\metron\indexing\integration\hbasedaointegrationtest.java@org.apache.metron.indexing.integration.hbasedaointegrationtest.testkeyserializationwithinvalidsensortype();False;False;0.999;0.001
metron-platform\metron-indexing\src\test\java\org\apache\metron\indexing\integration\hdfsindexingintegrationtest.java@org.apache.metron.indexing.integration.hdfsindexingintegrationtest.cleanfield(string);False;False;0.9999677419354839;3.2258064516129034e-05
metron-platform\metron-indexing\src\test\java\org\apache\metron\indexing\integration\hdfsindexingintegrationtest.java@org.apache.metron.indexing.integration.hdfsindexingintegrationtest.cleanhdfsdir(string);False;False;0.973;0.027
metron-platform\metron-indexing\src\test\java\org\apache\metron\indexing\integration\hdfsindexingintegrationtest.java@org.apache.metron.indexing.integration.hdfsindexingintegrationtest.getfieldnameconverter();False;False;0.991;0.009
metron-platform\metron-indexing\src\test\java\org\apache\metron\indexing\integration\hdfsindexingintegrationtest.java@org.apache.metron.indexing.integration.hdfsindexingintegrationtest.getfluxpath();False;False;1.0;0.0
metron-platform\metron-indexing\src\test\java\org\apache\metron\indexing\integration\hdfsindexingintegrationtest.java@org.apache.metron.indexing.integration.hdfsindexingintegrationtest.getprocessor(list);False;False;0.9034152775648784;0.09658472243512224
metron-platform\metron-indexing\src\test\java\org\apache\metron\indexing\integration\hdfsindexingintegrationtest.java@org.apache.metron.indexing.integration.hdfsindexingintegrationtest.getresult();False;False;0.99675;0.00325
metron-platform\metron-indexing\src\test\java\org\apache\metron\indexing\integration\hdfsindexingintegrationtest.java@org.apache.metron.indexing.integration.hdfsindexingintegrationtest.getsearchcomponent(properties);False;False;1.0;0.0
metron-platform\metron-indexing\src\test\java\org\apache\metron\indexing\integration\hdfsindexingintegrationtest.java@org.apache.metron.indexing.integration.hdfsindexingintegrationtest.gettemplatepath();False;False;1.0;0.0
metron-platform\metron-indexing\src\test\java\org\apache\metron\indexing\integration\hdfsindexingintegrationtest.java@org.apache.metron.indexing.integration.hdfsindexingintegrationtest.pretest();False;False;0.999;0.001
metron-platform\metron-indexing\src\test\java\org\apache\metron\indexing\integration\hdfsindexingintegrationtest.java@org.apache.metron.indexing.integration.hdfsindexingintegrationtest.process(componentrunner);False;False;0.9034152775648784;0.09658472243512224
metron-platform\metron-indexing\src\test\java\org\apache\metron\indexing\integration\hdfsindexingintegrationtest.java@org.apache.metron.indexing.integration.hdfsindexingintegrationtest.readdocsfromdisk(string);False;False;0.9034152775648784;0.09658472243512224
metron-platform\metron-indexing\src\test\java\org\apache\metron\indexing\integration\hdfsindexingintegrationtest.java@org.apache.metron.indexing.integration.hdfsindexingintegrationtest.setadditionalproperties(properties);False;False;0.958;0.042
metron-platform\metron-indexing\src\test\java\org\apache\metron\indexing\integration\indexingintegrationtest.java@org.apache.metron.indexing.integration.indexingintegrationtest.assertinputdocsmatchoutputs(list,list,fieldnameconverter);False;False;0.9034152775648784;0.09658472243512224
metron-platform\metron-indexing\src\test\java\org\apache\metron\indexing\integration\indexingintegrationtest.java@org.apache.metron.indexing.integration.indexingintegrationtest.cleandocs(processorresult);False;False;0.9034152775648784;0.09658472243512224
metron-platform\metron-indexing\src\test\java\org\apache\metron\indexing\integration\indexingintegrationtest.java@org.apache.metron.indexing.integration.indexingintegrationtest.docmatches(map,map,fieldnameconverter);False;False;0.9034152775648784;0.09658472243512224
metron-platform\metron-indexing\src\test\java\org\apache\metron\indexing\integration\indexingintegrationtest.java@org.apache.metron.indexing.integration.indexingintegrationtest.dumpmessages(string,list);False;False;0.9034152775648784;0.09658472243512224
metron-platform\metron-indexing\src\test\java\org\apache\metron\indexing\integration\indexingintegrationtest.java@org.apache.metron.indexing.integration.indexingintegrationtest.printmessage(map);False;False;0.9034152775648784;0.09658472243512224
metron-platform\metron-indexing\src\test\java\org\apache\metron\indexing\integration\indexingintegrationtest.java@org.apache.metron.indexing.integration.indexingintegrationtest.test();False;False;0.9034152775648784;0.09658472243512224
metron-platform\metron-indexing\src\test\java\org\apache\metron\indexing\integration\indexingintegrationtest.java@org.apache.metron.indexing.integration.indexingintegrationtest.waitforindex(string);False;False;0.9034152775648784;0.09658472243512224
metron-platform\metron-integration-test\src\main\java\org\apache\metron\integration\baseintegrationtest.java@org.apache.metron.integration.baseintegrationtest.getkafkacomponent(properties,list);False;False;0.9034152775648784;0.09658472243512224
metron-platform\metron-integration-test\src\main\java\org\apache\metron\integration\baseintegrationtest.java@org.apache.metron.integration.baseintegrationtest.getzkservercomponent(properties);False;False;0.9034152775648784;0.09658472243512224
metron-platform\metron-integration-test\src\main\java\org\apache\metron\integration\componentrunner.java@org.apache.metron.integration.builder.builder();False;False;0.9034152775648784;0.09658472243512224
metron-platform\metron-integration-test\src\main\java\org\apache\metron\integration\componentrunner.java@org.apache.metron.integration.builder.build();False;False;0.9900833333333334;0.009916666666666666
metron-platform\metron-integration-test\src\main\java\org\apache\metron\integration\componentrunner.java@org.apache.metron.integration.builder.toorderedlist(map);False;False;0.9034152775648784;0.09658472243512224
metron-platform\metron-integration-test\src\main\java\org\apache\metron\integration\componentrunner.java@org.apache.metron.integration.builder.withcomponent(string,inmemorycomponent);False;False;0.9034152775648784;0.09658472243512224
metron-platform\metron-integration-test\src\main\java\org\apache\metron\integration\componentrunner.java@org.apache.metron.integration.builder.withcustomresetorder(string[]);False;False;0.9034152775648784;0.09658472243512224
metron-platform\metron-integration-test\src\main\java\org\apache\metron\integration\componentrunner.java@org.apache.metron.integration.builder.withcustomshutdownorder(string[]);False;False;0.9034152775648784;0.09658472243512224
metron-platform\metron-integration-test\src\main\java\org\apache\metron\integration\componentrunner.java@org.apache.metron.integration.builder.withcustomstartuporder(string[]);False;False;0.9034152775648784;0.09658472243512224
metron-platform\metron-integration-test\src\main\java\org\apache\metron\integration\componentrunner.java@org.apache.metron.integration.builder.withmaxtimems(long);False;False;0.9034152775648784;0.09658472243512224
metron-platform\metron-integration-test\src\main\java\org\apache\metron\integration\componentrunner.java@org.apache.metron.integration.builder.withmillisecondsbetweenattempts(long);False;False;0.9034152775648784;0.09658472243512224
metron-platform\metron-integration-test\src\main\java\org\apache\metron\integration\componentrunner.java@org.apache.metron.integration.builder.withnumretries(int);False;False;0.9034152775648784;0.09658472243512224
metron-platform\metron-integration-test\src\main\java\org\apache\metron\integration\componentrunner.java@org.apache.metron.integration.componentrunner.builder();False;False;0.9034152775648784;0.09658472243512224
metron-platform\metron-integration-test\src\main\java\org\apache\metron\integration\componentrunner.java@org.apache.metron.integration.componentrunner.componentrunner(linkedhashmap,string[],string[],string[],long,int,long);False;False;0.9034152775648784;0.09658472243512224
metron-platform\metron-integration-test\src\main\java\org\apache\metron\integration\componentrunner.java@org.apache.metron.integration.componentrunner.build();False;False;0.9034152775648784;0.09658472243512224
metron-platform\metron-integration-test\src\main\java\org\apache\metron\integration\componentrunner.java@org.apache.metron.integration.componentrunner.getcomponent(string,class);False;False;0.9034152775648784;0.09658472243512224
metron-platform\metron-integration-test\src\main\java\org\apache\metron\integration\componentrunner.java@org.apache.metron.integration.componentrunner.getcomponents();False;False;1.0;0.0
metron-platform\metron-integration-test\src\main\java\org\apache\metron\integration\componentrunner.java@org.apache.metron.integration.componentrunner.process(processor);False;False;0.9034152775648784;0.09658472243512224
metron-platform\metron-integration-test\src\main\java\org\apache\metron\integration\componentrunner.java@org.apache.metron.integration.componentrunner.reset();False;False;1.0;0.0
metron-platform\metron-integration-test\src\main\java\org\apache\metron\integration\componentrunner.java@org.apache.metron.integration.componentrunner.start();False;False;0.993;0.007
metron-platform\metron-integration-test\src\main\java\org\apache\metron\integration\componentrunner.java@org.apache.metron.integration.componentrunner.stop();False;False;0.999;0.001
metron-platform\metron-integration-test\src\main\java\org\apache\metron\integration\componentrunner.java@org.apache.metron.integration.componentrunner.toorderedlist(map);False;False;0.9034152775648784;0.09658472243512224
metron-platform\metron-integration-test\src\main\java\org\apache\metron\integration\componentrunner.java@org.apache.metron.integration.componentrunner.withcomponent(string,inmemorycomponent);False;False;0.9034152775648784;0.09658472243512224
metron-platform\metron-integration-test\src\main\java\org\apache\metron\integration\componentrunner.java@org.apache.metron.integration.componentrunner.withcustomresetorder(string[]);False;False;0.9034152775648784;0.09658472243512224
metron-platform\metron-integration-test\src\main\java\org\apache\metron\integration\componentrunner.java@org.apache.metron.integration.componentrunner.withcustomshutdownorder(string[]);False;False;0.9034152775648784;0.09658472243512224
metron-platform\metron-integration-test\src\main\java\org\apache\metron\integration\componentrunner.java@org.apache.metron.integration.componentrunner.withcustomstartuporder(string[]);False;False;0.9034152775648784;0.09658472243512224
metron-platform\metron-integration-test\src\main\java\org\apache\metron\integration\componentrunner.java@org.apache.metron.integration.componentrunner.withmaxtimems(long);False;False;1.0;0.0
metron-platform\metron-integration-test\src\main\java\org\apache\metron\integration\componentrunner.java@org.apache.metron.integration.componentrunner.withmillisecondsbetweenattempts(long);False;False;1.0;0.0
metron-platform\metron-integration-test\src\main\java\org\apache\metron\integration\componentrunner.java@org.apache.metron.integration.componentrunner.withnumretries(int);False;False;0.998;0.002
metron-platform\metron-integration-test\src\main\java\org\apache\metron\integration\processorresult.java@org.apache.metron.integration.builder.build();False;False;0.9851351218008023;0.014864878199197096
metron-platform\metron-integration-test\src\main\java\org\apache\metron\integration\processorresult.java@org.apache.metron.integration.builder.withprocesserrors(list);False;False;0.9034152775648784;0.09658472243512224
metron-platform\metron-integration-test\src\main\java\org\apache\metron\integration\processorresult.java@org.apache.metron.integration.builder.withresult(t);False;False;0.9034152775648784;0.09658472243512224
metron-platform\metron-integration-test\src\main\java\org\apache\metron\integration\processorresult.java@org.apache.metron.integration.processorresult.processorresult(t,list);False;False;0.9034152775648784;0.09658472243512224
metron-platform\metron-integration-test\src\main\java\org\apache\metron\integration\processorresult.java@org.apache.metron.integration.processorresult.build();False;False;0.998;0.002
metron-platform\metron-integration-test\src\main\java\org\apache\metron\integration\processorresult.java@org.apache.metron.integration.processorresult.failed();False;False;0.9921138888888886;0.00788611111111111
metron-platform\metron-integration-test\src\main\java\org\apache\metron\integration\processorresult.java@org.apache.metron.integration.processorresult.getbadresults(stringbuffer);False;False;0.9948333333333332;0.005166666666666666
metron-platform\metron-integration-test\src\main\java\org\apache\metron\integration\processorresult.java@org.apache.metron.integration.processorresult.getprocesserrors();False;False;1.0;0.0
metron-platform\metron-integration-test\src\main\java\org\apache\metron\integration\processorresult.java@org.apache.metron.integration.processorresult.getresult();False;False;1.0;0.0
metron-platform\metron-integration-test\src\main\java\org\apache\metron\integration\processorresult.java@org.apache.metron.integration.processorresult.withprocesserrors(list);False;False;0.9034152775648784;0.09658472243512224
metron-platform\metron-integration-test\src\main\java\org\apache\metron\integration\processorresult.java@org.apache.metron.integration.processorresult.withresult(t);False;False;0.983;0.017
metron-platform\metron-integration-test\src\main\java\org\apache\metron\integration\stellarclasspathfunctionresolver.java@org.apache.metron.integration.stellarclasspathfunctionresolver.create(properties);False;False;0.99;0.01
metron-platform\metron-integration-test\src\main\java\org\apache\metron\integration\stellarclasspathfunctionresolver.java@org.apache.metron.integration.stellarclasspathfunctionresolver.setup();False;False;0.9034152775648784;0.09658472243512224
metron-platform\metron-integration-test\src\main\java\org\apache\metron\integration\stellarclasspathfunctionresolver.java@org.apache.metron.integration.stellarclasspathfunctionresolver.teardown();False;False;0.999;0.001
metron-platform\metron-integration-test\src\main\java\org\apache\metron\integration\stellarclasspathfunctionresolver.java@org.apache.metron.integration.stellarclasspathfunctionresolver.test();False;False;0.994;0.006
metron-platform\metron-integration-test\src\main\java\org\apache\metron\integration\unabletostartexception.java@org.apache.metron.integration.unabletostartexception.unabletostartexception(string);False;False;0.9034152775648784;0.09658472243512224
metron-platform\metron-integration-test\src\main\java\org\apache\metron\integration\unabletostartexception.java@org.apache.metron.integration.unabletostartexception.unabletostartexception(string,throwable);False;False;0.9034152775648784;0.09658472243512224
metron-platform\metron-integration-test\src\main\java\org\apache\metron\integration\components\fluxtopologycomponent.java@org.apache.metron.integration.components.builder.build();False;False;0.9833166666666666;0.016683333333333335
metron-platform\metron-integration-test\src\main\java\org\apache\metron\integration\components\fluxtopologycomponent.java@org.apache.metron.integration.components.builder.withtemplatelocation(file);False;False;0.9034152775648784;0.09658472243512224
metron-platform\metron-integration-test\src\main\java\org\apache\metron\integration\components\fluxtopologycomponent.java@org.apache.metron.integration.components.builder.withtopologylocation(file);False;False;0.9034152775648784;0.09658472243512224
metron-platform\metron-integration-test\src\main\java\org\apache\metron\integration\components\fluxtopologycomponent.java@org.apache.metron.integration.components.builder.withtopologyname(string);False;False;0.9034152775648784;0.09658472243512224
metron-platform\metron-integration-test\src\main\java\org\apache\metron\integration\components\fluxtopologycomponent.java@org.apache.metron.integration.components.builder.withtopologyproperties(properties);False;False;0.9034152775648784;0.09658472243512224
metron-platform\metron-integration-test\src\main\java\org\apache\metron\integration\components\fluxtopologycomponent.java@org.apache.metron.integration.components.fluxtopologycomponent.fluxtopologycomponent(string,file,file,properties);False;False;0.9034152775648784;0.09658472243512224
metron-platform\metron-integration-test\src\main\java\org\apache\metron\integration\components\fluxtopologycomponent.java@org.apache.metron.integration.components.fluxtopologycomponent.assassinateslots();False;False;0.9034152775648784;0.09658472243512224
metron-platform\metron-integration-test\src\main\java\org\apache\metron\integration\components\fluxtopologycomponent.java@org.apache.metron.integration.components.fluxtopologycomponent.build();False;False;0.9034152775648784;0.09658472243512224
metron-platform\metron-integration-test\src\main\java\org\apache\metron\integration\components\fluxtopologycomponent.java@org.apache.metron.integration.components.fluxtopologycomponent.cleanupworkerdir();False;False;0.9034152775648784;0.09658472243512224
metron-platform\metron-integration-test\src\main\java\org\apache\metron\integration\components\fluxtopologycomponent.java@org.apache.metron.integration.components.fluxtopologycomponent.getstormcluster();False;False;1.0;0.0
metron-platform\metron-integration-test\src\main\java\org\apache\metron\integration\components\fluxtopologycomponent.java@org.apache.metron.integration.components.fluxtopologycomponent.gettemplatelocation();False;False;1.0;0.0
metron-platform\metron-integration-test\src\main\java\org\apache\metron\integration\components\fluxtopologycomponent.java@org.apache.metron.integration.components.fluxtopologycomponent.gettopologylocation();False;False;1.0;0.0
metron-platform\metron-integration-test\src\main\java\org\apache\metron\integration\components\fluxtopologycomponent.java@org.apache.metron.integration.components.fluxtopologycomponent.gettopologyname();False;False;1.0;0.0
metron-platform\metron-integration-test\src\main\java\org\apache\metron\integration\components\fluxtopologycomponent.java@org.apache.metron.integration.components.fluxtopologycomponent.gettopologyproperties();False;False;1.0;0.0
metron-platform\metron-integration-test\src\main\java\org\apache\metron\integration\components\fluxtopologycomponent.java@org.apache.metron.integration.components.fluxtopologycomponent.getzookeeperconnectstring();False;False;1.0;0.0
metron-platform\metron-integration-test\src\main\java\org\apache\metron\integration\components\fluxtopologycomponent.java@org.apache.metron.integration.components.fluxtopologycomponent.killtopology();False;False;0.9034152775648784;0.09658472243512224
metron-platform\metron-integration-test\src\main\java\org\apache\metron\integration\components\fluxtopologycomponent.java@org.apache.metron.integration.components.fluxtopologycomponent.loadyaml(string,file,file,properties);False;False;0.9034152775648784;0.09658472243512224
metron-platform\metron-integration-test\src\main\java\org\apache\metron\integration\components\fluxtopologycomponent.java@org.apache.metron.integration.components.fluxtopologycomponent.reset();False;False;1.0;0.0
metron-platform\metron-integration-test\src\main\java\org\apache\metron\integration\components\fluxtopologycomponent.java@org.apache.metron.integration.components.fluxtopologycomponent.start();False;False;0.9034152775648784;0.09658472243512224
metron-platform\metron-integration-test\src\main\java\org\apache\metron\integration\components\fluxtopologycomponent.java@org.apache.metron.integration.components.fluxtopologycomponent.starttopology(string,file,file,properties);False;False;0.9034152775648784;0.09658472243512224
metron-platform\metron-integration-test\src\main\java\org\apache\metron\integration\components\fluxtopologycomponent.java@org.apache.metron.integration.components.fluxtopologycomponent.stop();False;False;0.9034152775648784;0.09658472243512224
metron-platform\metron-integration-test\src\main\java\org\apache\metron\integration\components\fluxtopologycomponent.java@org.apache.metron.integration.components.fluxtopologycomponent.submittopology();False;False;0.97175;0.02825
metron-platform\metron-integration-test\src\main\java\org\apache\metron\integration\components\fluxtopologycomponent.java@org.apache.metron.integration.components.fluxtopologycomponent.withtemplatelocation(file);False;False;1.0;0.0
metron-platform\metron-integration-test\src\main\java\org\apache\metron\integration\components\fluxtopologycomponent.java@org.apache.metron.integration.components.fluxtopologycomponent.withtopologylocation(file);False;False;1.0;0.0
metron-platform\metron-integration-test\src\main\java\org\apache\metron\integration\components\fluxtopologycomponent.java@org.apache.metron.integration.components.fluxtopologycomponent.withtopologyname(string);False;False;1.0;0.0
metron-platform\metron-integration-test\src\main\java\org\apache\metron\integration\components\fluxtopologycomponent.java@org.apache.metron.integration.components.fluxtopologycomponent.withtopologyproperties(properties);False;False;0.968;0.032
metron-platform\metron-integration-test\src\main\java\org\apache\metron\integration\components\kafkacomponent.java@org.apache.metron.integration.components.kafkacomponent.topic(string,int);False;False;0.9034152775648784;0.09658472243512224
metron-platform\metron-integration-test\src\main\java\org\apache\metron\integration\components\kafkacomponent.java@org.apache.metron.integration.components.kafkacomponent.createproducer();False;False;0.987;0.013
metron-platform\metron-integration-test\src\main\java\org\apache\metron\integration\components\kafkacomponent.java@org.apache.metron.integration.components.kafkacomponent.createproducer(class,class);False;False;0.9034152775648784;0.09658472243512224
metron-platform\metron-integration-test\src\main\java\org\apache\metron\integration\components\kafkacomponent.java@org.apache.metron.integration.components.kafkacomponent.createproducer(map,class,class);False;False;0.9034152775648784;0.09658472243512224
metron-platform\metron-integration-test\src\main\java\org\apache\metron\integration\components\kafkacomponent.java@org.apache.metron.integration.components.kafkacomponent.createtopic(string);False;False;0.998625;0.001375
metron-platform\metron-integration-test\src\main\java\org\apache\metron\integration\components\kafkacomponent.java@org.apache.metron.integration.components.kafkacomponent.createtopic(string,int,boolean);False;False;0.9034152775648784;0.09658472243512224
metron-platform\metron-integration-test\src\main\java\org\apache\metron\integration\components\kafkacomponent.java@org.apache.metron.integration.components.kafkacomponent.getbrokerlist();False;False;1.0;0.0
metron-platform\metron-integration-test\src\main\java\org\apache\metron\integration\components\kafkacomponent.java@org.apache.metron.integration.components.kafkacomponent.getbrokerport();False;False;1.0;0.0
metron-platform\metron-integration-test\src\main\java\org\apache\metron\integration\components\kafkacomponent.java@org.apache.metron.integration.components.kafkacomponent.getstreamiterator(string);False;False;1.0;0.0
metron-platform\metron-integration-test\src\main\java\org\apache\metron\integration\components\kafkacomponent.java@org.apache.metron.integration.components.kafkacomponent.getstreamiterator(string,string,string);False;False;0.9034152775648784;0.09658472243512224
metron-platform\metron-integration-test\src\main\java\org\apache\metron\integration\components\kafkacomponent.java@org.apache.metron.integration.components.kafkacomponent.gettopics();False;False;1.0;0.0
metron-platform\metron-integration-test\src\main\java\org\apache\metron\integration\components\kafkacomponent.java@org.apache.metron.integration.components.kafkacomponent.getzookeeperconnect();False;False;1.0;0.0
metron-platform\metron-integration-test\src\main\java\org\apache\metron\integration\components\kafkacomponent.java@org.apache.metron.integration.components.kafkacomponent.readmessages(string);False;False;0.996;0.004
metron-platform\metron-integration-test\src\main\java\org\apache\metron\integration\components\kafkacomponent.java@org.apache.metron.integration.components.kafkacomponent.reset();False;False;0.9816666666666666;0.018333333333333333
metron-platform\metron-integration-test\src\main\java\org\apache\metron\integration\components\kafkacomponent.java@org.apache.metron.integration.components.kafkacomponent.shutdownconsumer();False;False;0.9993333333333334;0.0006666666666666666
metron-platform\metron-integration-test\src\main\java\org\apache\metron\integration\components\kafkacomponent.java@org.apache.metron.integration.components.kafkacomponent.shutdownproducers();False;False;0.9034152775648784;0.09658472243512224
metron-platform\metron-integration-test\src\main\java\org\apache\metron\integration\components\kafkacomponent.java@org.apache.metron.integration.components.kafkacomponent.start();False;False;0.9034152775648784;0.09658472243512224
metron-platform\metron-integration-test\src\main\java\org\apache\metron\integration\components\kafkacomponent.java@org.apache.metron.integration.components.kafkacomponent.stop();False;False;0.9034152775648784;0.09658472243512224
metron-platform\metron-integration-test\src\main\java\org\apache\metron\integration\components\kafkacomponent.java@org.apache.metron.integration.components.kafkacomponent.waituntilmetadataispropagated(string,int);False;False;0.9034152775648784;0.09658472243512224
metron-platform\metron-integration-test\src\main\java\org\apache\metron\integration\components\kafkacomponent.java@org.apache.metron.integration.components.kafkacomponent.withbrokerport(int);False;False;0.9972000000000001;0.0028
metron-platform\metron-integration-test\src\main\java\org\apache\metron\integration\components\kafkacomponent.java@org.apache.metron.integration.components.kafkacomponent.withexistingzookeeper(string);False;False;1.0;0.0
metron-platform\metron-integration-test\src\main\java\org\apache\metron\integration\components\kafkacomponent.java@org.apache.metron.integration.components.kafkacomponent.withpoststartcallback(function);False;False;0.9034152775648784;0.09658472243512224
metron-platform\metron-integration-test\src\main\java\org\apache\metron\integration\components\kafkacomponent.java@org.apache.metron.integration.components.kafkacomponent.withtopics(list);False;False;0.9034152775648784;0.09658472243512224
metron-platform\metron-integration-test\src\main\java\org\apache\metron\integration\components\kafkacomponent.java@org.apache.metron.integration.components.kafkacomponent.withtopologyproperties(properties);False;False;1.0;0.0
metron-platform\metron-integration-test\src\main\java\org\apache\metron\integration\components\kafkacomponent.java@org.apache.metron.integration.components.kafkacomponent.writemessages(string,collection);False;False;0.9034152775648784;0.09658472243512224
metron-platform\metron-integration-test\src\main\java\org\apache\metron\integration\components\kafkacomponent.java@org.apache.metron.integration.components.kafkacomponent.writemessages(string,list);False;False;0.9034152775648784;0.09658472243512224
metron-platform\metron-integration-test\src\main\java\org\apache\metron\integration\components\kafkacomponent.java@org.apache.metron.integration.components.kafkacomponent.writemessages(string,string);False;False;0.9034152775648784;0.09658472243512224
metron-platform\metron-integration-test\src\main\java\org\apache\metron\integration\components\kafkacomponent.java@org.apache.metron.integration.components.topic.topic(string,int);False;False;0.9034152775648784;0.09658472243512224
metron-platform\metron-integration-test\src\main\java\org\apache\metron\integration\components\mrcomponent.java@org.apache.metron.integration.components.mrcomponent.getbasepath();False;False;1.0;0.0
metron-platform\metron-integration-test\src\main\java\org\apache\metron\integration\components\mrcomponent.java@org.apache.metron.integration.components.mrcomponent.getconfiguration();False;False;1.0;0.0
metron-platform\metron-integration-test\src\main\java\org\apache\metron\integration\components\mrcomponent.java@org.apache.metron.integration.components.mrcomponent.start();False;False;0.9034152775648784;0.09658472243512224
metron-platform\metron-integration-test\src\main\java\org\apache\metron\integration\components\mrcomponent.java@org.apache.metron.integration.components.mrcomponent.stop();False;False;1.0;0.0
metron-platform\metron-integration-test\src\main\java\org\apache\metron\integration\components\mrcomponent.java@org.apache.metron.integration.components.mrcomponent.withbasepath(string);False;False;1.0;0.0
metron-platform\metron-integration-test\src\main\java\org\apache\metron\integration\components\yarncomponent.java@org.apache.metron.integration.components.yarncomponent.getappmasterjar();False;False;1.0;0.0
metron-platform\metron-integration-test\src\main\java\org\apache\metron\integration\components\yarncomponent.java@org.apache.metron.integration.components.yarncomponent.getconfig();False;False;1.0;0.0
metron-platform\metron-integration-test\src\main\java\org\apache\metron\integration\components\yarncomponent.java@org.apache.metron.integration.components.yarncomponent.getyarncluster();False;False;1.0;0.0
metron-platform\metron-integration-test\src\main\java\org\apache\metron\integration\components\yarncomponent.java@org.apache.metron.integration.components.yarncomponent.start();False;False;0.9034152775648784;0.09658472243512224
metron-platform\metron-integration-test\src\main\java\org\apache\metron\integration\components\yarncomponent.java@org.apache.metron.integration.components.yarncomponent.stop();False;False;0.9034152775648784;0.09658472243512224
metron-platform\metron-integration-test\src\main\java\org\apache\metron\integration\components\yarncomponent.java@org.apache.metron.integration.components.yarncomponent.waitfornmstoregister();False;False;0.9868571428571429;0.013142857142857142
metron-platform\metron-integration-test\src\main\java\org\apache\metron\integration\components\yarncomponent.java@org.apache.metron.integration.components.yarncomponent.withapplicationmasterclass(class);False;False;1.0;0.0
metron-platform\metron-integration-test\src\main\java\org\apache\metron\integration\components\yarncomponent.java@org.apache.metron.integration.components.yarncomponent.withtestname(string);False;False;1.0;0.0
metron-platform\metron-integration-test\src\main\java\org\apache\metron\integration\components\zkservercomponent.java@org.apache.metron.integration.components.zkservercomponent.getconnectionstring();False;False;0.984;0.016
metron-platform\metron-integration-test\src\main\java\org\apache\metron\integration\components\zkservercomponent.java@org.apache.metron.integration.components.zkservercomponent.reset();False;False;0.9034152775648784;0.09658472243512224
metron-platform\metron-integration-test\src\main\java\org\apache\metron\integration\components\zkservercomponent.java@org.apache.metron.integration.components.zkservercomponent.start();False;False;0.9034152775648784;0.09658472243512224
metron-platform\metron-integration-test\src\main\java\org\apache\metron\integration\components\zkservercomponent.java@org.apache.metron.integration.components.zkservercomponent.stop();False;False;0.9034152775648784;0.09658472243512224
metron-platform\metron-integration-test\src\main\java\org\apache\metron\integration\components\zkservercomponent.java@org.apache.metron.integration.components.zkservercomponent.withpoststartcallback(consumer);False;False;0.9034152775648784;0.09658472243512224
metron-platform\metron-integration-test\src\main\java\org\apache\metron\integration\processors\kafkamessageset.java@org.apache.metron.integration.processors.kafkamessageset.kafkamessageset(list,list);False;False;0.9034152775648784;0.09658472243512224
metron-platform\metron-integration-test\src\main\java\org\apache\metron\integration\processors\kafkamessageset.java@org.apache.metron.integration.processors.kafkamessageset.geterrors();False;False;1.0;0.0
metron-platform\metron-integration-test\src\main\java\org\apache\metron\integration\processors\kafkamessageset.java@org.apache.metron.integration.processors.kafkamessageset.getmessages();False;False;0.999;0.001
metron-platform\metron-integration-test\src\main\java\org\apache\metron\integration\processors\kafkaprocessor.java@org.apache.metron.integration.processors.kafkaprocessor.getresult();False;False;0.97775;0.02225
metron-platform\metron-integration-test\src\main\java\org\apache\metron\integration\processors\kafkaprocessor.java@org.apache.metron.integration.processors.kafkaprocessor.process(componentrunner);False;False;0.9953333333333334;0.004666666666666667
metron-platform\metron-integration-test\src\main\java\org\apache\metron\integration\processors\kafkaprocessor.java@org.apache.metron.integration.processors.kafkaprocessor.witherrortopic(string);False;False;1.0;0.0
metron-platform\metron-integration-test\src\main\java\org\apache\metron\integration\processors\kafkaprocessor.java@org.apache.metron.integration.processors.kafkaprocessor.withkafkacomponentname(string);False;False;0.995;0.005
metron-platform\metron-integration-test\src\main\java\org\apache\metron\integration\processors\kafkaprocessor.java@org.apache.metron.integration.processors.kafkaprocessor.withprovideresult(function);False;False;0.9034152775648784;0.09658472243512224
metron-platform\metron-integration-test\src\main\java\org\apache\metron\integration\processors\kafkaprocessor.java@org.apache.metron.integration.processors.kafkaprocessor.withreadtopic(string);False;False;1.0;0.0
metron-platform\metron-integration-test\src\main\java\org\apache\metron\integration\processors\kafkaprocessor.java@org.apache.metron.integration.processors.kafkaprocessor.withvalidatereadmessages(function);False;False;0.9034152775648784;0.09658472243512224
metron-platform\metron-integration-test\src\main\java\org\apache\metron\integration\utils\kafkautil.java@org.apache.metron.integration.utils.kafkautil.send(producer,iterable,string,long);False;False;0.9034152775648784;0.09658472243512224
metron-platform\metron-integration-test\src\main\java\org\apache\metron\integration\utils\kafkautil.java@org.apache.metron.integration.utils.kafkautil.send(producer,k,v,string);False;False;0.9034152775648784;0.09658472243512224
metron-platform\metron-integration-test\src\main\java\org\apache\metron\integration\utils\testutils.java@org.apache.metron.integration.utils.testutils.asserteventually(assertion);False;False;1.0;0.0
metron-platform\metron-integration-test\src\main\java\org\apache\metron\integration\utils\testutils.java@org.apache.metron.integration.utils.testutils.asserteventually(assertion,long);False;False;0.9034152775648784;0.09658472243512224
metron-platform\metron-integration-test\src\main\java\org\apache\metron\integration\utils\testutils.java@org.apache.metron.integration.utils.testutils.cleandir(path);False;False;0.9034152775648784;0.09658472243512224
metron-platform\metron-integration-test\src\main\java\org\apache\metron\integration\utils\testutils.java@org.apache.metron.integration.utils.testutils.createdir(file,string);False;False;0.9034152775648784;0.09658472243512224
metron-platform\metron-integration-test\src\main\java\org\apache\metron\integration\utils\testutils.java@org.apache.metron.integration.utils.testutils.createtempdir(string);False;False;0.9034152775648784;0.09658472243512224
metron-platform\metron-integration-test\src\main\java\org\apache\metron\integration\utils\testutils.java@org.apache.metron.integration.utils.testutils.postvisitdirectory(path,ioexception);False;False;0.9034152775648784;0.09658472243512224
metron-platform\metron-integration-test\src\main\java\org\apache\metron\integration\utils\testutils.java@org.apache.metron.integration.utils.testutils.read(file);False;False;0.987;0.013
metron-platform\metron-integration-test\src\main\java\org\apache\metron\integration\utils\testutils.java@org.apache.metron.integration.utils.testutils.read(file,charset);False;False;0.9034152775648784;0.09658472243512224
metron-platform\metron-integration-test\src\main\java\org\apache\metron\integration\utils\testutils.java@org.apache.metron.integration.utils.testutils.readsampledata(string);False;False;0.9433333333333334;0.056666666666666664
metron-platform\metron-integration-test\src\main\java\org\apache\metron\integration\utils\testutils.java@org.apache.metron.integration.utils.testutils.run();False;False;0.9034152775648784;0.09658472243512224
metron-platform\metron-integration-test\src\main\java\org\apache\metron\integration\utils\testutils.java@org.apache.metron.integration.utils.testutils.visitfile(path,basicfileattributes);False;False;0.9034152775648784;0.09658472243512224
metron-platform\metron-integration-test\src\main\java\org\apache\metron\integration\utils\testutils.java@org.apache.metron.integration.utils.testutils.visitfilefailed(path,ioexception);False;False;0.9034152775648784;0.09658472243512224
metron-platform\metron-integration-test\src\main\java\org\apache\metron\integration\utils\testutils.java@org.apache.metron.integration.utils.testutils.write(file,string);False;False;0.9034152775648784;0.09658472243512224
metron-platform\metron-integration-test\src\main\java\org\apache\metron\integration\utils\testutils.java@org.apache.metron.integration.utils.testutils.write(file,string[]);False;False;0.9034152775648784;0.09658472243512224
metron-platform\metron-management\src\main\java\org\apache\metron\management\configurationfunctions.java@org.apache.metron.management.configget.apply(list,context);False;False;0.9034152775648784;0.09658472243512224
metron-platform\metron-management\src\main\java\org\apache\metron\management\configurationfunctions.java@org.apache.metron.management.configget.emptyifnotpresent(list);False;False;0.9034152775648784;0.09658472243512224
metron-platform\metron-management\src\main\java\org\apache\metron\management\configurationfunctions.java@org.apache.metron.management.configget.getenrichmentconfig(list);False;False;0.9034152775648784;0.09658472243512224
metron-platform\metron-management\src\main\java\org\apache\metron\management\configurationfunctions.java@org.apache.metron.management.configget.getglobalconfig(list);False;False;0.9034152775648784;0.09658472243512224
metron-platform\metron-management\src\main\java\org\apache\metron\management\configurationfunctions.java@org.apache.metron.management.configget.getindexingconfig(list);False;False;0.9034152775648784;0.09658472243512224
metron-platform\metron-management\src\main\java\org\apache\metron\management\configurationfunctions.java@org.apache.metron.management.configget.getparserconfig(list);False;False;0.9034152775648784;0.09658472243512224
metron-platform\metron-management\src\main\java\org\apache\metron\management\configurationfunctions.java@org.apache.metron.management.configget.getprofilerconfig(list);False;False;0.9034152775648784;0.09658472243512224
metron-platform\metron-management\src\main\java\org\apache\metron\management\configurationfunctions.java@org.apache.metron.management.configget.initialize(context);False;False;0.9872062770562771;0.012793722943722944
metron-platform\metron-management\src\main\java\org\apache\metron\management\configurationfunctions.java@org.apache.metron.management.configget.isinitialized();False;False;0.973;0.027
metron-platform\metron-management\src\main\java\org\apache\metron\management\configurationfunctions.java@org.apache.metron.management.configput.apply(list,context);False;False;0.9034152775648784;0.09658472243512224
metron-platform\metron-management\src\main\java\org\apache\metron\management\configurationfunctions.java@org.apache.metron.management.configput.isinitialized();False;False;1.0;0.0
metron-platform\metron-management\src\main\java\org\apache\metron\management\configurationfunctions.java@org.apache.metron.management.configurationfunctions.apply(list,context);False;False;0.9034152775648784;0.09658472243512224
metron-platform\metron-management\src\main\java\org\apache\metron\management\configurationfunctions.java@org.apache.metron.management.configurationfunctions.emptyifnotpresent(list);False;False;0.9034152775648784;0.09658472243512224
metron-platform\metron-management\src\main\java\org\apache\metron\management\configurationfunctions.java@org.apache.metron.management.configurationfunctions.getarg(int,class,list);False;False;0.9034152775648784;0.09658472243512224
metron-platform\metron-management\src\main\java\org\apache\metron\management\configurationfunctions.java@org.apache.metron.management.configurationfunctions.getenrichmentconfig(list);False;False;0.9034152775648784;0.09658472243512224
metron-platform\metron-management\src\main\java\org\apache\metron\management\configurationfunctions.java@org.apache.metron.management.configurationfunctions.getglobalconfig(list);False;False;0.9034152775648784;0.09658472243512224
metron-platform\metron-management\src\main\java\org\apache\metron\management\configurationfunctions.java@org.apache.metron.management.configurationfunctions.getindexingconfig(list);False;False;0.9034152775648784;0.09658472243512224
metron-platform\metron-management\src\main\java\org\apache\metron\management\configurationfunctions.java@org.apache.metron.management.configurationfunctions.getparserconfig(list);False;False;0.9034152775648784;0.09658472243512224
metron-platform\metron-management\src\main\java\org\apache\metron\management\configurationfunctions.java@org.apache.metron.management.configurationfunctions.getprofilerconfig(list);False;False;0.9034152775648784;0.09658472243512224
metron-platform\metron-management\src\main\java\org\apache\metron\management\configurationfunctions.java@org.apache.metron.management.configurationfunctions.getzookeeperclient(context);False;False;0.896;0.104
metron-platform\metron-management\src\main\java\org\apache\metron\management\configurationfunctions.java@org.apache.metron.management.configurationfunctions.initialize(context);False;False;0.9728143907019752;0.027185609298024802
metron-platform\metron-management\src\main\java\org\apache\metron\management\configurationfunctions.java@org.apache.metron.management.configurationfunctions.isinitialized();False;False;0.9034152775648784;0.09658472243512224
metron-platform\metron-management\src\main\java\org\apache\metron\management\configurationfunctions.java@org.apache.metron.management.configurationfunctions.tojson(object);False;False;0.9034152775648784;0.09658472243512224
metron-platform\metron-management\src\main\java\org\apache\metron\management\enrichmentconfigfunctions.java@org.apache.metron.management.addstellartransformation.apply(list,context);False;False;0.9034152775648784;0.09658472243512224
metron-platform\metron-management\src\main\java\org\apache\metron\management\enrichmentconfigfunctions.java@org.apache.metron.management.addstellartransformation.isinitialized();False;False;0.993;0.007
metron-platform\metron-management\src\main\java\org\apache\metron\management\enrichmentconfigfunctions.java@org.apache.metron.management.enrichmentconfigfunctions.apply(list,context);False;False;0.9034152775648784;0.09658472243512224
metron-platform\metron-management\src\main\java\org\apache\metron\management\enrichmentconfigfunctions.java@org.apache.metron.management.enrichmentconfigfunctions.getconfig(sensorenrichmentconfig,type);False;False;0.9034152775648784;0.09658472243512224
metron-platform\metron-management\src\main\java\org\apache\metron\management\enrichmentconfigfunctions.java@org.apache.metron.management.enrichmentconfigfunctions.getstellarhandler(enrichmentconfig);False;False;0.974;0.026
metron-platform\metron-management\src\main\java\org\apache\metron\management\enrichmentconfigfunctions.java@org.apache.metron.management.enrichmentconfigfunctions.isinitialized();False;False;0.967;0.033
metron-platform\metron-management\src\main\java\org\apache\metron\management\enrichmentconfigfunctions.java@org.apache.metron.management.getstellartransformation.apply(list,context);False;False;0.9034152775648784;0.09658472243512224
metron-platform\metron-management\src\main\java\org\apache\metron\management\enrichmentconfigfunctions.java@org.apache.metron.management.getstellartransformation.isinitialized();False;False;0.9851351218008023;0.014864878199197096
metron-platform\metron-management\src\main\java\org\apache\metron\management\enrichmentconfigfunctions.java@org.apache.metron.management.removestellartransformation.apply(list,context);False;False;0.9034152775648784;0.09658472243512224
metron-platform\metron-management\src\main\java\org\apache\metron\management\enrichmentconfigfunctions.java@org.apache.metron.management.removestellartransformation.isinitialized();False;False;1.0;0.0
metron-platform\metron-management\src\main\java\org\apache\metron\management\filesystemfunctions.java@org.apache.metron.management.fileget.fileget();False;False;0.9034152775648784;0.09658472243512224
metron-platform\metron-management\src\main\java\org\apache\metron\management\filesystemfunctions.java@org.apache.metron.management.filegetlist.filegetlist();False;False;0.9034152775648784;0.09658472243512224
metron-platform\metron-management\src\main\java\org\apache\metron\management\filesystemfunctions.java@org.apache.metron.management.filels.filels();False;False;0.9034152775648784;0.09658472243512224
metron-platform\metron-management\src\main\java\org\apache\metron\management\filesystemfunctions.java@org.apache.metron.management.fileput.fileput();False;False;0.9034152775648784;0.09658472243512224
metron-platform\metron-management\src\main\java\org\apache\metron\management\filesystemfunctions.java@org.apache.metron.management.filerm.filerm();False;False;0.9034152775648784;0.09658472243512224
metron-platform\metron-management\src\main\java\org\apache\metron\management\filesystemfunctions.java@org.apache.metron.management.filesystemfunction.filesystemfunction(filesystemgetter);False;False;0.9034152775648784;0.09658472243512224
metron-platform\metron-management\src\main\java\org\apache\metron\management\filesystemfunctions.java@org.apache.metron.management.filesystemfunction.initialize(context);False;False;0.9034152775648784;0.09658472243512224
metron-platform\metron-management\src\main\java\org\apache\metron\management\filesystemfunctions.java@org.apache.metron.management.filesystemfunction.isinitialized();False;False;0.9851351218008023;0.014864878199197096
metron-platform\metron-management\src\main\java\org\apache\metron\management\filesystemfunctions.java@org.apache.metron.management.filesystemfunctions.fs_type(filesystemgetter);False;False;0.9034152775648784;0.09658472243512224
metron-platform\metron-management\src\main\java\org\apache\metron\management\filesystemfunctions.java@org.apache.metron.management.filesystemfunctions.fileget();False;False;0.9034152775648784;0.09658472243512224
metron-platform\metron-management\src\main\java\org\apache\metron\management\filesystemfunctions.java@org.apache.metron.management.filesystemfunctions.filegetlist();False;False;0.9034152775648784;0.09658472243512224
metron-platform\metron-management\src\main\java\org\apache\metron\management\filesystemfunctions.java@org.apache.metron.management.filesystemfunctions.filels();False;False;0.9034152775648784;0.09658472243512224
metron-platform\metron-management\src\main\java\org\apache\metron\management\filesystemfunctions.java@org.apache.metron.management.filesystemfunctions.fileput();False;False;0.9034152775648784;0.09658472243512224
metron-platform\metron-management\src\main\java\org\apache\metron\management\filesystemfunctions.java@org.apache.metron.management.filesystemfunctions.filerm();False;False;0.9034152775648784;0.09658472243512224
metron-platform\metron-management\src\main\java\org\apache\metron\management\filesystemfunctions.java@org.apache.metron.management.filesystemfunctions.filesystemfunction(filesystemgetter);False;False;0.9034152775648784;0.09658472243512224
metron-platform\metron-management\src\main\java\org\apache\metron\management\filesystemfunctions.java@org.apache.metron.management.filesystemfunctions.filesystemget(filesystemgetter);False;False;0.9034152775648784;0.09658472243512224
metron-platform\metron-management\src\main\java\org\apache\metron\management\filesystemfunctions.java@org.apache.metron.management.filesystemfunctions.filesystemgetlist(filesystemgetter);False;False;0.9034152775648784;0.09658472243512224
metron-platform\metron-management\src\main\java\org\apache\metron\management\filesystemfunctions.java@org.apache.metron.management.filesystemfunctions.filesystemls(filesystemgetter);False;False;0.9034152775648784;0.09658472243512224
metron-platform\metron-management\src\main\java\org\apache\metron\management\filesystemfunctions.java@org.apache.metron.management.filesystemfunctions.filesystemput(filesystemgetter);False;False;0.9034152775648784;0.09658472243512224
metron-platform\metron-management\src\main\java\org\apache\metron\management\filesystemfunctions.java@org.apache.metron.management.filesystemfunctions.filesystemrm(filesystemgetter);False;False;0.9034152775648784;0.09658472243512224
metron-platform\metron-management\src\main\java\org\apache\metron\management\filesystemfunctions.java@org.apache.metron.management.filesystemfunctions.hdfsget();False;False;0.9034152775648784;0.09658472243512224
metron-platform\metron-management\src\main\java\org\apache\metron\management\filesystemfunctions.java@org.apache.metron.management.filesystemfunctions.hdfsgetlist();False;False;0.9034152775648784;0.09658472243512224
metron-platform\metron-management\src\main\java\org\apache\metron\management\filesystemfunctions.java@org.apache.metron.management.filesystemfunctions.hdfsls();False;False;0.9034152775648784;0.09658472243512224
metron-platform\metron-management\src\main\java\org\apache\metron\management\filesystemfunctions.java@org.apache.metron.management.filesystemfunctions.hdfsput();False;False;0.9034152775648784;0.09658472243512224
metron-platform\metron-management\src\main\java\org\apache\metron\management\filesystemfunctions.java@org.apache.metron.management.filesystemfunctions.hdfsrm();False;False;0.9034152775648784;0.09658472243512224
metron-platform\metron-management\src\main\java\org\apache\metron\management\filesystemfunctions.java@org.apache.metron.management.filesystemfunctions.apply(list,context);False;False;0.9034152775648784;0.09658472243512224
metron-platform\metron-management\src\main\java\org\apache\metron\management\filesystemfunctions.java@org.apache.metron.management.filesystemfunctions.getsystem();False;False;0.9869285714285715;0.01307142857142857
metron-platform\metron-management\src\main\java\org\apache\metron\management\filesystemfunctions.java@org.apache.metron.management.filesystemfunctions.initialvalue();False;False;0.9034152775648784;0.09658472243512224
metron-platform\metron-management\src\main\java\org\apache\metron\management\filesystemfunctions.java@org.apache.metron.management.filesystemfunctions.initialize(context);False;False;0.9034152775648784;0.09658472243512224
metron-platform\metron-management\src\main\java\org\apache\metron\management\filesystemfunctions.java@org.apache.metron.management.filesystemfunctions.isinitialized();False;False;0.976;0.024
metron-platform\metron-management\src\main\java\org\apache\metron\management\filesystemfunctions.java@org.apache.metron.management.filesystemget.filesystemget(filesystemgetter);False;False;0.9034152775648784;0.09658472243512224
metron-platform\metron-management\src\main\java\org\apache\metron\management\filesystemfunctions.java@org.apache.metron.management.filesystemget.apply(list,context);False;False;0.9034152775648784;0.09658472243512224
metron-platform\metron-management\src\main\java\org\apache\metron\management\filesystemfunctions.java@org.apache.metron.management.filesystemgetlist.filesystemgetlist(filesystemgetter);False;False;0.9034152775648784;0.09658472243512224
metron-platform\metron-management\src\main\java\org\apache\metron\management\filesystemfunctions.java@org.apache.metron.management.filesystemgetlist.apply(list,context);False;False;0.9034152775648784;0.09658472243512224
metron-platform\metron-management\src\main\java\org\apache\metron\management\filesystemfunctions.java@org.apache.metron.management.filesystemls.filesystemls(filesystemgetter);False;False;0.9034152775648784;0.09658472243512224
metron-platform\metron-management\src\main\java\org\apache\metron\management\filesystemfunctions.java@org.apache.metron.management.filesystemls.apply(list,context);False;False;0.9034152775648784;0.09658472243512224
metron-platform\metron-management\src\main\java\org\apache\metron\management\filesystemfunctions.java@org.apache.metron.management.filesystemls.initialvalue();False;False;0.962;0.038
metron-platform\metron-management\src\main\java\org\apache\metron\management\filesystemfunctions.java@org.apache.metron.management.filesystemput.filesystemput(filesystemgetter);False;False;0.9034152775648784;0.09658472243512224
metron-platform\metron-management\src\main\java\org\apache\metron\management\filesystemfunctions.java@org.apache.metron.management.filesystemput.apply(list,context);False;False;0.9034152775648784;0.09658472243512224
metron-platform\metron-management\src\main\java\org\apache\metron\management\filesystemfunctions.java@org.apache.metron.management.filesystemrm.filesystemrm(filesystemgetter);False;False;0.9034152775648784;0.09658472243512224
metron-platform\metron-management\src\main\java\org\apache\metron\management\filesystemfunctions.java@org.apache.metron.management.filesystemrm.apply(list,context);False;False;0.9034152775648784;0.09658472243512224
metron-platform\metron-management\src\main\java\org\apache\metron\management\filesystemfunctions.java@org.apache.metron.management.hdfsget.hdfsget();False;False;0.9034152775648784;0.09658472243512224
metron-platform\metron-management\src\main\java\org\apache\metron\management\filesystemfunctions.java@org.apache.metron.management.hdfsgetlist.hdfsgetlist();False;False;0.9034152775648784;0.09658472243512224
metron-platform\metron-management\src\main\java\org\apache\metron\management\filesystemfunctions.java@org.apache.metron.management.hdfsls.hdfsls();False;False;0.9034152775648784;0.09658472243512224
metron-platform\metron-management\src\main\java\org\apache\metron\management\filesystemfunctions.java@org.apache.metron.management.hdfsput.hdfsput();False;False;0.9034152775648784;0.09658472243512224
metron-platform\metron-management\src\main\java\org\apache\metron\management\filesystemfunctions.java@org.apache.metron.management.hdfsrm.hdfsrm();False;False;0.9034152775648784;0.09658472243512224
metron-platform\metron-management\src\main\java\org\apache\metron\management\grokfunctions.java@org.apache.metron.management.evaluate.apply(list,context);False;False;0.9034152775648784;0.09658472243512224
metron-platform\metron-management\src\main\java\org\apache\metron\management\grokfunctions.java@org.apache.metron.management.evaluate.isinitialized();False;False;0.9851351218008023;0.014864878199197096
metron-platform\metron-management\src\main\java\org\apache\metron\management\grokfunctions.java@org.apache.metron.management.grokfunctions.apply(list,context);False;False;0.9034152775648784;0.09658472243512224
metron-platform\metron-management\src\main\java\org\apache\metron\management\grokfunctions.java@org.apache.metron.management.grokfunctions.getgrok(string);False;False;0.978;0.022
metron-platform\metron-management\src\main\java\org\apache\metron\management\grokfunctions.java@org.apache.metron.management.grokfunctions.isinitialized();False;False;1.0;0.0
metron-platform\metron-management\src\main\java\org\apache\metron\management\grokfunctions.java@org.apache.metron.management.predict.apply(list,context);False;False;0.9034152775648784;0.09658472243512224
metron-platform\metron-management\src\main\java\org\apache\metron\management\grokfunctions.java@org.apache.metron.management.predict.isinitialized();False;False;0.9851351218008023;0.014864878199197096
metron-platform\metron-management\src\main\java\org\apache\metron\management\indexingconfigfunctions.java@org.apache.metron.management.enabled.apply(list,context);False;False;0.9034152775648784;0.09658472243512224
metron-platform\metron-management\src\main\java\org\apache\metron\management\indexingconfigfunctions.java@org.apache.metron.management.enabled.isinitialized();False;False;1.0;0.0
metron-platform\metron-management\src\main\java\org\apache\metron\management\indexingconfigfunctions.java@org.apache.metron.management.indexingconfigfunctions.apply(list,context);False;False;0.9034152775648784;0.09658472243512224
metron-platform\metron-management\src\main\java\org\apache\metron\management\indexingconfigfunctions.java@org.apache.metron.management.indexingconfigfunctions.isinitialized();False;False;0.996;0.004
metron-platform\metron-management\src\main\java\org\apache\metron\management\indexingconfigfunctions.java@org.apache.metron.management.setbatchsize.apply(list,context);False;False;0.9034152775648784;0.09658472243512224
metron-platform\metron-management\src\main\java\org\apache\metron\management\indexingconfigfunctions.java@org.apache.metron.management.setbatchsize.isinitialized();False;False;0.9851351218008023;0.014864878199197096
metron-platform\metron-management\src\main\java\org\apache\metron\management\indexingconfigfunctions.java@org.apache.metron.management.setindex.apply(list,context);False;False;0.9034152775648784;0.09658472243512224
metron-platform\metron-management\src\main\java\org\apache\metron\management\indexingconfigfunctions.java@org.apache.metron.management.setindex.isinitialized();False;False;0.9851351218008023;0.014864878199197096
metron-platform\metron-management\src\main\java\org\apache\metron\management\kafkafunctions.java@org.apache.metron.management.kafkafunctions.apply(list,context);False;False;0.9034152775648784;0.09658472243512224
metron-platform\metron-management\src\main\java\org\apache\metron\management\kafkafunctions.java@org.apache.metron.management.kafkafunctions.buildkafkaproperties(map,context);False;False;0.9034152775648784;0.09658472243512224
metron-platform\metron-management\src\main\java\org\apache\metron\management\kafkafunctions.java@org.apache.metron.management.kafkafunctions.defaultkafkaproperties();False;False;0.967;0.033
metron-platform\metron-management\src\main\java\org\apache\metron\management\kafkafunctions.java@org.apache.metron.management.kafkafunctions.generategroupid();False;False;0.9942499999999999;0.005749999999999999
metron-platform\metron-management\src\main\java\org\apache\metron\management\kafkafunctions.java@org.apache.metron.management.kafkafunctions.getmaxattempts(properties);False;False;0.998;0.002
metron-platform\metron-management\src\main\java\org\apache\metron\management\kafkafunctions.java@org.apache.metron.management.kafkafunctions.isinitialized();False;False;1.0;0.0
metron-platform\metron-management\src\main\java\org\apache\metron\management\kafkafunctions.java@org.apache.metron.management.kafkafunctions.send(string,list,properties);False;False;0.9034152775648784;0.09658472243512224
metron-platform\metron-management\src\main\java\org\apache\metron\management\kafkafunctions.java@org.apache.metron.management.kafkaget.apply(list,context);False;False;0.9034152775648784;0.09658472243512224
metron-platform\metron-management\src\main\java\org\apache\metron\management\kafkafunctions.java@org.apache.metron.management.kafkaget.isinitialized();False;False;0.9851351218008023;0.014864878199197096
metron-platform\metron-management\src\main\java\org\apache\metron\management\kafkafunctions.java@org.apache.metron.management.kafkaprops.apply(list,context);False;False;0.9034152775648784;0.09658472243512224
metron-platform\metron-management\src\main\java\org\apache\metron\management\kafkafunctions.java@org.apache.metron.management.kafkaprops.isinitialized();False;False;1.0;0.0
metron-platform\metron-management\src\main\java\org\apache\metron\management\kafkafunctions.java@org.apache.metron.management.kafkaput.apply(list,context);False;False;0.9034152775648784;0.09658472243512224
metron-platform\metron-management\src\main\java\org\apache\metron\management\kafkafunctions.java@org.apache.metron.management.kafkaput.isinitialized();False;False;0.9851351218008023;0.014864878199197096
metron-platform\metron-management\src\main\java\org\apache\metron\management\kafkafunctions.java@org.apache.metron.management.kafkaput.send(string,list,properties);False;False;0.9034152775648784;0.09658472243512224
metron-platform\metron-management\src\main\java\org\apache\metron\management\kafkafunctions.java@org.apache.metron.management.kafkatail.apply(list,context);False;False;0.9034152775648784;0.09658472243512224
metron-platform\metron-management\src\main\java\org\apache\metron\management\kafkafunctions.java@org.apache.metron.management.kafkatail.isinitialized();False;False;0.9851351218008023;0.014864878199197096
metron-platform\metron-management\src\main\java\org\apache\metron\management\parserconfigfunctions.java@org.apache.metron.management.addstellartransformation.apply(list,context);False;False;0.9034152775648784;0.09658472243512224
metron-platform\metron-management\src\main\java\org\apache\metron\management\parserconfigfunctions.java@org.apache.metron.management.addstellartransformation.isinitialized();False;False;1.0;0.0
metron-platform\metron-management\src\main\java\org\apache\metron\management\parserconfigfunctions.java@org.apache.metron.management.parserconfigfunctions.apply(list,context);False;False;0.9034152775648784;0.09658472243512224
metron-platform\metron-management\src\main\java\org\apache\metron\management\parserconfigfunctions.java@org.apache.metron.management.parserconfigfunctions.getstellartransformer(sensorparserconfig);False;False;0.977;0.023
metron-platform\metron-management\src\main\java\org\apache\metron\management\parserconfigfunctions.java@org.apache.metron.management.parserconfigfunctions.isinitialized();False;False;0.969;0.031
metron-platform\metron-management\src\main\java\org\apache\metron\management\parserconfigfunctions.java@org.apache.metron.management.parserconfigfunctions.pruneemptystellartransformers(sensorparserconfig);False;False;0.966;0.034
metron-platform\metron-management\src\main\java\org\apache\metron\management\parserconfigfunctions.java@org.apache.metron.management.printstellartransformation.apply(list,context);False;False;0.9034152775648784;0.09658472243512224
metron-platform\metron-management\src\main\java\org\apache\metron\management\parserconfigfunctions.java@org.apache.metron.management.printstellartransformation.isinitialized();False;False;0.9851351218008023;0.014864878199197096
metron-platform\metron-management\src\main\java\org\apache\metron\management\parserconfigfunctions.java@org.apache.metron.management.removestellartransformation.apply(list,context);False;False;0.9034152775648784;0.09658472243512224
metron-platform\metron-management\src\main\java\org\apache\metron\management\parserconfigfunctions.java@org.apache.metron.management.removestellartransformation.isinitialized();False;False;1.0;0.0
metron-platform\metron-management\src\main\java\org\apache\metron\management\threattriagefunctions.java@org.apache.metron.management.addstellartransformation.apply(list,context);False;False;0.9034152775648784;0.09658472243512224
metron-platform\metron-management\src\main\java\org\apache\metron\management\threattriagefunctions.java@org.apache.metron.management.addstellartransformation.getnewruledefinitions(list);False;False;0.9034152775648784;0.09658472243512224
metron-platform\metron-management\src\main\java\org\apache\metron\management\threattriagefunctions.java@org.apache.metron.management.addstellartransformation.isinitialized();False;False;0.999;0.001
metron-platform\metron-management\src\main\java\org\apache\metron\management\threattriagefunctions.java@org.apache.metron.management.getstellartransformation.apply(list,context);False;False;0.9034152775648784;0.09658472243512224
metron-platform\metron-management\src\main\java\org\apache\metron\management\threattriagefunctions.java@org.apache.metron.management.getstellartransformation.isinitialized();False;False;0.989;0.011
metron-platform\metron-management\src\main\java\org\apache\metron\management\threattriagefunctions.java@org.apache.metron.management.removestellartransformation.apply(list,context);False;False;0.9034152775648784;0.09658472243512224
metron-platform\metron-management\src\main\java\org\apache\metron\management\threattriagefunctions.java@org.apache.metron.management.removestellartransformation.isinitialized();False;False;0.979;0.021
metron-platform\metron-management\src\main\java\org\apache\metron\management\threattriagefunctions.java@org.apache.metron.management.setaggregator.apply(list,context);False;False;0.9034152775648784;0.09658472243512224
metron-platform\metron-management\src\main\java\org\apache\metron\management\threattriagefunctions.java@org.apache.metron.management.setaggregator.isinitialized();False;False;1.0;0.0
metron-platform\metron-management\src\main\java\org\apache\metron\management\threattriagefunctions.java@org.apache.metron.management.threattriageconfig.apply(list,context);False;False;0.9034152775648784;0.09658472243512224
metron-platform\metron-management\src\main\java\org\apache\metron\management\threattriagefunctions.java@org.apache.metron.management.threattriageconfig.isinitialized();False;False;0.999;0.001
metron-platform\metron-management\src\main\java\org\apache\metron\management\threattriagefunctions.java@org.apache.metron.management.threattriagefunctions.apply(list,context);False;False;0.9034152775648784;0.09658472243512224
metron-platform\metron-management\src\main\java\org\apache\metron\management\threattriagefunctions.java@org.apache.metron.management.threattriagefunctions.getnewruledefinitions(list);False;False;0.9034152775648784;0.09658472243512224
metron-platform\metron-management\src\main\java\org\apache\metron\management\threattriagefunctions.java@org.apache.metron.management.threattriagefunctions.getsensorenrichmentconfig(list,int);False;False;0.9034152775648784;0.09658472243512224
metron-platform\metron-management\src\main\java\org\apache\metron\management\threattriagefunctions.java@org.apache.metron.management.threattriagefunctions.initialize(context);False;False;0.9728143907019752;0.027185609298024802
metron-platform\metron-management\src\main\java\org\apache\metron\management\threattriagefunctions.java@org.apache.metron.management.threattriagefunctions.isinitialized();False;False;0.986;0.014
metron-platform\metron-management\src\main\java\org\apache\metron\management\threattriagefunctions.java@org.apache.metron.management.threattriagefunctions.tojson(sensorenrichmentconfig);False;False;0.9034152775648784;0.09658472243512224
metron-platform\metron-management\src\main\java\org\apache\metron\management\threattriagefunctions.java@org.apache.metron.management.threattriagefunctions.transform(threatscore,sensorenrichmentconfig);False;False;0.9034152775648784;0.09658472243512224
metron-platform\metron-management\src\main\java\org\apache\metron\management\threattriagefunctions.java@org.apache.metron.management.threattriageinit.apply(list,context);False;False;0.9034152775648784;0.09658472243512224
metron-platform\metron-management\src\main\java\org\apache\metron\management\threattriagefunctions.java@org.apache.metron.management.threattriageinit.isinitialized();False;False;0.9851351218008023;0.014864878199197096
metron-platform\metron-management\src\main\java\org\apache\metron\management\threattriagefunctions.java@org.apache.metron.management.threattriagescore.apply(list,context);False;False;0.9034152775648784;0.09658472243512224
metron-platform\metron-management\src\main\java\org\apache\metron\management\threattriagefunctions.java@org.apache.metron.management.threattriagescore.initialize(context);False;False;0.9980757575757575;0.0019242424242424242
metron-platform\metron-management\src\main\java\org\apache\metron\management\threattriagefunctions.java@org.apache.metron.management.threattriagescore.isinitialized();False;False;1.0;0.0
metron-platform\metron-management\src\main\java\org\apache\metron\management\threattriagefunctions.java@org.apache.metron.management.threattriagescore.transform(threatscore,sensorenrichmentconfig);False;False;0.9034152775648784;0.09658472243512224
metron-platform\metron-management\src\test\java\org\apache\metron\management\configurationfunctionstest.java@org.apache.metron.management.configurationfunctionstest.deletepath(string);False;False;0.9982692307692307;0.0017307692307692308
metron-platform\metron-management\src\test\java\org\apache\metron\management\configurationfunctionstest.java@org.apache.metron.management.configurationfunctionstest.pushconfigs(string,string);False;False;0.9034152775648784;0.09658472243512224
metron-platform\metron-management\src\test\java\org\apache\metron\management\configurationfunctionstest.java@org.apache.metron.management.configurationfunctionstest.setup();False;False;0.98475;0.01525
metron-platform\metron-management\src\test\java\org\apache\metron\management\configurationfunctionstest.java@org.apache.metron.management.configurationfunctionstest.setupzookeeper();False;False;0.765;0.235
metron-platform\metron-management\src\test\java\org\apache\metron\management\configurationfunctionstest.java@org.apache.metron.management.configurationfunctionstest.testgetenrichment();False;False;0.975;0.025
metron-platform\metron-management\src\test\java\org\apache\metron\management\configurationfunctionstest.java@org.apache.metron.management.configurationfunctionstest.testgetenrichmentmisswithdefault();False;False;0.544;0.456
metron-platform\metron-management\src\test\java\org\apache\metron\management\configurationfunctionstest.java@org.apache.metron.management.configurationfunctionstest.testgetenrichmentmisswithoutdefault();False;False;0.752;0.248
metron-platform\metron-management\src\test\java\org\apache\metron\management\configurationfunctionstest.java@org.apache.metron.management.configurationfunctionstest.testgetglobal();False;False;0.996;0.004
metron-platform\metron-management\src\test\java\org\apache\metron\management\configurationfunctionstest.java@org.apache.metron.management.configurationfunctionstest.testgetglobalmisswithdefault();False;False;0.788;0.212
metron-platform\metron-management\src\test\java\org\apache\metron\management\configurationfunctionstest.java@org.apache.metron.management.configurationfunctionstest.testgetglobalmisswithoutdefault();False;False;0.964;0.036
metron-platform\metron-management\src\test\java\org\apache\metron\management\configurationfunctionstest.java@org.apache.metron.management.configurationfunctionstest.testgetindexing();False;False;0.968;0.032
metron-platform\metron-management\src\test\java\org\apache\metron\management\configurationfunctionstest.java@org.apache.metron.management.configurationfunctionstest.testgetindexingmisswithoutdefault();False;False;0.752;0.248
metron-platform\metron-management\src\test\java\org\apache\metron\management\configurationfunctionstest.java@org.apache.metron.management.configurationfunctionstest.testgetindexingtmisswithdefault();False;False;0.577;0.423
metron-platform\metron-management\src\test\java\org\apache\metron\management\configurationfunctionstest.java@org.apache.metron.management.configurationfunctionstest.testgetparser();False;False;0.975;0.025
metron-platform\metron-management\src\test\java\org\apache\metron\management\configurationfunctionstest.java@org.apache.metron.management.configurationfunctionstest.testgetparsermisswithdefault();False;True;0.476;0.524
metron-platform\metron-management\src\test\java\org\apache\metron\management\configurationfunctionstest.java@org.apache.metron.management.configurationfunctionstest.testgetparsermisswithoutdefault();False;False;0.77;0.23
metron-platform\metron-management\src\test\java\org\apache\metron\management\configurationfunctionstest.java@org.apache.metron.management.configurationfunctionstest.testgetprofiler();False;False;0.993;0.007
metron-platform\metron-management\src\test\java\org\apache\metron\management\configurationfunctionstest.java@org.apache.metron.management.configurationfunctionstest.testgetprofilermisswithdefault();False;False;0.734;0.266
metron-platform\metron-management\src\test\java\org\apache\metron\management\configurationfunctionstest.java@org.apache.metron.management.configurationfunctionstest.testgetprofilermisswithoutdefault();False;False;0.962;0.038
metron-platform\metron-management\src\test\java\org\apache\metron\management\configurationfunctionstest.java@org.apache.metron.management.configurationfunctionstest.testputenrichment();False;False;0.579;0.421
metron-platform\metron-management\src\test\java\org\apache\metron\management\configurationfunctionstest.java@org.apache.metron.management.configurationfunctionstest.testputenrichmentbad();False;False;0.9034152775648784;0.09658472243512224
metron-platform\metron-management\src\test\java\org\apache\metron\management\configurationfunctionstest.java@org.apache.metron.management.configurationfunctionstest.testputglobal();False;False;0.996;0.004
metron-platform\metron-management\src\test\java\org\apache\metron\management\configurationfunctionstest.java@org.apache.metron.management.configurationfunctionstest.testputglobalbad();False;False;0.9034152775648784;0.09658472243512224
metron-platform\metron-management\src\test\java\org\apache\metron\management\configurationfunctionstest.java@org.apache.metron.management.configurationfunctionstest.testputindexing();False;True;0.243;0.757
metron-platform\metron-management\src\test\java\org\apache\metron\management\configurationfunctionstest.java@org.apache.metron.management.configurationfunctionstest.testputindexingbad();False;False;0.9034152775648784;0.09658472243512224
metron-platform\metron-management\src\test\java\org\apache\metron\management\configurationfunctionstest.java@org.apache.metron.management.configurationfunctionstest.testputparser();False;True;0.243;0.757
metron-platform\metron-management\src\test\java\org\apache\metron\management\configurationfunctionstest.java@org.apache.metron.management.configurationfunctionstest.testputparserbad();False;False;0.9034152775648784;0.09658472243512224
metron-platform\metron-management\src\test\java\org\apache\metron\management\configurationfunctionstest.java@org.apache.metron.management.configurationfunctionstest.tojsonobject(string);False;False;0.995;0.005
metron-platform\metron-management\src\test\java\org\apache\metron\management\enrichmentconfigfunctionstest.java@org.apache.metron.management.enrichmentconfigfunctionstest.enrichmentconfigfunctionstest(string,string);False;False;0.9034152775648784;0.09658472243512224
metron-platform\metron-management\src\test\java\org\apache\metron\management\enrichmentconfigfunctionstest.java@org.apache.metron.management.enrichmentconfigfunctionstest.emptytransformationsconfig();False;False;0.9034152775648784;0.09658472243512224
metron-platform\metron-management\src\test\java\org\apache\metron\management\enrichmentconfigfunctionstest.java@org.apache.metron.management.enrichmentconfigfunctionstest.get(map,string);False;False;0.9034152775648784;0.09658472243512224
metron-platform\metron-management\src\test\java\org\apache\metron\management\enrichmentconfigfunctionstest.java@org.apache.metron.management.enrichmentconfigfunctionstest.getenrichmentconfig(string);False;False;0.991;0.009
metron-platform\metron-management\src\test\java\org\apache\metron\management\enrichmentconfigfunctionstest.java@org.apache.metron.management.enrichmentconfigfunctionstest.getstellarmappings(enrichmentconfig);False;False;0.976;0.024
metron-platform\metron-management\src\test\java\org\apache\metron\management\enrichmentconfigfunctionstest.java@org.apache.metron.management.enrichmentconfigfunctionstest.run(string,map);False;False;0.9034152775648784;0.09658472243512224
metron-platform\metron-management\src\test\java\org\apache\metron\management\enrichmentconfigfunctionstest.java@org.apache.metron.management.enrichmentconfigfunctionstest.setup();False;False;0.953;0.047
metron-platform\metron-management\src\test\java\org\apache\metron\management\enrichmentconfigfunctionstest.java@org.apache.metron.management.enrichmentconfigfunctionstest.size(map);False;False;0.9034152775648784;0.09658472243512224
metron-platform\metron-management\src\test\java\org\apache\metron\management\enrichmentconfigfunctionstest.java@org.apache.metron.management.enrichmentconfigfunctionstest.testaddduplicate();False;False;0.999;0.001
metron-platform\metron-management\src\test\java\org\apache\metron\management\enrichmentconfigfunctionstest.java@org.apache.metron.management.enrichmentconfigfunctionstest.testaddempty();False;False;0.9973333333333333;0.0026666666666666666
metron-platform\metron-management\src\test\java\org\apache\metron\management\enrichmentconfigfunctionstest.java@org.apache.metron.management.enrichmentconfigfunctionstest.testaddhasexisting();False;False;0.999;0.001
metron-platform\metron-management\src\test\java\org\apache\metron\management\enrichmentconfigfunctionstest.java@org.apache.metron.management.enrichmentconfigfunctionstest.testaddmalformed();False;False;0.996;0.004
metron-platform\metron-management\src\test\java\org\apache\metron\management\enrichmentconfigfunctionstest.java@org.apache.metron.management.enrichmentconfigfunctionstest.testprint();False;False;0.998;0.002
metron-platform\metron-management\src\test\java\org\apache\metron\management\enrichmentconfigfunctionstest.java@org.apache.metron.management.enrichmentconfigfunctionstest.testprintempty();False;False;0.991;0.009
metron-platform\metron-management\src\test\java\org\apache\metron\management\enrichmentconfigfunctionstest.java@org.apache.metron.management.enrichmentconfigfunctionstest.testprintnull();False;False;0.985;0.015
metron-platform\metron-management\src\test\java\org\apache\metron\management\enrichmentconfigfunctionstest.java@org.apache.metron.management.enrichmentconfigfunctionstest.testremove();False;False;0.999;0.001
metron-platform\metron-management\src\test\java\org\apache\metron\management\enrichmentconfigfunctionstest.java@org.apache.metron.management.enrichmentconfigfunctionstest.testremovemissing();False;False;0.999;0.001
metron-platform\metron-management\src\test\java\org\apache\metron\management\enrichmentconfigfunctionstest.java@org.apache.metron.management.enrichmentconfigfunctionstest.testremovemultiple();False;False;1.0;0.0
metron-platform\metron-management\src\test\java\org\apache\metron\management\enrichmentconfigfunctionstest.java@org.apache.metron.management.enrichmentconfigfunctionstest.tomap(string);False;False;0.985;0.015
metron-platform\metron-management\src\test\java\org\apache\metron\management\enrichmentconfigfunctionstest.java@org.apache.metron.management.enrichmentconfigfunctionstest.types();False;False;0.9925;0.0075
metron-platform\metron-management\src\test\java\org\apache\metron\management\filesystemfunctionstest.java@org.apache.metron.management.filesystemfunctionstest.filesystemfunctionstest(filesystemfunctions);False;False;0.9034152775648784;0.09658472243512224
metron-platform\metron-management\src\test\java\org\apache\metron\management\filesystemfunctionstest.java@org.apache.metron.management.filesystemfunctionstest.setup();False;False;0.98675;0.01325
metron-platform\metron-management\src\test\java\org\apache\metron\management\filesystemfunctionstest.java@org.apache.metron.management.filesystemfunctionstest.setupfs();False;False;0.99;0.01
metron-platform\metron-management\src\test\java\org\apache\metron\management\filesystemfunctionstest.java@org.apache.metron.management.filesystemfunctionstest.teardown();False;False;0.9766666666666668;0.023333333333333334
metron-platform\metron-management\src\test\java\org\apache\metron\management\filesystemfunctionstest.java@org.apache.metron.management.filesystemfunctionstest.testgetlist();False;False;0.999;0.001
metron-platform\metron-management\src\test\java\org\apache\metron\management\filesystemfunctionstest.java@org.apache.metron.management.filesystemfunctionstest.testhappypath();False;False;0.999;0.001
metron-platform\metron-management\src\test\java\org\apache\metron\management\filesystemfunctionstest.java@org.apache.metron.management.filesystemfunctionstest.testputmissingfile();False;False;1.0;0.0
metron-platform\metron-management\src\test\java\org\apache\metron\management\filesystemfunctionstest.java@org.apache.metron.management.filesystemfunctionstest.testrecursiverm();False;False;0.996;0.004
metron-platform\metron-management\src\test\java\org\apache\metron\management\filesystemfunctionstest.java@org.apache.metron.management.filesystemfunctionstest.testrmtwice();False;False;0.998;0.002
metron-platform\metron-management\src\test\java\org\apache\metron\management\filesystemfunctionstest.java@org.apache.metron.management.filesystemfunctionstest.types();False;False;0.972;0.028
metron-platform\metron-management\src\test\java\org\apache\metron\management\grokfunctionstest.java@org.apache.metron.management.grokfunctionstest.testgrokdiscover();False;False;0.995;0.005
metron-platform\metron-management\src\test\java\org\apache\metron\management\grokfunctionstest.java@org.apache.metron.management.grokfunctionstest.testgrokevalbaddata();False;False;0.998;0.002
metron-platform\metron-management\src\test\java\org\apache\metron\management\grokfunctionstest.java@org.apache.metron.management.grokfunctionstest.testgrokevalbaddatamultimessages();False;False;0.999;0.001
metron-platform\metron-management\src\test\java\org\apache\metron\management\grokfunctionstest.java@org.apache.metron.management.grokfunctionstest.testgrokevalmultimessages();False;False;0.998;0.002
metron-platform\metron-management\src\test\java\org\apache\metron\management\grokfunctionstest.java@org.apache.metron.management.grokfunctionstest.testgrokevalsinglemessage();False;False;0.997;0.003
metron-platform\metron-management\src\test\java\org\apache\metron\management\indexingconfigfunctionstest.java@org.apache.metron.management.indexingconfigfunctionstest.run(string,map);False;False;0.9034152775648784;0.09658472243512224
metron-platform\metron-management\src\test\java\org\apache\metron\management\indexingconfigfunctionstest.java@org.apache.metron.management.indexingconfigfunctionstest.setup();False;False;0.95;0.05
metron-platform\metron-management\src\test\java\org\apache\metron\management\indexingconfigfunctionstest.java@org.apache.metron.management.indexingconfigfunctionstest.testsetbatch();False;False;0.994;0.006
metron-platform\metron-management\src\test\java\org\apache\metron\management\indexingconfigfunctionstest.java@org.apache.metron.management.indexingconfigfunctionstest.testsetbatchbad();False;False;0.999;0.001
metron-platform\metron-management\src\test\java\org\apache\metron\management\indexingconfigfunctionstest.java@org.apache.metron.management.indexingconfigfunctionstest.testsetbatchwithtimeout();False;False;0.996;0.004
metron-platform\metron-management\src\test\java\org\apache\metron\management\indexingconfigfunctionstest.java@org.apache.metron.management.indexingconfigfunctionstest.testsetenabled();False;False;0.993;0.007
metron-platform\metron-management\src\test\java\org\apache\metron\management\indexingconfigfunctionstest.java@org.apache.metron.management.indexingconfigfunctionstest.testsetenabledbad();False;False;0.999;0.001
metron-platform\metron-management\src\test\java\org\apache\metron\management\indexingconfigfunctionstest.java@org.apache.metron.management.indexingconfigfunctionstest.testsetindex();False;False;0.994;0.006
metron-platform\metron-management\src\test\java\org\apache\metron\management\indexingconfigfunctionstest.java@org.apache.metron.management.indexingconfigfunctionstest.testsetindexbad();False;False;0.999;0.001
metron-platform\metron-management\src\test\java\org\apache\metron\management\kafkafunctionsintegrationtest.java@org.apache.metron.management.kafkafunctionsintegrationtest.run(string);False;False;0.9034152775648784;0.09658472243512224
metron-platform\metron-management\src\test\java\org\apache\metron\management\kafkafunctionsintegrationtest.java@org.apache.metron.management.kafkafunctionsintegrationtest.setup();False;False;0.9945;0.0055
metron-platform\metron-management\src\test\java\org\apache\metron\management\kafkafunctionsintegrationtest.java@org.apache.metron.management.kafkafunctionsintegrationtest.setupkafka();False;False;0.931;0.069
metron-platform\metron-management\src\test\java\org\apache\metron\management\kafkafunctionsintegrationtest.java@org.apache.metron.management.kafkafunctionsintegrationtest.teardown();False;False;1.0;0.0
metron-platform\metron-management\src\test\java\org\apache\metron\management\kafkafunctionsintegrationtest.java@org.apache.metron.management.kafkafunctionsintegrationtest.teardownafterclass();False;False;1.0;0.0
metron-platform\metron-management\src\test\java\org\apache\metron\management\kafkafunctionsintegrationtest.java@org.apache.metron.management.kafkafunctionsintegrationtest.testconsumeroffsets();False;False;0.998;0.002
metron-platform\metron-management\src\test\java\org\apache\metron\management\kafkafunctionsintegrationtest.java@org.apache.metron.management.kafkafunctionsintegrationtest.testkafkapropswithglobaloverride();False;False;0.988;0.012
metron-platform\metron-management\src\test\java\org\apache\metron\management\kafkafunctionsintegrationtest.java@org.apache.metron.management.kafkafunctionsintegrationtest.testkafkapropswithuseroverride();False;False;0.986;0.014
metron-platform\metron-management\src\test\java\org\apache\metron\management\kafkafunctionsintegrationtest.java@org.apache.metron.management.kafkafunctionsintegrationtest.testmultiplemessages();False;False;0.996;0.004
metron-platform\metron-management\src\test\java\org\apache\metron\management\kafkafunctionsintegrationtest.java@org.apache.metron.management.kafkafunctionsintegrationtest.testonemessage();False;False;0.999;0.001
metron-platform\metron-management\src\test\java\org\apache\metron\management\parserconfigfunctionstest.java@org.apache.metron.management.parserconfigfunctionstest.setup();False;False;0.969;0.031
metron-platform\metron-management\src\test\java\org\apache\metron\management\parserconfigfunctionstest.java@org.apache.metron.management.parserconfigfunctionstest.testaddduplicate();False;False;1.0;0.0
metron-platform\metron-management\src\test\java\org\apache\metron\management\parserconfigfunctionstest.java@org.apache.metron.management.parserconfigfunctionstest.testaddempty();False;False;1.0;0.0
metron-platform\metron-management\src\test\java\org\apache\metron\management\parserconfigfunctionstest.java@org.apache.metron.management.parserconfigfunctionstest.testaddhasexisting();False;False;1.0;0.0
metron-platform\metron-management\src\test\java\org\apache\metron\management\parserconfigfunctionstest.java@org.apache.metron.management.parserconfigfunctionstest.testaddmalformed();False;False;1.0;0.0
metron-platform\metron-management\src\test\java\org\apache\metron\management\parserconfigfunctionstest.java@org.apache.metron.management.parserconfigfunctionstest.testprint();False;False;0.997;0.003
metron-platform\metron-management\src\test\java\org\apache\metron\management\parserconfigfunctionstest.java@org.apache.metron.management.parserconfigfunctionstest.testprintempty();False;False;0.996;0.004
metron-platform\metron-management\src\test\java\org\apache\metron\management\parserconfigfunctionstest.java@org.apache.metron.management.parserconfigfunctionstest.testprintnull();False;False;0.985;0.015
metron-platform\metron-management\src\test\java\org\apache\metron\management\parserconfigfunctionstest.java@org.apache.metron.management.parserconfigfunctionstest.testremove();False;False;1.0;0.0
metron-platform\metron-management\src\test\java\org\apache\metron\management\parserconfigfunctionstest.java@org.apache.metron.management.parserconfigfunctionstest.testremovemissing();False;False;0.998;0.002
metron-platform\metron-management\src\test\java\org\apache\metron\management\parserconfigfunctionstest.java@org.apache.metron.management.parserconfigfunctionstest.testremovemultiple();False;False;1.0;0.0
metron-platform\metron-management\src\test\java\org\apache\metron\management\parserconfigfunctionstest.java@org.apache.metron.management.parserconfigfunctionstest.transform(string);False;False;1.0;0.0
metron-platform\metron-management\src\test\java\org\apache\metron\management\parserconfigfunctionstest.java@org.apache.metron.management.parserconfigfunctionstest.transform(string,map);False;False;0.9034152775648784;0.09658472243512224
metron-platform\metron-management\src\test\java\org\apache\metron\management\threattriagefunctionstest.java@org.apache.metron.management.threattriagefunctionstest.gettriagerules(string);False;False;0.9981666666666666;0.0018333333333333333
metron-platform\metron-management\src\test\java\org\apache\metron\management\threattriagefunctionstest.java@org.apache.metron.management.threattriagefunctionstest.run(string);False;False;0.991;0.009
metron-platform\metron-management\src\test\java\org\apache\metron\management\threattriagefunctionstest.java@org.apache.metron.management.threattriagefunctionstest.run(string,map);False;False;0.9034152775648784;0.09658472243512224
metron-platform\metron-management\src\test\java\org\apache\metron\management\threattriagefunctionstest.java@org.apache.metron.management.threattriagefunctionstest.setup();False;False;0.962;0.038
metron-platform\metron-management\src\test\java\org\apache\metron\management\threattriagefunctionstest.java@org.apache.metron.management.threattriagefunctionstest.testaddduplicate();False;False;1.0;0.0
metron-platform\metron-management\src\test\java\org\apache\metron\management\threattriagefunctionstest.java@org.apache.metron.management.threattriagefunctionstest.testaddempty();False;False;0.9966666666666666;0.0033333333333333335
metron-platform\metron-management\src\test\java\org\apache\metron\management\threattriagefunctionstest.java@org.apache.metron.management.threattriagefunctionstest.testaddemptywithengine();False;False;0.998;0.002
metron-platform\metron-management\src\test\java\org\apache\metron\management\threattriagefunctionstest.java@org.apache.metron.management.threattriagefunctionstest.testaddhasexisting();False;False;0.999;0.001
metron-platform\metron-management\src\test\java\org\apache\metron\management\threattriagefunctionstest.java@org.apache.metron.management.threattriagefunctionstest.testaddmalformed();False;False;0.995;0.005
metron-platform\metron-management\src\test\java\org\apache\metron\management\threattriagefunctionstest.java@org.apache.metron.management.threattriagefunctionstest.testaddmultiple();False;False;0.999;0.001
metron-platform\metron-management\src\test\java\org\apache\metron\management\threattriagefunctionstest.java@org.apache.metron.management.threattriagefunctionstest.testaddmultiplewithengine();False;False;0.997;0.003
metron-platform\metron-management\src\test\java\org\apache\metron\management\threattriagefunctionstest.java@org.apache.metron.management.threattriagefunctionstest.testprint();False;False;0.997;0.003
metron-platform\metron-management\src\test\java\org\apache\metron\management\threattriagefunctionstest.java@org.apache.metron.management.threattriagefunctionstest.testprintempty();False;False;0.969;0.031
metron-platform\metron-management\src\test\java\org\apache\metron\management\threattriagefunctionstest.java@org.apache.metron.management.threattriagefunctionstest.testprintnull();False;False;0.992;0.008
metron-platform\metron-management\src\test\java\org\apache\metron\management\threattriagefunctionstest.java@org.apache.metron.management.threattriagefunctionstest.testprintwithengine();False;False;1.0;0.0
metron-platform\metron-management\src\test\java\org\apache\metron\management\threattriagefunctionstest.java@org.apache.metron.management.threattriagefunctionstest.testremove();False;False;1.0;0.0
metron-platform\metron-management\src\test\java\org\apache\metron\management\threattriagefunctionstest.java@org.apache.metron.management.threattriagefunctionstest.testremovemissing();False;False;0.999;0.001
metron-platform\metron-management\src\test\java\org\apache\metron\management\threattriagefunctionstest.java@org.apache.metron.management.threattriagefunctionstest.testremovemultiple();False;False;0.998;0.002
metron-platform\metron-management\src\test\java\org\apache\metron\management\threattriagefunctionstest.java@org.apache.metron.management.threattriagefunctionstest.testremovewithengine();False;False;1.0;0.0
metron-platform\metron-management\src\test\java\org\apache\metron\management\threattriagefunctionstest.java@org.apache.metron.management.threattriagefunctionstest.testsetaggregation();False;False;0.9652916666666667;0.03470833333333333
metron-platform\metron-management\src\test\java\org\apache\metron\management\threattriagefunctionstest.java@org.apache.metron.management.threattriagefunctionstest.testsetaggregationwithengine();False;False;0.998;0.002
metron-platform\metron-management\src\test\java\org\apache\metron\management\threattriagefunctionstest.java@org.apache.metron.management.threattriagefunctionstest.testtriageconfig();False;False;0.994;0.006
metron-platform\metron-management\src\test\java\org\apache\metron\management\threattriagefunctionstest.java@org.apache.metron.management.threattriagefunctionstest.testtriageinitnoarg();False;False;0.99925;0.00075
metron-platform\metron-management\src\test\java\org\apache\metron\management\threattriagefunctionstest.java@org.apache.metron.management.threattriagefunctionstest.testtriageinitwitharg();False;False;1.0;0.0
metron-platform\metron-management\src\test\java\org\apache\metron\management\threattriagefunctionstest.java@org.apache.metron.management.threattriagefunctionstest.testtriageinitwithbadarg();False;False;1.0;0.0
metron-platform\metron-management\src\test\java\org\apache\metron\management\threattriagefunctionstest.java@org.apache.metron.management.threattriagefunctionstest.testtriagescorewithnomessage();False;False;1.0;0.0
metron-platform\metron-management\src\test\java\org\apache\metron\management\threattriagefunctionstest.java@org.apache.metron.management.threattriagefunctionstest.testtriagescorewithnorules();False;False;0.998;0.002
metron-platform\metron-management\src\test\java\org\apache\metron\management\threattriagefunctionstest.java@org.apache.metron.management.threattriagefunctionstest.testtriagescorewithrules();False;False;1.0;0.0
metron-platform\metron-management\src\test\java\org\apache\metron\management\utils\fileutils.java@org.apache.metron.management.utils.fileutils.slurp(string);False;False;0.9034152775648784;0.09658472243512224
metron-platform\metron-parsers\src\main\java\org\apache\metron\parsers\basicparser.java@org.apache.metron.parsers.basicparser.getkey(jsonobject);False;False;0.9034152775648784;0.09658472243512224
metron-platform\metron-parsers\src\main\java\org\apache\metron\parsers\basicparser.java@org.apache.metron.parsers.basicparser.validate(jsonobject);False;False;0.943;0.057
metron-platform\metron-parsers\src\main\java\org\apache\metron\parsers\grokparser.java@org.apache.metron.parsers.grokparser.configure(map);False;False;0.9034152775648784;0.09658472243512224
metron-platform\metron-parsers\src\main\java\org\apache\metron\parsers\grokparser.java@org.apache.metron.parsers.grokparser.formattimestamp(object);False;False;0.9929333333333333;0.007066666666666666
metron-platform\metron-parsers\src\main\java\org\apache\metron\parsers\grokparser.java@org.apache.metron.parsers.grokparser.init();False;False;0.9034152775648784;0.09658472243512224
metron-platform\metron-parsers\src\main\java\org\apache\metron\parsers\grokparser.java@org.apache.metron.parsers.grokparser.openinputstream(string);False;False;0.997;0.003
metron-platform\metron-parsers\src\main\java\org\apache\metron\parsers\grokparser.java@org.apache.metron.parsers.grokparser.parse(byte[]);False;False;0.9034152775648784;0.09658472243512224
metron-platform\metron-parsers\src\main\java\org\apache\metron\parsers\grokparser.java@org.apache.metron.parsers.grokparser.toepoch(string);False;False;0.9786333333333332;0.021366666666666666
metron-platform\metron-parsers\src\main\java\org\apache\metron\parsers\grokparser.java@org.apache.metron.parsers.grokparser.validate(jsonobject);False;False;0.985;0.015
metron-platform\metron-parsers\src\main\java\org\apache\metron\parsers\parseexception.java@org.apache.metron.parsers.parseexception.parseexception(string);False;False;0.9034152775648784;0.09658472243512224
metron-platform\metron-parsers\src\main\java\org\apache\metron\parsers\parseexception.java@org.apache.metron.parsers.parseexception.parseexception(string,throwable);False;False;0.9034152775648784;0.09658472243512224
metron-platform\metron-parsers\src\main\java\org\apache\metron\parsers\asa\basicasaparser.java@org.apache.metron.parsers.asa.basicasaparser.addgrok(string,string);False;False;0.9034152775648784;0.09658472243512224
metron-platform\metron-parsers\src\main\java\org\apache\metron\parsers\asa\basicasaparser.java@org.apache.metron.parsers.asa.basicasaparser.configure(map);False;False;0.9034152775648784;0.09658472243512224
metron-platform\metron-parsers\src\main\java\org\apache\metron\parsers\asa\basicasaparser.java@org.apache.metron.parsers.asa.basicasaparser.init();False;False;0.9034152775648784;0.09658472243512224
metron-platform\metron-parsers\src\main\java\org\apache\metron\parsers\asa\basicasaparser.java@org.apache.metron.parsers.asa.basicasaparser.parse(byte[]);False;False;0.9034152775648784;0.09658472243512224
metron-platform\metron-parsers\src\main\java\org\apache\metron\parsers\bolt\parserbolt.java@org.apache.metron.parsers.bolt.parserbolt.parserbolt(string,map);True;False;0.9034152775648784;0.09658472243512224
metron-platform\metron-parsers\src\main\java\org\apache\metron\parsers\bolt\parserbolt.java@org.apache.metron.parsers.bolt.parserbolt.parserbolt(string,string,messageparser,writerhandler);True;False;0.9034152775648784;0.09658472243512224
metron-platform\metron-parsers\src\main\java\org\apache\metron\parsers\bolt\parserbolt.java@org.apache.metron.parsers.bolt.parserbolt.declareoutputfields(outputfieldsdeclarer);False;False;1.0;0.0
metron-platform\metron-parsers\src\main\java\org\apache\metron\parsers\bolt\parserbolt.java@org.apache.metron.parsers.bolt.parserbolt.execute(tuple);True;False;0.9034152775648784;0.09658472243512224
metron-platform\metron-parsers\src\main\java\org\apache\metron\parsers\bolt\parserbolt.java@org.apache.metron.parsers.bolt.parserbolt.getcomponentconfiguration();True;False;0.9034152775648784;0.09658472243512224
metron-platform\metron-parsers\src\main\java\org\apache\metron\parsers\bolt\parserbolt.java@org.apache.metron.parsers.bolt.parserbolt.getdefaultbatchtimeout();True;False;0.9034152775648784;0.09658472243512224
metron-platform\metron-parsers\src\main\java\org\apache\metron\parsers\bolt\parserbolt.java@org.apache.metron.parsers.bolt.parserbolt.getfailedvalidators(jsonobject,list);False;False;0.9034152775648784;0.09658472243512224
metron-platform\metron-parsers\src\main\java\org\apache\metron\parsers\bolt\parserbolt.java@org.apache.metron.parsers.bolt.parserbolt.getmetadata(tuple,boolean);False;False;0.9034152775648784;0.09658472243512224
metron-platform\metron-parsers\src\main\java\org\apache\metron\parsers\bolt\parserbolt.java@org.apache.metron.parsers.bolt.parserbolt.getparser();True;False;1.0;0.0
metron-platform\metron-parsers\src\main\java\org\apache\metron\parsers\bolt\parserbolt.java@org.apache.metron.parsers.bolt.parserbolt.getsensortocomponentmap();True;False;0.9034152775648784;0.09658472243512224
metron-platform\metron-parsers\src\main\java\org\apache\metron\parsers\bolt\parserbolt.java@org.apache.metron.parsers.bolt.parserbolt.handleerror(byte[],tuple,throwable,outputcollector);True;False;0.9034152775648784;0.09658472243512224
metron-platform\metron-parsers\src\main\java\org\apache\metron\parsers\bolt\parserbolt.java@org.apache.metron.parsers.bolt.parserbolt.initializestellar();False;False;0.891;0.109
metron-platform\metron-parsers\src\main\java\org\apache\metron\parsers\bolt\parserbolt.java@org.apache.metron.parsers.bolt.parserbolt.prepare(map,topologycontext,outputcollector);True;False;0.9034152775648784;0.09658472243512224
metron-platform\metron-parsers\src\main\java\org\apache\metron\parsers\bolt\parserbolt.java@org.apache.metron.parsers.bolt.parserbolt.setdefaultbatchtimeout(int);True;False;0.9034152775648784;0.09658472243512224
metron-platform\metron-parsers\src\main\java\org\apache\metron\parsers\bolt\parserbolt.java@org.apache.metron.parsers.bolt.parserbolt.withbatchtimeoutdivisor(int);True;False;0.9034152775648784;0.09658472243512224
metron-platform\metron-parsers\src\main\java\org\apache\metron\parsers\bolt\parserbolt.java@org.apache.metron.parsers.bolt.parserbolt.withmessagefilter(messagefilter);True;False;0.9034152775648784;0.09658472243512224
metron-platform\metron-parsers\src\main\java\org\apache\metron\parsers\bolt\writerbolt.java@org.apache.metron.parsers.bolt.writerbolt.writerbolt(writerhandler,parserconfigurations,string);False;False;0.9034152775648784;0.09658472243512224
metron-platform\metron-parsers\src\main\java\org\apache\metron\parsers\bolt\writerbolt.java@org.apache.metron.parsers.bolt.writerbolt.execute(tuple);True;False;0.9034152775648784;0.09658472243512224
metron-platform\metron-parsers\src\main\java\org\apache\metron\parsers\bolt\writerbolt.java@org.apache.metron.parsers.bolt.writerbolt.getmessage(tuple);False;False;0.9966666666666666;0.003333333333333333
metron-platform\metron-parsers\src\main\java\org\apache\metron\parsers\bolt\writerbolt.java@org.apache.metron.parsers.bolt.writerbolt.prepare(map,topologycontext,outputcollector);False;False;0.9034152775648784;0.09658472243512224
metron-platform\metron-parsers\src\main\java\org\apache\metron\parsers\bolt\writerbolt.java@org.apache.metron.parsers.bolt.writerbolt.witherrortype(constants);False;False;0.9034152775648784;0.09658472243512224
metron-platform\metron-parsers\src\main\java\org\apache\metron\parsers\bolt\writerhandler.java@org.apache.metron.parsers.bolt.writerhandler.writerhandler(bulkmessagewriter);False;False;0.9034152775648784;0.09658472243512224
metron-platform\metron-parsers\src\main\java\org\apache\metron\parsers\bolt\writerhandler.java@org.apache.metron.parsers.bolt.writerhandler.writerhandler(messagewriter);False;False;0.9034152775648784;0.09658472243512224
metron-platform\metron-parsers\src\main\java\org\apache\metron\parsers\bolt\writerhandler.java@org.apache.metron.parsers.bolt.writerhandler.createtuplecollection();False;False;0.997;0.003
metron-platform\metron-parsers\src\main\java\org\apache\metron\parsers\bolt\writerhandler.java@org.apache.metron.parsers.bolt.writerhandler.errorall(string,throwable,messagegetstrategy);False;False;0.9034152775648784;0.09658472243512224
metron-platform\metron-parsers\src\main\java\org\apache\metron\parsers\bolt\writerhandler.java@org.apache.metron.parsers.bolt.writerhandler.flush(parserconfigurations,messagegetstrategy);True;False;0.9034152775648784;0.09658472243512224
metron-platform\metron-parsers\src\main\java\org\apache\metron\parsers\bolt\writerhandler.java@org.apache.metron.parsers.bolt.writerhandler.getbulkmessagewriter();True;False;0.9034152775648784;0.09658472243512224
metron-platform\metron-parsers\src\main\java\org\apache\metron\parsers\bolt\writerhandler.java@org.apache.metron.parsers.bolt.writerhandler.handleack();False;False;0.9985;0.0015
metron-platform\metron-parsers\src\main\java\org\apache\metron\parsers\bolt\writerhandler.java@org.apache.metron.parsers.bolt.writerhandler.init(map,topologycontext,outputcollector,parserconfigurations);True;False;0.9034152775648784;0.09658472243512224
metron-platform\metron-parsers\src\main\java\org\apache\metron\parsers\bolt\writerhandler.java@org.apache.metron.parsers.bolt.writerhandler.iswritertobulkwriter();True;False;0.9034152775648784;0.09658472243512224
metron-platform\metron-parsers\src\main\java\org\apache\metron\parsers\bolt\writerhandler.java@org.apache.metron.parsers.bolt.writerhandler.setdefaultbatchtimeout(int);True;False;0.9034152775648784;0.09658472243512224
metron-platform\metron-parsers\src\main\java\org\apache\metron\parsers\bolt\writerhandler.java@org.apache.metron.parsers.bolt.writerhandler.write(string,tuple,jsonobject,parserconfigurations,messagegetstrategy);False;False;0.9034152775648784;0.09658472243512224
metron-platform\metron-parsers\src\main\java\org\apache\metron\parsers\bro\basicbroparser.java@org.apache.metron.parsers.bro.basicbroparser.converttomillis(double);False;False;0.991;0.009
metron-platform\metron-parsers\src\main\java\org\apache\metron\parsers\bro\basicbroparser.java@org.apache.metron.parsers.bro.basicbroparser.initialvalue();False;False;0.991;0.009
metron-platform\metron-parsers\src\main\java\org\apache\metron\parsers\bro\basicbroparser.java@org.apache.metron.parsers.bro.basicbroparser.parse(byte[]);False;False;0.9034152775648784;0.09658472243512224
metron-platform\metron-parsers\src\main\java\org\apache\metron\parsers\bro\basicbroparser.java@org.apache.metron.parsers.bro.basicbroparser.replacekey(jsonobject,string,string[]);False;False;0.9034152775648784;0.09658472243512224
metron-platform\metron-parsers\src\main\java\org\apache\metron\parsers\bro\basicbroparser.java@org.apache.metron.parsers.bro.basicbroparser.replacekeyarray(jsonobject,string,string[]);False;False;0.9034152775648784;0.09658472243512224
metron-platform\metron-parsers\src\main\java\org\apache\metron\parsers\bro\jsoncleaner.java@org.apache.metron.parsers.bro.jsoncleaner.clean(string);False;False;0.992;0.008
metron-platform\metron-parsers\src\main\java\org\apache\metron\parsers\bro\jsoncleaner.java@org.apache.metron.parsers.bro.jsoncleaner.main(string[]);False;False;0.9034152775648784;0.09658472243512224
metron-platform\metron-parsers\src\main\java\org\apache\metron\parsers\cef\cefparser.java@org.apache.metron.parsers.cef.cefparser.converttoint(jsonobject,string);False;False;0.9034152775648784;0.09658472243512224
metron-platform\metron-parsers\src\main\java\org\apache\metron\parsers\cef\cefparser.java@org.apache.metron.parsers.cef.cefparser.headerblock(string,stringbuilder);False;False;0.9034152775648784;0.09658472243512224
metron-platform\metron-parsers\src\main\java\org\apache\metron\parsers\cef\cefparser.java@org.apache.metron.parsers.cef.cefparser.init();False;False;0.974;0.026
metron-platform\metron-parsers\src\main\java\org\apache\metron\parsers\cef\cefparser.java@org.apache.metron.parsers.cef.cefparser.mutate(jsonobject,string,string);False;False;0.9034152775648784;0.09658472243512224
metron-platform\metron-parsers\src\main\java\org\apache\metron\parsers\cef\cefparser.java@org.apache.metron.parsers.cef.cefparser.parse(byte[]);False;False;0.9034152775648784;0.09658472243512224
metron-platform\metron-parsers\src\main\java\org\apache\metron\parsers\cef\cefparser.java@org.apache.metron.parsers.cef.cefparser.standardizeseverity(string);False;False;0.9937833333333334;0.0062166666666666655
metron-platform\metron-parsers\src\main\java\org\apache\metron\parsers\csv\csvparser.java@org.apache.metron.parsers.csv.csvparser.configure(map);False;False;0.9034152775648784;0.09658472243512224
metron-platform\metron-parsers\src\main\java\org\apache\metron\parsers\csv\csvparser.java@org.apache.metron.parsers.csv.csvparser.parse(byte[]);False;False;0.9034152775648784;0.09658472243512224
metron-platform\metron-parsers\src\main\java\org\apache\metron\parsers\filters\bromessagefilter.java@org.apache.metron.parsers.filters.bromessagefilter.bromessagefilter();False;False;0.9034152775648784;0.09658472243512224
metron-platform\metron-parsers\src\main\java\org\apache\metron\parsers\filters\bromessagefilter.java@org.apache.metron.parsers.filters.bromessagefilter.configure(map);False;False;0.9034152775648784;0.09658472243512224
metron-platform\metron-parsers\src\main\java\org\apache\metron\parsers\filters\bromessagefilter.java@org.apache.metron.parsers.filters.bromessagefilter.emittuple(jsonobject,context);False;False;0.9034152775648784;0.09658472243512224
metron-platform\metron-parsers\src\main\java\org\apache\metron\parsers\filters\stellarfilter.java@org.apache.metron.parsers.filters.stellarfilter.configure(map);False;False;0.9034152775648784;0.09658472243512224
metron-platform\metron-parsers\src\main\java\org\apache\metron\parsers\filters\stellarfilter.java@org.apache.metron.parsers.filters.stellarfilter.emittuple(jsonobject,context);False;False;0.9034152775648784;0.09658472243512224
metron-platform\metron-parsers\src\main\java\org\apache\metron\parsers\fireeye\basicfireeyeparser.java@org.apache.metron.parsers.fireeye.basicfireeyeparser.formatmain(string);False;False;0.991;0.009
metron-platform\metron-parsers\src\main\java\org\apache\metron\parsers\fireeye\basicfireeyeparser.java@org.apache.metron.parsers.fireeye.basicfireeyeparser.gettimestamp(string,string);False;False;0.9034152775648784;0.09658472243512224
metron-platform\metron-parsers\src\main\java\org\apache\metron\parsers\fireeye\basicfireeyeparser.java@org.apache.metron.parsers.fireeye.basicfireeyeparser.parse(byte[]);False;False;0.9034152775648784;0.09658472243512224
metron-platform\metron-parsers\src\main\java\org\apache\metron\parsers\fireeye\basicfireeyeparser.java@org.apache.metron.parsers.fireeye.basicfireeyeparser.parsemessage(string);False;False;0.991;0.009
metron-platform\metron-parsers\src\main\java\org\apache\metron\parsers\ise\basiciseparser.java@org.apache.metron.parsers.ise.basiciseparser.parse(byte[]);False;False;0.9034152775648784;0.09658472243512224
metron-platform\metron-parsers\src\main\java\org\apache\metron\parsers\ise\basiciseparser.java@org.apache.metron.parsers.ise.basiciseparser.validate(jsonobject);False;False;1.0;0.0
metron-platform\metron-parsers\src\main\java\org\apache\metron\parsers\ise\iseparser.java@org.apache.metron.parsers.ise.iseparser.iseparser(iseparsertokenmanager);False;False;0.9034152775648784;0.09658472243512224
metron-platform\metron-parsers\src\main\java\org\apache\metron\parsers\ise\iseparser.java@org.apache.metron.parsers.ise.iseparser.iseparser(string);False;False;0.9034152775648784;0.09658472243512224
metron-platform\metron-parsers\src\main\java\org\apache\metron\parsers\ise\iseparser.java@org.apache.metron.parsers.ise.iseparser.iseparser(java);False;False;0.9034152775648784;0.09658472243512224
metron-platform\metron-parsers\src\main\java\org\apache\metron\parsers\ise\iseparser.java@org.apache.metron.parsers.ise.iseparser.iseparser(java,string);False;False;0.9034152775648784;0.09658472243512224
metron-platform\metron-parsers\src\main\java\org\apache\metron\parsers\ise\iseparser.java@org.apache.metron.parsers.ise.iseparser.reinit(iseparsertokenmanager);False;False;0.9806666666666668;0.01933333333333333
metron-platform\metron-parsers\src\main\java\org\apache\metron\parsers\ise\iseparser.java@org.apache.metron.parsers.ise.iseparser.reinit(java);False;False;0.9034152775648784;0.09658472243512224
metron-platform\metron-parsers\src\main\java\org\apache\metron\parsers\ise\iseparser.java@org.apache.metron.parsers.ise.iseparser.reinit(java,string);False;False;0.9034152775648784;0.09658472243512224
metron-platform\metron-parsers\src\main\java\org\apache\metron\parsers\ise\iseparser.java@org.apache.metron.parsers.ise.iseparser.blankvalue();False;False;0.996;0.004
metron-platform\metron-parsers\src\main\java\org\apache\metron\parsers\ise\iseparser.java@org.apache.metron.parsers.ise.iseparser.braced_string();False;False;0.9825;0.0175
metron-platform\metron-parsers\src\main\java\org\apache\metron\parsers\ise\iseparser.java@org.apache.metron.parsers.ise.iseparser.ensureeof();False;False;0.9718166666666668;0.028183333333333338
metron-platform\metron-parsers\src\main\java\org\apache\metron\parsers\ise\iseparser.java@org.apache.metron.parsers.ise.iseparser.generateparseexception();False;False;0.947;0.053
metron-platform\metron-parsers\src\main\java\org\apache\metron\parsers\ise\iseparser.java@org.apache.metron.parsers.ise.iseparser.getnexttoken();False;False;0.9825;0.0175
metron-platform\metron-parsers\src\main\java\org\apache\metron\parsers\ise\iseparser.java@org.apache.metron.parsers.ise.iseparser.gettoken(int);False;False;0.9486333333333332;0.051366666666666665
metron-platform\metron-parsers\src\main\java\org\apache\metron\parsers\ise\iseparser.java@org.apache.metron.parsers.ise.iseparser.innermap();False;False;0.992;0.008
metron-platform\metron-parsers\src\main\java\org\apache\metron\parsers\ise\iseparser.java@org.apache.metron.parsers.ise.iseparser.jj_2_1(int);False;False;0.9034152775648784;0.09658472243512224
metron-platform\metron-parsers\src\main\java\org\apache\metron\parsers\ise\iseparser.java@org.apache.metron.parsers.ise.iseparser.jj_2_2(int);False;False;0.9034152775648784;0.09658472243512224
metron-platform\metron-parsers\src\main\java\org\apache\metron\parsers\ise\iseparser.java@org.apache.metron.parsers.ise.iseparser.jj_2_3(int);False;False;0.9034152775648784;0.09658472243512224
metron-platform\metron-parsers\src\main\java\org\apache\metron\parsers\ise\iseparser.java@org.apache.metron.parsers.ise.iseparser.jj_2_4(int);False;False;0.9034152775648784;0.09658472243512224
metron-platform\metron-parsers\src\main\java\org\apache\metron\parsers\ise\iseparser.java@org.apache.metron.parsers.ise.iseparser.jj_2_5(int);False;False;0.9034152775648784;0.09658472243512224
metron-platform\metron-parsers\src\main\java\org\apache\metron\parsers\ise\iseparser.java@org.apache.metron.parsers.ise.iseparser.jj_2_6(int);False;False;0.9034152775648784;0.09658472243512224
metron-platform\metron-parsers\src\main\java\org\apache\metron\parsers\ise\iseparser.java@org.apache.metron.parsers.ise.iseparser.jj_3r_10();False;False;1.0;0.0
metron-platform\metron-parsers\src\main\java\org\apache\metron\parsers\ise\iseparser.java@org.apache.metron.parsers.ise.iseparser.jj_3r_11();False;False;1.0;0.0
metron-platform\metron-parsers\src\main\java\org\apache\metron\parsers\ise\iseparser.java@org.apache.metron.parsers.ise.iseparser.jj_3r_12();False;False;1.0;0.0
metron-platform\metron-parsers\src\main\java\org\apache\metron\parsers\ise\iseparser.java@org.apache.metron.parsers.ise.iseparser.jj_3r_13();False;False;1.0;0.0
metron-platform\metron-parsers\src\main\java\org\apache\metron\parsers\ise\iseparser.java@org.apache.metron.parsers.ise.iseparser.jj_3r_14();False;False;1.0;0.0
metron-platform\metron-parsers\src\main\java\org\apache\metron\parsers\ise\iseparser.java@org.apache.metron.parsers.ise.iseparser.jj_3r_15();False;False;0.995;0.005
metron-platform\metron-parsers\src\main\java\org\apache\metron\parsers\ise\iseparser.java@org.apache.metron.parsers.ise.iseparser.jj_3r_16();False;False;1.0;0.0
metron-platform\metron-parsers\src\main\java\org\apache\metron\parsers\ise\iseparser.java@org.apache.metron.parsers.ise.iseparser.jj_3r_3();False;False;1.0;0.0
metron-platform\metron-parsers\src\main\java\org\apache\metron\parsers\ise\iseparser.java@org.apache.metron.parsers.ise.iseparser.jj_3r_4();False;False;0.9725833333333332;0.027416666666666666
metron-platform\metron-parsers\src\main\java\org\apache\metron\parsers\ise\iseparser.java@org.apache.metron.parsers.ise.iseparser.jj_3r_5();False;False;0.995;0.005
metron-platform\metron-parsers\src\main\java\org\apache\metron\parsers\ise\iseparser.java@org.apache.metron.parsers.ise.iseparser.jj_3r_6();False;False;1.0;0.0
metron-platform\metron-parsers\src\main\java\org\apache\metron\parsers\ise\iseparser.java@org.apache.metron.parsers.ise.iseparser.jj_3r_7();False;False;0.994;0.006
metron-platform\metron-parsers\src\main\java\org\apache\metron\parsers\ise\iseparser.java@org.apache.metron.parsers.ise.iseparser.jj_3r_8();False;False;0.993;0.007
metron-platform\metron-parsers\src\main\java\org\apache\metron\parsers\ise\iseparser.java@org.apache.metron.parsers.ise.iseparser.jj_3r_9();False;False;1.0;0.0
metron-platform\metron-parsers\src\main\java\org\apache\metron\parsers\ise\iseparser.java@org.apache.metron.parsers.ise.iseparser.jj_3_1();False;False;0.9903333333333334;0.009666666666666667
metron-platform\metron-parsers\src\main\java\org\apache\metron\parsers\ise\iseparser.java@org.apache.metron.parsers.ise.iseparser.jj_3_2();False;False;0.998;0.002
metron-platform\metron-parsers\src\main\java\org\apache\metron\parsers\ise\iseparser.java@org.apache.metron.parsers.ise.iseparser.jj_3_3();False;False;1.0;0.0
metron-platform\metron-parsers\src\main\java\org\apache\metron\parsers\ise\iseparser.java@org.apache.metron.parsers.ise.iseparser.jj_3_4();False;False;1.0;0.0
metron-platform\metron-parsers\src\main\java\org\apache\metron\parsers\ise\iseparser.java@org.apache.metron.parsers.ise.iseparser.jj_3_5();False;False;1.0;0.0
metron-platform\metron-parsers\src\main\java\org\apache\metron\parsers\ise\iseparser.java@org.apache.metron.parsers.ise.iseparser.jj_3_6();False;False;1.0;0.0
metron-platform\metron-parsers\src\main\java\org\apache\metron\parsers\ise\iseparser.java@org.apache.metron.parsers.ise.iseparser.jj_add_error_token(int,int);False;False;0.9034152775648784;0.09658472243512224
metron-platform\metron-parsers\src\main\java\org\apache\metron\parsers\ise\iseparser.java@org.apache.metron.parsers.ise.iseparser.jj_consume_token(int);False;False;0.995;0.005
metron-platform\metron-parsers\src\main\java\org\apache\metron\parsers\ise\iseparser.java@org.apache.metron.parsers.ise.iseparser.jj_la1_init_0();False;False;0.9869111111111111;0.01308888888888889
metron-platform\metron-parsers\src\main\java\org\apache\metron\parsers\ise\iseparser.java@org.apache.metron.parsers.ise.iseparser.jj_rescan_token();False;False;0.9034152775648784;0.09658472243512224
metron-platform\metron-parsers\src\main\java\org\apache\metron\parsers\ise\iseparser.java@org.apache.metron.parsers.ise.iseparser.jj_save(int,int);False;False;0.9034152775648784;0.09658472243512224
metron-platform\metron-parsers\src\main\java\org\apache\metron\parsers\ise\iseparser.java@org.apache.metron.parsers.ise.iseparser.jj_scan_token(int);False;False;0.983;0.017
metron-platform\metron-parsers\src\main\java\org\apache\metron\parsers\ise\iseparser.java@org.apache.metron.parsers.ise.iseparser.nullvalue();False;False;0.995;0.005
metron-platform\metron-parsers\src\main\java\org\apache\metron\parsers\ise\iseparser.java@org.apache.metron.parsers.ise.iseparser.object();False;False;0.986;0.014
metron-platform\metron-parsers\src\main\java\org\apache\metron\parsers\ise\iseparser.java@org.apache.metron.parsers.ise.iseparser.objectkey();False;False;0.98575;0.01425
metron-platform\metron-parsers\src\main\java\org\apache\metron\parsers\ise\iseparser.java@org.apache.metron.parsers.ise.iseparser.parseobject();False;False;0.9865;0.0135
metron-platform\metron-parsers\src\main\java\org\apache\metron\parsers\ise\iseparser.java@org.apache.metron.parsers.ise.iseparser.string();False;False;0.9955;0.0045
metron-platform\metron-parsers\src\main\java\org\apache\metron\parsers\ise\iseparser.java@org.apache.metron.parsers.ise.iseparser.tagstring();False;False;0.98025;0.01975
metron-platform\metron-parsers\src\main\java\org\apache\metron\parsers\ise\iseparser.java@org.apache.metron.parsers.ise.iseparser.value();False;False;0.995;0.005
metron-platform\metron-parsers\src\main\java\org\apache\metron\parsers\ise\iseparsertokenmanager.java@org.apache.metron.parsers.ise.iseparsertokenmanager.iseparsertokenmanager(javacharstream);False;False;0.9034152775648784;0.09658472243512224
metron-platform\metron-parsers\src\main\java\org\apache\metron\parsers\ise\iseparsertokenmanager.java@org.apache.metron.parsers.ise.iseparsertokenmanager.iseparsertokenmanager(javacharstream,int);False;False;0.9034152775648784;0.09658472243512224
metron-platform\metron-parsers\src\main\java\org\apache\metron\parsers\ise\iseparsertokenmanager.java@org.apache.metron.parsers.ise.iseparsertokenmanager.reinit(javacharstream);False;False;0.9922000000000001;0.0078
metron-platform\metron-parsers\src\main\java\org\apache\metron\parsers\ise\iseparsertokenmanager.java@org.apache.metron.parsers.ise.iseparsertokenmanager.reinit(javacharstream,int);False;False;0.9034152775648784;0.09658472243512224
metron-platform\metron-parsers\src\main\java\org\apache\metron\parsers\ise\iseparsertokenmanager.java@org.apache.metron.parsers.ise.iseparsertokenmanager.reinitrounds();False;False;0.97815;0.02185
metron-platform\metron-parsers\src\main\java\org\apache\metron\parsers\ise\iseparsertokenmanager.java@org.apache.metron.parsers.ise.iseparsertokenmanager.switchto(int);False;False;0.9717166666666667;0.028283333333333327
metron-platform\metron-parsers\src\main\java\org\apache\metron\parsers\ise\iseparsertokenmanager.java@org.apache.metron.parsers.ise.iseparsertokenmanager.getnexttoken();False;False;0.9034152775648784;0.09658472243512224
metron-platform\metron-parsers\src\main\java\org\apache\metron\parsers\ise\iseparsertokenmanager.java@org.apache.metron.parsers.ise.iseparsertokenmanager.jjaddstates(int,int);False;False;0.9034152775648784;0.09658472243512224
metron-platform\metron-parsers\src\main\java\org\apache\metron\parsers\ise\iseparsertokenmanager.java@org.apache.metron.parsers.ise.iseparsertokenmanager.jjcanmove_0(int,int,int,long,long);False;False;0.9034152775648784;0.09658472243512224
metron-platform\metron-parsers\src\main\java\org\apache\metron\parsers\ise\iseparsertokenmanager.java@org.apache.metron.parsers.ise.iseparsertokenmanager.jjchecknadd(int);False;False;0.9873342490842492;0.012665750915750916
metron-platform\metron-parsers\src\main\java\org\apache\metron\parsers\ise\iseparsertokenmanager.java@org.apache.metron.parsers.ise.iseparsertokenmanager.jjchecknaddtwostates(int,int);False;False;0.9034152775648784;0.09658472243512224
metron-platform\metron-parsers\src\main\java\org\apache\metron\parsers\ise\iseparsertokenmanager.java@org.apache.metron.parsers.ise.iseparsertokenmanager.jjfilltoken();False;False;0.9875;0.0125
metron-platform\metron-parsers\src\main\java\org\apache\metron\parsers\ise\iseparsertokenmanager.java@org.apache.metron.parsers.ise.iseparsertokenmanager.jjmovenfa_0(int,int);False;False;0.9034152775648784;0.09658472243512224
metron-platform\metron-parsers\src\main\java\org\apache\metron\parsers\ise\iseparsertokenmanager.java@org.apache.metron.parsers.ise.iseparsertokenmanager.jjmovestringliteraldfa0_0();False;False;0.9756;0.024399999999999998
metron-platform\metron-parsers\src\main\java\org\apache\metron\parsers\ise\iseparsertokenmanager.java@org.apache.metron.parsers.ise.iseparsertokenmanager.jjmovestringliteraldfa1_0(long);False;False;0.9034152775648784;0.09658472243512224
metron-platform\metron-parsers\src\main\java\org\apache\metron\parsers\ise\iseparsertokenmanager.java@org.apache.metron.parsers.ise.iseparsertokenmanager.jjmovestringliteraldfa2_0(long,long);False;False;0.9034152775648784;0.09658472243512224
metron-platform\metron-parsers\src\main\java\org\apache\metron\parsers\ise\iseparsertokenmanager.java@org.apache.metron.parsers.ise.iseparsertokenmanager.jjmovestringliteraldfa3_0(long,long);False;False;0.9034152775648784;0.09658472243512224
metron-platform\metron-parsers\src\main\java\org\apache\metron\parsers\ise\iseparsertokenmanager.java@org.apache.metron.parsers.ise.iseparsertokenmanager.jjmovestringliteraldfa4_0(long,long);False;False;0.9034152775648784;0.09658472243512224
metron-platform\metron-parsers\src\main\java\org\apache\metron\parsers\ise\iseparsertokenmanager.java@org.apache.metron.parsers.ise.iseparsertokenmanager.jjmovestringliteraldfa5_0(long,long);False;False;0.9034152775648784;0.09658472243512224
metron-platform\metron-parsers\src\main\java\org\apache\metron\parsers\ise\iseparsertokenmanager.java@org.apache.metron.parsers.ise.iseparsertokenmanager.jjmovestringliteraldfa6_0(long,long);False;False;0.9034152775648784;0.09658472243512224
metron-platform\metron-parsers\src\main\java\org\apache\metron\parsers\ise\iseparsertokenmanager.java@org.apache.metron.parsers.ise.iseparsertokenmanager.jjstartnfawithstates_0(int,int,int);False;False;0.9034152775648784;0.09658472243512224
metron-platform\metron-parsers\src\main\java\org\apache\metron\parsers\ise\iseparsertokenmanager.java@org.apache.metron.parsers.ise.iseparsertokenmanager.jjstartnfa_0(int,long);False;False;0.9034152775648784;0.09658472243512224
metron-platform\metron-parsers\src\main\java\org\apache\metron\parsers\ise\iseparsertokenmanager.java@org.apache.metron.parsers.ise.iseparsertokenmanager.jjstopatpos(int,int);False;False;0.9034152775648784;0.09658472243512224
metron-platform\metron-parsers\src\main\java\org\apache\metron\parsers\ise\iseparsertokenmanager.java@org.apache.metron.parsers.ise.iseparsertokenmanager.jjstopstringliteraldfa_0(int,long);False;False;0.9034152775648784;0.09658472243512224
metron-platform\metron-parsers\src\main\java\org\apache\metron\parsers\ise\iseparsertokenmanager.java@org.apache.metron.parsers.ise.iseparsertokenmanager.setdebugstream(java);False;False;0.9034152775648784;0.09658472243512224
metron-platform\metron-parsers\src\main\java\org\apache\metron\parsers\ise\javacharstream.java@org.apache.metron.parsers.ise.javacharstream.adjustbuffsize();False;False;0.992;0.008
metron-platform\metron-parsers\src\main\java\org\apache\metron\parsers\ise\javacharstream.java@org.apache.metron.parsers.ise.javacharstream.begintoken();False;False;0.9777166666666667;0.022283333333333332
metron-platform\metron-parsers\src\main\java\org\apache\metron\parsers\ise\javacharstream.java@org.apache.metron.parsers.ise.javacharstream.done();False;False;0.9653333333333334;0.034666666666666665
metron-platform\metron-parsers\src\main\java\org\apache\metron\parsers\ise\javacharstream.java@org.apache.metron.parsers.ise.javacharstream.expandbuff(boolean);False;False;0.9034152775648784;0.09658472243512224
metron-platform\metron-parsers\src\main\java\org\apache\metron\parsers\ise\javacharstream.java@org.apache.metron.parsers.ise.javacharstream.fillbuff();False;False;0.9034152775648784;0.09658472243512224
metron-platform\metron-parsers\src\main\java\org\apache\metron\parsers\ise\javacharstream.java@org.apache.metron.parsers.ise.javacharstream.getimage();False;False;0.9768666666666667;0.02313333333333333
metron-platform\metron-parsers\src\main\java\org\apache\metron\parsers\ise\javacharstream.java@org.apache.metron.parsers.ise.javacharstream.getsuffix(int);False;False;0.9685000000000001;0.0315
metron-platform\metron-parsers\src\main\java\org\apache\metron\parsers\ise\javacharstream.java@org.apache.metron.parsers.ise.javacharstream.javacharstream(java);False;False;0.9034152775648784;0.09658472243512224
metron-platform\metron-parsers\src\main\java\org\apache\metron\parsers\ise\javacharstream.java@org.apache.metron.parsers.ise.javacharstream.javacharstream(java,string);False;False;0.9034152775648784;0.09658472243512224
metron-platform\metron-parsers\src\main\java\org\apache\metron\parsers\ise\javacharstream.java@org.apache.metron.parsers.ise.javacharstream.javacharstream(java,string,int,int);False;False;0.9034152775648784;0.09658472243512224
metron-platform\metron-parsers\src\main\java\org\apache\metron\parsers\ise\javacharstream.java@org.apache.metron.parsers.ise.javacharstream.javacharstream(java,string,int,int,int);False;False;0.9034152775648784;0.09658472243512224
metron-platform\metron-parsers\src\main\java\org\apache\metron\parsers\ise\javacharstream.java@org.apache.metron.parsers.ise.javacharstream.javacharstream(java,int,int);False;False;0.9034152775648784;0.09658472243512224
metron-platform\metron-parsers\src\main\java\org\apache\metron\parsers\ise\javacharstream.java@org.apache.metron.parsers.ise.javacharstream.javacharstream(java,int,int,int);False;False;0.9034152775648784;0.09658472243512224
metron-platform\metron-parsers\src\main\java\org\apache\metron\parsers\ise\javacharstream.java@org.apache.metron.parsers.ise.javacharstream.reinit(java);False;False;0.9034152775648784;0.09658472243512224
metron-platform\metron-parsers\src\main\java\org\apache\metron\parsers\ise\javacharstream.java@org.apache.metron.parsers.ise.javacharstream.reinit(java,string);False;False;0.9034152775648784;0.09658472243512224
metron-platform\metron-parsers\src\main\java\org\apache\metron\parsers\ise\javacharstream.java@org.apache.metron.parsers.ise.javacharstream.reinit(java,string,int,int);False;False;0.9034152775648784;0.09658472243512224
metron-platform\metron-parsers\src\main\java\org\apache\metron\parsers\ise\javacharstream.java@org.apache.metron.parsers.ise.javacharstream.reinit(java,string,int,int,int);False;False;0.9034152775648784;0.09658472243512224
metron-platform\metron-parsers\src\main\java\org\apache\metron\parsers\ise\javacharstream.java@org.apache.metron.parsers.ise.javacharstream.reinit(java,int,int);False;False;0.9034152775648784;0.09658472243512224
metron-platform\metron-parsers\src\main\java\org\apache\metron\parsers\ise\javacharstream.java@org.apache.metron.parsers.ise.javacharstream.reinit(java,int,int,int);False;False;0.9034152775648784;0.09658472243512224
metron-platform\metron-parsers\src\main\java\org\apache\metron\parsers\ise\javacharstream.java@org.apache.metron.parsers.ise.javacharstream.readbyte();False;False;0.9916666666666666;0.008333333333333333
metron-platform\metron-parsers\src\main\java\org\apache\metron\parsers\ise\javacharstream.java@org.apache.metron.parsers.ise.javacharstream.updatelinecolumn(char);False;False;0.95775;0.04225
metron-platform\metron-parsers\src\main\java\org\apache\metron\parsers\ise\javacharstream.java@org.apache.metron.parsers.ise.javacharstream.adjustbeginlinecolumn(int,int);False;False;0.9034152775648784;0.09658472243512224
metron-platform\metron-parsers\src\main\java\org\apache\metron\parsers\ise\javacharstream.java@org.apache.metron.parsers.ise.javacharstream.backup(int);False;False;0.9745999999999999;0.0254
metron-platform\metron-parsers\src\main\java\org\apache\metron\parsers\ise\javacharstream.java@org.apache.metron.parsers.ise.javacharstream.getbegincolumn();False;False;1.0;0.0
metron-platform\metron-parsers\src\main\java\org\apache\metron\parsers\ise\javacharstream.java@org.apache.metron.parsers.ise.javacharstream.getbeginline();False;False;1.0;0.0
metron-platform\metron-parsers\src\main\java\org\apache\metron\parsers\ise\javacharstream.java@org.apache.metron.parsers.ise.javacharstream.getcolumn();False;False;0.993;0.007
metron-platform\metron-parsers\src\main\java\org\apache\metron\parsers\ise\javacharstream.java@org.apache.metron.parsers.ise.javacharstream.getendcolumn();False;False;1.0;0.0
metron-platform\metron-parsers\src\main\java\org\apache\metron\parsers\ise\javacharstream.java@org.apache.metron.parsers.ise.javacharstream.getendline();False;False;1.0;0.0
metron-platform\metron-parsers\src\main\java\org\apache\metron\parsers\ise\javacharstream.java@org.apache.metron.parsers.ise.javacharstream.getline();False;False;0.9948846567640195;0.005115343235980549
metron-platform\metron-parsers\src\main\java\org\apache\metron\parsers\ise\javacharstream.java@org.apache.metron.parsers.ise.javacharstream.gettabsize(int);False;False;1.0;0.0
metron-platform\metron-parsers\src\main\java\org\apache\metron\parsers\ise\javacharstream.java@org.apache.metron.parsers.ise.javacharstream.hexval(char);False;False;0.9202761904761907;0.0797238095238095
metron-platform\metron-parsers\src\main\java\org\apache\metron\parsers\ise\javacharstream.java@org.apache.metron.parsers.ise.javacharstream.readchar();False;False;0.9034152775648784;0.09658472243512224
metron-platform\metron-parsers\src\main\java\org\apache\metron\parsers\ise\javacharstream.java@org.apache.metron.parsers.ise.javacharstream.settabsize(int);False;False;1.0;0.0
metron-platform\metron-parsers\src\main\java\org\apache\metron\parsers\ise\parseexception.java@org.apache.metron.parsers.ise.parseexception.parseexception();False;False;0.9034152775648784;0.09658472243512224
metron-platform\metron-parsers\src\main\java\org\apache\metron\parsers\ise\parseexception.java@org.apache.metron.parsers.ise.parseexception.parseexception(string);False;False;0.9034152775648784;0.09658472243512224
metron-platform\metron-parsers\src\main\java\org\apache\metron\parsers\ise\parseexception.java@org.apache.metron.parsers.ise.parseexception.parseexception(token,int[],string[]);False;False;0.9034152775648784;0.09658472243512224
metron-platform\metron-parsers\src\main\java\org\apache\metron\parsers\ise\parseexception.java@org.apache.metron.parsers.ise.parseexception.add_escapes(string);False;False;0.981;0.019
metron-platform\metron-parsers\src\main\java\org\apache\metron\parsers\ise\parseexception.java@org.apache.metron.parsers.ise.parseexception.initialise(token,int[],string[]);False;False;0.9034152775648784;0.09658472243512224
metron-platform\metron-parsers\src\main\java\org\apache\metron\parsers\ise\token.java@org.apache.metron.parsers.ise.token.token(int);False;False;0.9034152775648784;0.09658472243512224
metron-platform\metron-parsers\src\main\java\org\apache\metron\parsers\ise\token.java@org.apache.metron.parsers.ise.token.token(int,string);False;False;0.9034152775648784;0.09658472243512224
metron-platform\metron-parsers\src\main\java\org\apache\metron\parsers\ise\token.java@org.apache.metron.parsers.ise.token.getvalue();False;False;0.999;0.001
metron-platform\metron-parsers\src\main\java\org\apache\metron\parsers\ise\token.java@org.apache.metron.parsers.ise.token.newtoken(int);False;False;1.0;0.0
metron-platform\metron-parsers\src\main\java\org\apache\metron\parsers\ise\token.java@org.apache.metron.parsers.ise.token.newtoken(int,string);False;False;0.9034152775648784;0.09658472243512224
metron-platform\metron-parsers\src\main\java\org\apache\metron\parsers\ise\token.java@org.apache.metron.parsers.ise.token.tostring();False;False;0.99875;0.00125
metron-platform\metron-parsers\src\main\java\org\apache\metron\parsers\ise\tokenmgrerror.java@org.apache.metron.parsers.ise.tokenmgrerror.lexicalerror(boolean,int,int,int,string,char);False;False;0.9034152775648784;0.09658472243512224
metron-platform\metron-parsers\src\main\java\org\apache\metron\parsers\ise\tokenmgrerror.java@org.apache.metron.parsers.ise.tokenmgrerror.tokenmgrerror(string,int);False;False;0.9034152775648784;0.09658472243512224
metron-platform\metron-parsers\src\main\java\org\apache\metron\parsers\ise\tokenmgrerror.java@org.apache.metron.parsers.ise.tokenmgrerror.tokenmgrerror(boolean,int,int,int,string,char,int);False;False;0.9034152775648784;0.09658472243512224
metron-platform\metron-parsers\src\main\java\org\apache\metron\parsers\ise\tokenmgrerror.java@org.apache.metron.parsers.ise.tokenmgrerror.addescapes(string);False;False;0.983;0.017
metron-platform\metron-parsers\src\main\java\org\apache\metron\parsers\ise\tokenmgrerror.java@org.apache.metron.parsers.ise.tokenmgrerror.getmessage();False;False;0.9996142857142857;0.00038571428571428567
metron-platform\metron-parsers\src\main\java\org\apache\metron\parsers\json\jsonmapparser.java@org.apache.metron.parsers.json.jsonmapparser.mapstrategy(handler);False;False;0.9034152775648784;0.09658472243512224
metron-platform\metron-parsers\src\main\java\org\apache\metron\parsers\json\jsonmapparser.java@org.apache.metron.parsers.json.jsonmapparser.configure(map);False;False;0.9034152775648784;0.09658472243512224
metron-platform\metron-parsers\src\main\java\org\apache\metron\parsers\json\jsonmapparser.java@org.apache.metron.parsers.json.jsonmapparser.handle(string,map,jsonobject);False;False;0.9034152775648784;0.09658472243512224
metron-platform\metron-parsers\src\main\java\org\apache\metron\parsers\json\jsonmapparser.java@org.apache.metron.parsers.json.jsonmapparser.jsonprovider();False;False;1.0;0.0
metron-platform\metron-parsers\src\main\java\org\apache\metron\parsers\json\jsonmapparser.java@org.apache.metron.parsers.json.jsonmapparser.mappingprovider();False;False;1.0;0.0
metron-platform\metron-parsers\src\main\java\org\apache\metron\parsers\json\jsonmapparser.java@org.apache.metron.parsers.json.jsonmapparser.normalizejson(map);False;False;0.9034152775648784;0.09658472243512224
metron-platform\metron-parsers\src\main\java\org\apache\metron\parsers\json\jsonmapparser.java@org.apache.metron.parsers.json.jsonmapparser.options();False;False;0.995;0.005
metron-platform\metron-parsers\src\main\java\org\apache\metron\parsers\json\jsonmapparser.java@org.apache.metron.parsers.json.jsonmapparser.parse(byte[]);False;False;0.9034152775648784;0.09658472243512224
metron-platform\metron-parsers\src\main\java\org\apache\metron\parsers\json\jsonmapparser.java@org.apache.metron.parsers.json.jsonmapparser.recursiveunfold(string,map,jsonobject);False;False;0.9034152775648784;0.09658472243512224
metron-platform\metron-parsers\src\main\java\org\apache\metron\parsers\lancope\basiclancopeparser.java@org.apache.metron.parsers.lancope.basiclancopeparser.parse(byte[]);False;False;0.9034152775648784;0.09658472243512224
metron-platform\metron-parsers\src\main\java\org\apache\metron\parsers\logstash\basiclogstashparser.java@org.apache.metron.parsers.logstash.basiclogstashparser.logstashtoepoch(string);False;False;0.976;0.024
metron-platform\metron-parsers\src\main\java\org\apache\metron\parsers\logstash\basiclogstashparser.java@org.apache.metron.parsers.logstash.basiclogstashparser.mutate(jsonobject,string,string);False;False;0.9034152775648784;0.09658472243512224
metron-platform\metron-parsers\src\main\java\org\apache\metron\parsers\logstash\basiclogstashparser.java@org.apache.metron.parsers.logstash.basiclogstashparser.parse(byte[]);False;False;0.9034152775648784;0.09658472243512224
metron-platform\metron-parsers\src\main\java\org\apache\metron\parsers\paloalto\basicpaloaltofirewallparser.java@org.apache.metron.parsers.paloalto.basicpaloaltofirewallparser.empty_attribute(string);False;False;0.932;0.068
metron-platform\metron-parsers\src\main\java\org\apache\metron\parsers\paloalto\basicpaloaltofirewallparser.java@org.apache.metron.parsers.paloalto.basicpaloaltofirewallparser.parse(byte[]);False;False;0.9034152775648784;0.09658472243512224
metron-platform\metron-parsers\src\main\java\org\apache\metron\parsers\paloalto\basicpaloaltofirewallparser.java@org.apache.metron.parsers.paloalto.basicpaloaltofirewallparser.parsemessage(string,jsonobject);False;False;0.9034152775648784;0.09658472243512224
metron-platform\metron-parsers\src\main\java\org\apache\metron\parsers\paloalto\basicpaloaltofirewallparser.java@org.apache.metron.parsers.paloalto.basicpaloaltofirewallparser.unquoted_attribute(string);False;False;0.8574488095238099;0.14255119047619044
metron-platform\metron-parsers\src\main\java\org\apache\metron\parsers\snort\basicsnortparser.java@org.apache.metron.parsers.snort.basicsnortparser.configure(map);False;False;0.9034152775648784;0.09658472243512224
metron-platform\metron-parsers\src\main\java\org\apache\metron\parsers\snort\basicsnortparser.java@org.apache.metron.parsers.snort.basicsnortparser.getdateformatter(map);False;False;0.9034152775648784;0.09658472243512224
metron-platform\metron-parsers\src\main\java\org\apache\metron\parsers\snort\basicsnortparser.java@org.apache.metron.parsers.snort.basicsnortparser.getdateformatterwithzone(datetimeformatter,map);False;False;0.9034152775648784;0.09658472243512224
metron-platform\metron-parsers\src\main\java\org\apache\metron\parsers\snort\basicsnortparser.java@org.apache.metron.parsers.snort.basicsnortparser.getfieldnames();False;False;0.9870016977227632;0.012998302277236747
metron-platform\metron-parsers\src\main\java\org\apache\metron\parsers\snort\basicsnortparser.java@org.apache.metron.parsers.snort.basicsnortparser.getrecorddelimiter();False;False;0.9870016977227632;0.012998302277236747
metron-platform\metron-parsers\src\main\java\org\apache\metron\parsers\snort\basicsnortparser.java@org.apache.metron.parsers.snort.basicsnortparser.init();False;False;0.9972666666666666;0.002733333333333333
metron-platform\metron-parsers\src\main\java\org\apache\metron\parsers\snort\basicsnortparser.java@org.apache.metron.parsers.snort.basicsnortparser.parse(byte[]);False;False;0.9034152775648784;0.09658472243512224
metron-platform\metron-parsers\src\main\java\org\apache\metron\parsers\snort\basicsnortparser.java@org.apache.metron.parsers.snort.basicsnortparser.setfieldnames(string[]);False;False;0.9034152775648784;0.09658472243512224
metron-platform\metron-parsers\src\main\java\org\apache\metron\parsers\snort\basicsnortparser.java@org.apache.metron.parsers.snort.basicsnortparser.setrecorddelimiter(string);False;False;0.9775952569781741;0.022404743021829047
metron-platform\metron-parsers\src\main\java\org\apache\metron\parsers\snort\basicsnortparser.java@org.apache.metron.parsers.snort.basicsnortparser.toepoch(string);False;False;0.9971833333333333;0.002816666666666667
metron-platform\metron-parsers\src\main\java\org\apache\metron\parsers\sourcefire\basicsourcefireparser.java@org.apache.metron.parsers.sourcefire.basicsourcefireparser.parse(byte[]);False;False;0.9034152775648784;0.09658472243512224
metron-platform\metron-parsers\src\main\java\org\apache\metron\parsers\topology\mergeandshadetransformer.java@org.apache.metron.parsers.topology.mergeandshadetransformer.copy(jarinputstream,jaroutputstream,set);False;False;0.9034152775648784;0.09658472243512224
metron-platform\metron-parsers\src\main\java\org\apache\metron\parsers\topology\mergeandshadetransformer.java@org.apache.metron.parsers.topology.mergeandshadetransformer.transform(inputstream,outputstream);False;False;0.9034152775648784;0.09658472243512224
metron-platform\metron-parsers\src\main\java\org\apache\metron\parsers\topology\parsertopologybuilder.java@org.apache.metron.parsers.topology.parsertopology.parsertopology(topologybuilder,config);False;False;0.9034152775648784;0.09658472243512224
metron-platform\metron-parsers\src\main\java\org\apache\metron\parsers\topology\parsertopologybuilder.java@org.apache.metron.parsers.topology.parsertopology.getbuilder();False;False;0.9851351218008023;0.014864878199197096
metron-platform\metron-parsers\src\main\java\org\apache\metron\parsers\topology\parsertopologybuilder.java@org.apache.metron.parsers.topology.parsertopology.gettopologyconfig();False;False;0.9851351218008023;0.014864878199197096
metron-platform\metron-parsers\src\main\java\org\apache\metron\parsers\topology\parsertopologybuilder.java@org.apache.metron.parsers.topology.parsertopologybuilder.parsertopology(topologybuilder,config);False;False;0.9034152775648784;0.09658472243512224
metron-platform\metron-parsers\src\main\java\org\apache\metron\parsers\topology\parsertopologybuilder.java@org.apache.metron.parsers.topology.parsertopologybuilder.build(string,optional,list,valuesupplier,valuesupplier,valuesupplier,valuesupplier,valuesupplier,valuesupplier,valuesupplier,valuesupplier,valuesupplier,valuesupplier,valuesupplier);True;False;0.9034152775648784;0.09658472243512224
metron-platform\metron-parsers\src\main\java\org\apache\metron\parsers\topology\parsertopologybuilder.java@org.apache.metron.parsers.topology.parsertopologybuilder.build(string,optional,string,valuesupplier,valuesupplier,valuesupplier,valuesupplier,valuesupplier,valuesupplier,valuesupplier,valuesupplier,valuesupplier,valuesupplier,valuesupplier);True;False;0.9034152775648784;0.09658472243512224
metron-platform\metron-parsers\src\main\java\org\apache\metron\parsers\topology\parsertopologybuilder.java@org.apache.metron.parsers.topology.parsertopologybuilder.createerrorbolt(string,optional,string,optional,parserconfigurations,sensorparserconfig,string);False;False;0.9034152775648784;0.09658472243512224
metron-platform\metron-parsers\src\main\java\org\apache\metron\parsers\topology\parsertopologybuilder.java@org.apache.metron.parsers.topology.parsertopologybuilder.createkafkaspout(string,string,optional,optional,sensorparserconfig);False;False;0.9034152775648784;0.09658472243512224
metron-platform\metron-parsers\src\main\java\org\apache\metron\parsers\topology\parsertopologybuilder.java@org.apache.metron.parsers.topology.parsertopologybuilder.createkafkawriter(optional,string,optional);False;False;0.9034152775648784;0.09658472243512224
metron-platform\metron-parsers\src\main\java\org\apache\metron\parsers\topology\parsertopologybuilder.java@org.apache.metron.parsers.topology.parsertopologybuilder.createparserbolt(string,optional,map,optional,parserconfigurations,optional);True;False;0.9034152775648784;0.09658472243512224
metron-platform\metron-parsers\src\main\java\org\apache\metron\parsers\topology\parsertopologybuilder.java@org.apache.metron.parsers.topology.parsertopologybuilder.createparserbolt(string,optional,string,optional,parserconfigurations,sensorparserconfig,optional);True;False;0.9034152775648784;0.09658472243512224
metron-platform\metron-parsers\src\main\java\org\apache\metron\parsers\topology\parsertopologybuilder.java@org.apache.metron.parsers.topology.parsertopologybuilder.createwriterhandler(abstractwriter);False;False;0.9858214285714285;0.01417857142857143
metron-platform\metron-parsers\src\main\java\org\apache\metron\parsers\topology\parsertopologybuilder.java@org.apache.metron.parsers.topology.parsertopologybuilder.getbuilder();False;False;0.997;0.003
metron-platform\metron-parsers\src\main\java\org\apache\metron\parsers\topology\parsertopologybuilder.java@org.apache.metron.parsers.topology.parsertopologybuilder.getsensorparserconfig(string,list,parserconfigurations);True;False;0.9034152775648784;0.09658472243512224
metron-platform\metron-parsers\src\main\java\org\apache\metron\parsers\topology\parsertopologybuilder.java@org.apache.metron.parsers.topology.parsertopologybuilder.getsensorparserconfig(string,string,parserconfigurations);True;False;0.9034152775648784;0.09658472243512224
metron-platform\metron-parsers\src\main\java\org\apache\metron\parsers\topology\parsertopologybuilder.java@org.apache.metron.parsers.topology.parsertopologybuilder.gettopologyconfig();False;False;1.0;0.0
metron-platform\metron-parsers\src\main\java\org\apache\metron\parsers\topology\parsertopologycli.java@org.apache.metron.parsers.topology.parsertopologycli.parseroptions(string,function);False;False;0.9034152775648784;0.09658472243512224
metron-platform\metron-parsers\src\main\java\org\apache\metron\parsers\topology\parsertopologycli.java@org.apache.metron.parsers.topology.parsertopologycli.parseroptions(string,function,function);False;False;0.9034152775648784;0.09658472243512224
metron-platform\metron-parsers\src\main\java\org\apache\metron\parsers\topology\parsertopologycli.java@org.apache.metron.parsers.topology.parsertopologycli.createparsertopology(commandline);True;False;0.9034152775648784;0.09658472243512224
metron-platform\metron-parsers\src\main\java\org\apache\metron\parsers\topology\parsertopologycli.java@org.apache.metron.parsers.topology.parsertopologycli.get(commandline);False;False;1.0;0.0
metron-platform\metron-parsers\src\main\java\org\apache\metron\parsers\topology\parsertopologycli.java@org.apache.metron.parsers.topology.parsertopologycli.get(commandline,string);False;False;0.9034152775648784;0.09658472243512224
metron-platform\metron-parsers\src\main\java\org\apache\metron\parsers\topology\parsertopologycli.java@org.apache.metron.parsers.topology.parsertopologycli.getconfig(commandline);False;False;1.0;0.0
metron-platform\metron-parsers\src\main\java\org\apache\metron\parsers\topology\parsertopologycli.java@org.apache.metron.parsers.topology.parsertopologycli.getconfig(commandline,config);False;False;0.9034152775648784;0.09658472243512224
metron-platform\metron-parsers\src\main\java\org\apache\metron\parsers\topology\parsertopologycli.java@org.apache.metron.parsers.topology.parsertopologycli.getoptions();False;False;1.0;0.0
metron-platform\metron-parsers\src\main\java\org\apache\metron\parsers\topology\parsertopologycli.java@org.apache.metron.parsers.topology.parsertopologycli.getparsertopology(string,optional,list,valuesupplier,valuesupplier,valuesupplier,valuesupplier,valuesupplier,valuesupplier,valuesupplier,valuesupplier,valuesupplier,valuesupplier,valuesupplier);True;False;0.9034152775648784;0.09658472243512224
metron-platform\metron-parsers\src\main\java\org\apache\metron\parsers\topology\parsertopologycli.java@org.apache.metron.parsers.topology.parsertopologycli.getparsertopology(string,optional,string,valuesupplier,valuesupplier,valuesupplier,valuesupplier,valuesupplier,valuesupplier,valuesupplier,valuesupplier,valuesupplier,valuesupplier,valuesupplier);True;False;0.9034152775648784;0.09658472243512224
metron-platform\metron-parsers\src\main\java\org\apache\metron\parsers\topology\parsertopologycli.java@org.apache.metron.parsers.topology.parsertopologycli.getsecurityprotocol(optional,list);True;False;0.9034152775648784;0.09658472243512224
metron-platform\metron-parsers\src\main\java\org\apache\metron\parsers\topology\parsertopologycli.java@org.apache.metron.parsers.topology.parsertopologycli.getsecurityprotocol(optional,map);True;False;0.9034152775648784;0.09658472243512224
metron-platform\metron-parsers\src\main\java\org\apache\metron\parsers\topology\parsertopologycli.java@org.apache.metron.parsers.topology.parsertopologycli.has(commandline);False;False;0.995;0.005
metron-platform\metron-parsers\src\main\java\org\apache\metron\parsers\topology\parsertopologycli.java@org.apache.metron.parsers.topology.parsertopologycli.main(string[]);True;False;0.9034152775648784;0.09658472243512224
metron-platform\metron-parsers\src\main\java\org\apache\metron\parsers\topology\parsertopologycli.java@org.apache.metron.parsers.topology.parsertopologycli.parse(commandlineparser,string[]);False;False;0.9034152775648784;0.09658472243512224
metron-platform\metron-parsers\src\main\java\org\apache\metron\parsers\topology\parsertopologycli.java@org.apache.metron.parsers.topology.parsertopologycli.parse(options,string[]);False;False;0.9034152775648784;0.09658472243512224
metron-platform\metron-parsers\src\main\java\org\apache\metron\parsers\topology\parsertopologycli.java@org.apache.metron.parsers.topology.parsertopologycli.printhelp();False;False;1.0;0.0
metron-platform\metron-parsers\src\main\java\org\apache\metron\parsers\topology\parsertopologycli.java@org.apache.metron.parsers.topology.parsertopologycli.processoption(string,listiterator);False;False;0.9034152775648784;0.09658472243512224
metron-platform\metron-parsers\src\main\java\org\apache\metron\parsers\topology\parsertopologycli.java@org.apache.metron.parsers.topology.parsertopologycli.readjsonmapfromfile(file);False;False;0.9034152775648784;0.09658472243512224
metron-platform\metron-parsers\src\main\java\org\apache\metron\parsers\topology\config\arg.java@org.apache.metron.parsers.topology.config.arg.arg(config,string);False;False;0.9034152775648784;0.09658472243512224
metron-platform\metron-parsers\src\main\java\org\apache\metron\parsers\topology\config\arg.java@org.apache.metron.parsers.topology.config.arg.getarg();False;False;0.9870016977227632;0.012998302277236747
metron-platform\metron-parsers\src\main\java\org\apache\metron\parsers\topology\config\arg.java@org.apache.metron.parsers.topology.config.arg.getconfig();False;False;0.998;0.002
metron-platform\metron-parsers\src\main\java\org\apache\metron\parsers\topology\config\confighandlers.java@org.apache.metron.parsers.topology.config.confighandlers.apply(arg);False;False;0.99175;0.00825
metron-platform\metron-parsers\src\main\java\org\apache\metron\parsers\topology\config\confighandlers.java@org.apache.metron.parsers.topology.config.loadjsonhandler.apply(arg);False;False;0.9034152775648784;0.09658472243512224
metron-platform\metron-parsers\src\main\java\org\apache\metron\parsers\topology\config\confighandlers.java@org.apache.metron.parsers.topology.config.setmaxtaskparallelismhandler.apply(arg);False;False;0.9034152775648784;0.09658472243512224
metron-platform\metron-parsers\src\main\java\org\apache\metron\parsers\topology\config\confighandlers.java@org.apache.metron.parsers.topology.config.setmessagetimeouthandler.apply(arg);False;False;0.9034152775648784;0.09658472243512224
metron-platform\metron-parsers\src\main\java\org\apache\metron\parsers\topology\config\confighandlers.java@org.apache.metron.parsers.topology.config.setnumackershandler.apply(arg);False;False;0.9034152775648784;0.09658472243512224
metron-platform\metron-parsers\src\main\java\org\apache\metron\parsers\topology\config\confighandlers.java@org.apache.metron.parsers.topology.config.setnumworkershandler.apply(arg);False;False;0.9034152775648784;0.09658472243512224
metron-platform\metron-parsers\src\main\java\org\apache\metron\parsers\utils\dateutils.java@org.apache.metron.parsers.utils.dateutils.parsemultiformat(string,list);False;False;0.9034152775648784;0.09658472243512224
metron-platform\metron-parsers\src\main\java\org\apache\metron\parsers\utils\parserutils.java@org.apache.metron.parsers.utils.parserutils.converttoepoch(string,string,string,boolean);False;False;0.9034152775648784;0.09658472243512224
metron-platform\metron-parsers\src\main\java\org\apache\metron\parsers\utils\parserutils.java@org.apache.metron.parsers.utils.parserutils.stream2file(inputstream);False;False;0.9913333333333333;0.008666666666666666
metron-platform\metron-parsers\src\main\java\org\apache\metron\parsers\utils\syslogutils.java@org.apache.metron.parsers.utils.syslogutils.converttoepochmillis(string,datetimeformatter);False;False;0.9034152775648784;0.09658472243512224
metron-platform\metron-parsers\src\main\java\org\apache\metron\parsers\utils\syslogutils.java@org.apache.metron.parsers.utils.syslogutils.getfacilityfrompriority(int);False;False;0.9042;0.09580000000000001
metron-platform\metron-parsers\src\main\java\org\apache\metron\parsers\utils\syslogutils.java@org.apache.metron.parsers.utils.syslogutils.getseverityfrompriority(int);False;False;0.9542666666666668;0.04573333333333333
metron-platform\metron-parsers\src\main\java\org\apache\metron\parsers\utils\syslogutils.java@org.apache.metron.parsers.utils.syslogutils.parsetimestamptoepochmillis(string,clock);False;False;0.9034152775648784;0.09658472243512224
metron-platform\metron-parsers\src\main\java\org\apache\metron\parsers\websphere\grokwebsphereparser.java@org.apache.metron.parsers.websphere.grokwebsphereparser.formattimestamp(object);False;False;0.9034152775648784;0.09658472243512224
metron-platform\metron-parsers\src\main\java\org\apache\metron\parsers\websphere\grokwebsphereparser.java@org.apache.metron.parsers.websphere.grokwebsphereparser.parseloginmessage(jsonobject);False;False;0.993;0.007
metron-platform\metron-parsers\src\main\java\org\apache\metron\parsers\websphere\grokwebsphereparser.java@org.apache.metron.parsers.websphere.grokwebsphereparser.parselogoutmessage(jsonobject);False;False;0.966;0.034
metron-platform\metron-parsers\src\main\java\org\apache\metron\parsers\websphere\grokwebsphereparser.java@org.apache.metron.parsers.websphere.grokwebsphereparser.parseothermessage(jsonobject);False;False;0.9985;0.0015
metron-platform\metron-parsers\src\main\java\org\apache\metron\parsers\websphere\grokwebsphereparser.java@org.apache.metron.parsers.websphere.grokwebsphereparser.parserbmmessage(jsonobject);False;False;0.9985;0.0015
metron-platform\metron-parsers\src\main\java\org\apache\metron\parsers\websphere\grokwebsphereparser.java@org.apache.metron.parsers.websphere.grokwebsphereparser.postparse(jsonobject);False;False;0.995;0.005
metron-platform\metron-parsers\src\main\java\org\apache\metron\parsers\websphere\grokwebsphereparser.java@org.apache.metron.parsers.websphere.grokwebsphereparser.removeemptyfields(jsonobject);False;False;0.9204;0.07959999999999999
metron-platform\metron-parsers\src\test\java\org\apache\metron\filters\filterstest.java@org.apache.metron.filters.filterstest.testdefault();False;False;0.991;0.009
metron-platform\metron-parsers\src\test\java\org\apache\metron\filters\filterstest.java@org.apache.metron.filters.filterstest.testsinglequeryfilter();False;False;0.985;0.015
metron-platform\metron-parsers\src\test\java\org\apache\metron\parsers\abstractparserconfigtest.java@org.apache.metron.parsers.abstractparserconfigtest.getschemajsonstring();False;False;1.0;0.0
metron-platform\metron-parsers\src\test\java\org\apache\metron\parsers\abstractparserconfigtest.java@org.apache.metron.parsers.abstractparserconfigtest.readschemafromfile(url);False;False;0.9896666666666666;0.010333333333333333
metron-platform\metron-parsers\src\test\java\org\apache\metron\parsers\abstractparserconfigtest.java@org.apache.metron.parsers.abstractparserconfigtest.readtestdatafromfile(string);False;False;0.981;0.019
metron-platform\metron-parsers\src\test\java\org\apache\metron\parsers\abstractparserconfigtest.java@org.apache.metron.parsers.abstractparserconfigtest.setschemajsonstring(string);False;False;1.0;0.0
metron-platform\metron-parsers\src\test\java\org\apache\metron\parsers\abstractparserconfigtest.java@org.apache.metron.parsers.abstractparserconfigtest.validatejsondata(string,string);False;False;0.9034152775648784;0.09658472243512224
metron-platform\metron-parsers\src\test\java\org\apache\metron\parsers\grokparsertest.java@org.apache.metron.parsers.grokparsertest.compare(jsonobject,jsonobject);False;False;0.9034152775648784;0.09658472243512224
metron-platform\metron-parsers\src\test\java\org\apache\metron\parsers\grokparsertest.java@org.apache.metron.parsers.grokparsertest.test();False;False;0.987;0.013
metron-platform\metron-parsers\src\test\java\org\apache\metron\parsers\messageparsertest.java@org.apache.metron.parsers.messageparsertest.parse(byte[]);False;False;0.9034152775648784;0.09658472243512224
metron-platform\metron-parsers\src\test\java\org\apache\metron\parsers\messageparsertest.java@org.apache.metron.parsers.messageparsertest.testnotnullable();False;False;0.9034152775648784;0.09658472243512224
metron-platform\metron-parsers\src\test\java\org\apache\metron\parsers\messageparsertest.java@org.apache.metron.parsers.messageparsertest.testnullable();False;False;0.9034152775648784;0.09658472243512224
metron-platform\metron-parsers\src\test\java\org\apache\metron\parsers\messageparsertest.java@org.apache.metron.parsers.messageparsertest.validate(object);False;False;1.0;0.0
metron-platform\metron-parsers\src\test\java\org\apache\metron\parsers\samplegrokparsertest.java@org.apache.metron.parsers.samplegrokparsertest.getdateformat();False;False;1.0;0.0
metron-platform\metron-parsers\src\test\java\org\apache\metron\parsers\samplegrokparsertest.java@org.apache.metron.parsers.samplegrokparsertest.getgrokpath();False;False;1.0;0.0
metron-platform\metron-parsers\src\test\java\org\apache\metron\parsers\samplegrokparsertest.java@org.apache.metron.parsers.samplegrokparsertest.getgrokpatternlabel();False;False;1.0;0.0
metron-platform\metron-parsers\src\test\java\org\apache\metron\parsers\samplegrokparsertest.java@org.apache.metron.parsers.samplegrokparsertest.gettestdata();False;False;0.994;0.006
metron-platform\metron-parsers\src\test\java\org\apache\metron\parsers\samplegrokparsertest.java@org.apache.metron.parsers.samplegrokparsertest.gettimefields();False;False;1.0;0.0
metron-platform\metron-parsers\src\test\java\org\apache\metron\parsers\samplegrokparsertest.java@org.apache.metron.parsers.samplegrokparsertest.gettimestampfield();False;False;0.9998452442228442;0.00015475577715594964
metron-platform\metron-parsers\src\test\java\org\apache\metron\parsers\settingsloader.java@org.apache.metron.parsers.settingsloader.generatealertsidentifier(jsonobject,jsonobject);False;False;0.9034152775648784;0.09658472243512224
metron-platform\metron-parsers\src\test\java\org\apache\metron\parsers\settingsloader.java@org.apache.metron.parsers.settingsloader.generatetopologyname(jsonobject,jsonobject);False;False;0.9034152775648784;0.09658472243512224
metron-platform\metron-parsers\src\test\java\org\apache\metron\parsers\settingsloader.java@org.apache.metron.parsers.settingsloader.getconfigoptions(propertiesconfiguration,string);False;False;0.9034152775648784;0.09658472243512224
metron-platform\metron-parsers\src\test\java\org\apache\metron\parsers\settingsloader.java@org.apache.metron.parsers.settingsloader.loadenvironmentidnetifier(string);False;False;0.987;0.013
metron-platform\metron-parsers\src\test\java\org\apache\metron\parsers\settingsloader.java@org.apache.metron.parsers.settingsloader.loadknownhosts(string);False;False;0.97;0.03
metron-platform\metron-parsers\src\test\java\org\apache\metron\parsers\settingsloader.java@org.apache.metron.parsers.settingsloader.loadregexalerts(string);False;False;0.996;0.004
metron-platform\metron-parsers\src\test\java\org\apache\metron\parsers\settingsloader.java@org.apache.metron.parsers.settingsloader.loadtopologyidnetifier(string);False;False;0.975;0.025
metron-platform\metron-parsers\src\test\java\org\apache\metron\parsers\settingsloader.java@org.apache.metron.parsers.settingsloader.printconfigoptions(propertiesconfiguration,string);False;False;0.9034152775648784;0.09658472243512224
metron-platform\metron-parsers\src\test\java\org\apache\metron\parsers\settingsloader.java@org.apache.metron.parsers.settingsloader.printoptionalsettings(map);False;False;0.9034152775648784;0.09658472243512224
metron-platform\metron-parsers\src\test\java\org\apache\metron\parsers\snortparsertest.java@org.apache.metron.parsers.snortparsertest.parses_timestamp_as_local_zone_by_default();False;False;0.9855;0.0145
metron-platform\metron-parsers\src\test\java\org\apache\metron\parsers\snortparsertest.java@org.apache.metron.parsers.snortparsertest.testbadmessage();False;False;0.993;0.007
metron-platform\metron-parsers\src\test\java\org\apache\metron\parsers\snortparsertest.java@org.apache.metron.parsers.snortparsertest.testgoodmessage();False;False;0.991;0.009
metron-platform\metron-parsers\src\test\java\org\apache\metron\parsers\snortparsertest.java@org.apache.metron.parsers.snortparsertest.throws_exception_on_bad_config_date_format();False;False;0.999;0.001
metron-platform\metron-parsers\src\test\java\org\apache\metron\parsers\snortparsertest.java@org.apache.metron.parsers.snortparsertest.throws_exception_on_bad_config_timezone();False;False;0.988;0.012
metron-platform\metron-parsers\src\test\java\org\apache\metron\parsers\snortparsertest.java@org.apache.metron.parsers.snortparsertest.uses_configuration_to_parse();False;False;0.999;0.001
metron-platform\metron-parsers\src\test\java\org\apache\metron\parsers\squidparsertest.java@org.apache.metron.parsers.squidparsertest.getdateformat();False;False;1.0;0.0
metron-platform\metron-parsers\src\test\java\org\apache\metron\parsers\squidparsertest.java@org.apache.metron.parsers.squidparsertest.getgrokpath();False;False;1.0;0.0
metron-platform\metron-parsers\src\test\java\org\apache\metron\parsers\squidparsertest.java@org.apache.metron.parsers.squidparsertest.getgrokpatternlabel();False;False;1.0;0.0
metron-platform\metron-parsers\src\test\java\org\apache\metron\parsers\squidparsertest.java@org.apache.metron.parsers.squidparsertest.gettestdata();False;False;0.985;0.015
metron-platform\metron-parsers\src\test\java\org\apache\metron\parsers\squidparsertest.java@org.apache.metron.parsers.squidparsertest.gettimefields();False;False;0.9870016977227632;0.012998302277236747
metron-platform\metron-parsers\src\test\java\org\apache\metron\parsers\squidparsertest.java@org.apache.metron.parsers.squidparsertest.gettimestampfield();False;False;0.9998452442228442;0.00015475577715594964
metron-platform\metron-parsers\src\test\java\org\apache\metron\parsers\yafparsertest.java@org.apache.metron.parsers.yafparsertest.getdateformat();False;False;1.0;0.0
metron-platform\metron-parsers\src\test\java\org\apache\metron\parsers\yafparsertest.java@org.apache.metron.parsers.yafparsertest.getgrokpath();False;False;1.0;0.0
metron-platform\metron-parsers\src\test\java\org\apache\metron\parsers\yafparsertest.java@org.apache.metron.parsers.yafparsertest.getgrokpatternlabel();False;False;1.0;0.0
metron-platform\metron-parsers\src\test\java\org\apache\metron\parsers\yafparsertest.java@org.apache.metron.parsers.yafparsertest.gettestdata();False;False;0.995;0.005
metron-platform\metron-parsers\src\test\java\org\apache\metron\parsers\yafparsertest.java@org.apache.metron.parsers.yafparsertest.gettimefields();False;False;0.9898333333333333;0.010166666666666666
metron-platform\metron-parsers\src\test\java\org\apache\metron\parsers\yafparsertest.java@org.apache.metron.parsers.yafparsertest.gettimestampfield();False;False;0.9998452442228442;0.00015475577715594964
metron-platform\metron-parsers\src\test\java\org\apache\metron\parsers\asa\basicasaparsertest.java@org.apache.metron.parsers.asa.basicasaparsertest.setuponce();False;False;0.965;0.035
metron-platform\metron-parsers\src\test\java\org\apache\metron\parsers\asa\basicasaparsertest.java@org.apache.metron.parsers.asa.basicasaparsertest.testciscofw106006();False;False;0.996;0.004
metron-platform\metron-parsers\src\test\java\org\apache\metron\parsers\asa\basicasaparsertest.java@org.apache.metron.parsers.asa.basicasaparsertest.testciscofw106023();False;False;0.998;0.002
metron-platform\metron-parsers\src\test\java\org\apache\metron\parsers\asa\basicasaparsertest.java@org.apache.metron.parsers.asa.basicasaparsertest.testconfiguredefault();False;False;0.997;0.003
metron-platform\metron-parsers\src\test\java\org\apache\metron\parsers\asa\basicasaparsertest.java@org.apache.metron.parsers.asa.basicasaparsertest.testconfiguretimezoneoffset();False;False;0.999;0.001
metron-platform\metron-parsers\src\test\java\org\apache\metron\parsers\asa\basicasaparsertest.java@org.apache.metron.parsers.asa.basicasaparsertest.testconfiguretimezonetext();False;False;0.999;0.001
metron-platform\metron-parsers\src\test\java\org\apache\metron\parsers\asa\basicasaparsertest.java@org.apache.metron.parsers.asa.basicasaparsertest.testinvalidipaddr();False;False;0.998;0.002
metron-platform\metron-parsers\src\test\java\org\apache\metron\parsers\asa\basicasaparsertest.java@org.apache.metron.parsers.asa.basicasaparsertest.testip6addr();False;False;0.999;0.001
metron-platform\metron-parsers\src\test\java\org\apache\metron\parsers\asa\basicasaparsertest.java@org.apache.metron.parsers.asa.basicasaparsertest.testnopatternfortag();False;False;0.997;0.003
metron-platform\metron-parsers\src\test\java\org\apache\metron\parsers\asa\basicasaparsertest.java@org.apache.metron.parsers.asa.basicasaparsertest.testshorttimestamp();False;False;0.998;0.002
metron-platform\metron-parsers\src\test\java\org\apache\metron\parsers\asa\basicasaparsertest.java@org.apache.metron.parsers.asa.basicasaparsertest.testsysloghost();False;False;1.0;0.0
metron-platform\metron-parsers\src\test\java\org\apache\metron\parsers\asa\basicasaparsertest.java@org.apache.metron.parsers.asa.basicasaparsertest.testsysloghostandprog();False;False;1.0;0.0
metron-platform\metron-parsers\src\test\java\org\apache\metron\parsers\asa\basicasaparsertest.java@org.apache.metron.parsers.asa.basicasaparsertest.testsyslogiphost();False;False;1.0;0.0
metron-platform\metron-parsers\src\test\java\org\apache\metron\parsers\asa\basicasaparsertest.java@org.apache.metron.parsers.asa.basicasaparsertest.testunexpectedmessage();False;False;0.997;0.003
metron-platform\metron-parsers\src\test\java\org\apache\metron\parsers\bolt\parserbolttest.java@org.apache.metron.parsers.bolt.parserbolttest.buildglobalconfig(parserbolt);False;False;0.973;0.027
metron-platform\metron-parsers\src\test\java\org\apache\metron\parsers\bolt\parserbolttest.java@org.apache.metron.parsers.bolt.parserbolttest.buildparserbolt(map,string);True;False;0.9034152775648784;0.09658472243512224
metron-platform\metron-parsers\src\test\java\org\apache\metron\parsers\bolt\parserbolttest.java@org.apache.metron.parsers.bolt.parserbolttest.createupdater();True;False;0.8885;0.1115
metron-platform\metron-parsers\src\test\java\org\apache\metron\parsers\bolt\parserbolttest.java@org.apache.metron.parsers.bolt.parserbolttest.createupdater(optional);False;False;0.9034152775648784;0.09658472243512224
metron-platform\metron-parsers\src\test\java\org\apache\metron\parsers\bolt\parserbolttest.java@org.apache.metron.parsers.bolt.parserbolttest.defaultconfigurations();False;False;0.9034152775648784;0.09658472243512224
metron-platform\metron-parsers\src\test\java\org\apache\metron\parsers\bolt\parserbolttest.java@org.apache.metron.parsers.bolt.parserbolttest.getconfigurationclass();False;False;1.0;0.0
metron-platform\metron-parsers\src\test\java\org\apache\metron\parsers\bolt\parserbolttest.java@org.apache.metron.parsers.bolt.parserbolttest.getname();False;False;1.0;0.0
metron-platform\metron-parsers\src\test\java\org\apache\metron\parsers\bolt\parserbolttest.java@org.apache.metron.parsers.bolt.parserbolttest.getparserconfig();False;False;0.8990833333333333;0.10091666666666667
metron-platform\metron-parsers\src\test\java\org\apache\metron\parsers\bolt\parserbolttest.java@org.apache.metron.parsers.bolt.parserbolttest.getrecords();False;False;0.9034152775648784;0.09658472243512224
metron-platform\metron-parsers\src\test\java\org\apache\metron\parsers\bolt\parserbolttest.java@org.apache.metron.parsers.bolt.parserbolttest.getsensorparserconfig();True;False;0.9034152775648784;0.09658472243512224
metron-platform\metron-parsers\src\test\java\org\apache\metron\parsers\bolt\parserbolttest.java@org.apache.metron.parsers.bolt.parserbolttest.getsensorparserconfig(string);True;False;0.8048333333333334;0.19516666666666665
metron-platform\metron-parsers\src\test\java\org\apache\metron\parsers\bolt\parserbolttest.java@org.apache.metron.parsers.bolt.parserbolttest.gettype();False;False;1.0;0.0
metron-platform\metron-parsers\src\test\java\org\apache\metron\parsers\bolt\parserbolttest.java@org.apache.metron.parsers.bolt.parserbolttest.parse(byte[]);False;False;0.9034152775648784;0.09658472243512224
metron-platform\metron-parsers\src\test\java\org\apache\metron\parsers\bolt\parserbolttest.java@org.apache.metron.parsers.bolt.parserbolttest.test();True;False;0.889;0.111
metron-platform\metron-parsers\src\test\java\org\apache\metron\parsers\bolt\parserbolttest.java@org.apache.metron.parsers.bolt.parserbolttest.testbatchoffive();True;True;0.331;0.669
metron-platform\metron-parsers\src\test\java\org\apache\metron\parsers\bolt\parserbolttest.java@org.apache.metron.parsers.bolt.parserbolttest.testbatchoffivewitherror();True;True;0.3555;0.6445
metron-platform\metron-parsers\src\test\java\org\apache\metron\parsers\bolt\parserbolttest.java@org.apache.metron.parsers.bolt.parserbolttest.testbatchofone();True;False;0.975;0.025
metron-platform\metron-parsers\src\test\java\org\apache\metron\parsers\bolt\parserbolttest.java@org.apache.metron.parsers.bolt.parserbolttest.testdefaultbatchsize();True;False;0.9034152775648784;0.09658472243512224
metron-platform\metron-parsers\src\test\java\org\apache\metron\parsers\bolt\parserbolttest.java@org.apache.metron.parsers.bolt.parserbolttest.testempty();True;False;0.96;0.04
metron-platform\metron-parsers\src\test\java\org\apache\metron\parsers\bolt\parserbolttest.java@org.apache.metron.parsers.bolt.parserbolttest.testfieldtransformationpriortovalidation();True;False;0.9034152775648784;0.09658472243512224
metron-platform\metron-parsers\src\test\java\org\apache\metron\parsers\bolt\parserbolttest.java@org.apache.metron.parsers.bolt.parserbolttest.testfilterfailure();True;False;0.9034152775648784;0.09658472243512224
metron-platform\metron-parsers\src\test\java\org\apache\metron\parsers\bolt\parserbolttest.java@org.apache.metron.parsers.bolt.parserbolttest.testfiltersuccess();True;False;0.9034152775648784;0.09658472243512224
metron-platform\metron-parsers\src\test\java\org\apache\metron\parsers\bolt\parserbolttest.java@org.apache.metron.parsers.bolt.parserbolttest.testimplicitbatchofone();True;False;0.975;0.025
metron-platform\metron-parsers\src\test\java\org\apache\metron\parsers\bolt\parserbolttest.java@org.apache.metron.parsers.bolt.parserbolttest.testinvalid();True;False;0.942;0.058
metron-platform\metron-parsers\src\test\java\org\apache\metron\parsers\bolt\parserbolttest.java@org.apache.metron.parsers.bolt.parserbolttest.testlessrecordsthandefaultbatchsize();True;False;0.9034152775648784;0.09658472243512224
metron-platform\metron-parsers\src\test\java\org\apache\metron\parsers\bolt\parserbolttest.java@org.apache.metron.parsers.bolt.parserbolttest.write(string,writerconfiguration,iterable,list);False;False;0.9034152775648784;0.09658472243512224
metron-platform\metron-parsers\src\test\java\org\apache\metron\parsers\bolt\parserbolttest.java@org.apache.metron.parsers.bolt.parserbolttest.writenonbatch(outputcollector,parserbolt,tuple);False;False;0.9034152775648784;0.09658472243512224
metron-platform\metron-parsers\src\test\java\org\apache\metron\parsers\bolt\parserbolttest.java@org.apache.metron.parsers.bolt.recordingwriter.getname();False;False;0.9851351218008023;0.014864878199197096
metron-platform\metron-parsers\src\test\java\org\apache\metron\parsers\bolt\parserbolttest.java@org.apache.metron.parsers.bolt.recordingwriter.getrecords();False;False;0.992;0.008
metron-platform\metron-parsers\src\test\java\org\apache\metron\parsers\bolt\parserbolttest.java@org.apache.metron.parsers.bolt.recordingwriter.write(string,writerconfiguration,iterable,list);False;False;0.9034152775648784;0.09658472243512224
metron-platform\metron-parsers\src\test\java\org\apache\metron\parsers\bolt\writerbolttest.java@org.apache.metron.parsers.bolt.writerbolttest.getconfigurations(int);False;False;0.9034152775648784;0.09658472243512224
metron-platform\metron-parsers\src\test\java\org\apache\metron\parsers\bolt\writerbolttest.java@org.apache.metron.parsers.bolt.writerbolttest.getparserconfig();False;False;0.9703973780659713;0.029602621934028756
metron-platform\metron-parsers\src\test\java\org\apache\metron\parsers\bolt\writerbolttest.java@org.apache.metron.parsers.bolt.writerbolttest.getsensorparserconfig(string);False;False;0.8073333333333333;0.19266666666666665
metron-platform\metron-parsers\src\test\java\org\apache\metron\parsers\bolt\writerbolttest.java@org.apache.metron.parsers.bolt.writerbolttest.testbatcherrorpath();False;False;0.993;0.007
metron-platform\metron-parsers\src\test\java\org\apache\metron\parsers\bolt\writerbolttest.java@org.apache.metron.parsers.bolt.writerbolttest.testbatcherrorpathexceptioninwrite();False;False;0.986;0.014
metron-platform\metron-parsers\src\test\java\org\apache\metron\parsers\bolt\writerbolttest.java@org.apache.metron.parsers.bolt.writerbolttest.testbatcherrorwritefailure();False;False;0.994;0.006
metron-platform\metron-parsers\src\test\java\org\apache\metron\parsers\bolt\writerbolttest.java@org.apache.metron.parsers.bolt.writerbolttest.testbatchhappypath();False;False;0.99;0.01
metron-platform\metron-parsers\src\test\java\org\apache\metron\parsers\bolt\writerbolttest.java@org.apache.metron.parsers.bolt.writerbolttest.testnonbatcherrorpath();False;False;0.9926666666666666;0.007333333333333333
metron-platform\metron-parsers\src\test\java\org\apache\metron\parsers\bolt\writerbolttest.java@org.apache.metron.parsers.bolt.writerbolttest.testnonbatcherrorpatherrorinwrite();True;False;0.994;0.006
metron-platform\metron-parsers\src\test\java\org\apache\metron\parsers\bolt\writerbolttest.java@org.apache.metron.parsers.bolt.writerbolttest.testnonbatchhappypath();False;False;0.9886666666666666;0.011333333333333334
metron-platform\metron-parsers\src\test\java\org\apache\metron\parsers\bro\basicbroparsertest.java@org.apache.metron.parsers.bro.basicbroparsertest.setup();False;False;0.996;0.004
metron-platform\metron-parsers\src\test\java\org\apache\metron\parsers\bro\basicbroparsertest.java@org.apache.metron.parsers.bro.basicbroparsertest.teardown();False;False;0.996;0.004
metron-platform\metron-parsers\src\test\java\org\apache\metron\parsers\bro\basicbroparsertest.java@org.apache.metron.parsers.bro.basicbroparsertest.testbadmessage();False;False;1.0;0.0
metron-platform\metron-parsers\src\test\java\org\apache\metron\parsers\bro\basicbroparsertest.java@org.apache.metron.parsers.bro.basicbroparsertest.testbadmessagenonjson();False;False;0.9986666666666666;0.0013333333333333333
metron-platform\metron-parsers\src\test\java\org\apache\metron\parsers\bro\basicbroparsertest.java@org.apache.metron.parsers.bro.basicbroparsertest.testcapturelossbromessage();False;False;1.0;0.0
metron-platform\metron-parsers\src\test\java\org\apache\metron\parsers\bro\basicbroparsertest.java@org.apache.metron.parsers.bro.basicbroparsertest.testconnbromessage();False;False;0.999;0.001
metron-platform\metron-parsers\src\test\java\org\apache\metron\parsers\bro\basicbroparsertest.java@org.apache.metron.parsers.bro.basicbroparsertest.testdecimalformatassumptions();False;False;0.986;0.014
metron-platform\metron-parsers\src\test\java\org\apache\metron\parsers\bro\basicbroparsertest.java@org.apache.metron.parsers.bro.basicbroparsertest.testdhcpbromessage();False;False;1.0;0.0
metron-platform\metron-parsers\src\test\java\org\apache\metron\parsers\bro\basicbroparsertest.java@org.apache.metron.parsers.bro.basicbroparsertest.testdnsbromessage();False;False;1.0;0.0
metron-platform\metron-parsers\src\test\java\org\apache\metron\parsers\bro\basicbroparsertest.java@org.apache.metron.parsers.bro.basicbroparsertest.testdpdbromessage();False;False;1.0;0.0
metron-platform\metron-parsers\src\test\java\org\apache\metron\parsers\bro\basicbroparsertest.java@org.apache.metron.parsers.bro.basicbroparsertest.testfilesbromessage();False;False;0.96;0.04
metron-platform\metron-parsers\src\test\java\org\apache\metron\parsers\bro\basicbroparsertest.java@org.apache.metron.parsers.bro.basicbroparsertest.testftpbromessage();False;False;0.999;0.001
metron-platform\metron-parsers\src\test\java\org\apache\metron\parsers\bro\basicbroparsertest.java@org.apache.metron.parsers.bro.basicbroparsertest.testhttpbrodecimalmessage();False;False;1.0;0.0
metron-platform\metron-parsers\src\test\java\org\apache\metron\parsers\bro\basicbroparsertest.java@org.apache.metron.parsers.bro.basicbroparsertest.testhttpbromessage();False;False;1.0;0.0
metron-platform\metron-parsers\src\test\java\org\apache\metron\parsers\bro\basicbroparsertest.java@org.apache.metron.parsers.bro.basicbroparsertest.testhttpbromessagewithzerodecimaltruncation();False;False;0.971;0.029
metron-platform\metron-parsers\src\test\java\org\apache\metron\parsers\bro\basicbroparsertest.java@org.apache.metron.parsers.bro.basicbroparsertest.testknowncertsbromessage();False;False;1.0;0.0
metron-platform\metron-parsers\src\test\java\org\apache\metron\parsers\bro\basicbroparsertest.java@org.apache.metron.parsers.bro.basicbroparsertest.testknowndevicesbromessage();False;False;1.0;0.0
metron-platform\metron-parsers\src\test\java\org\apache\metron\parsers\bro\basicbroparsertest.java@org.apache.metron.parsers.bro.basicbroparsertest.testnoticebromessage();False;False;0.996;0.004
metron-platform\metron-parsers\src\test\java\org\apache\metron\parsers\bro\basicbroparsertest.java@org.apache.metron.parsers.bro.basicbroparsertest.testprotocolkeycleanedup();False;False;0.999;0.001
metron-platform\metron-parsers\src\test\java\org\apache\metron\parsers\bro\basicbroparsertest.java@org.apache.metron.parsers.bro.basicbroparsertest.testradiusbromessagefailed();False;False;1.0;0.0
metron-platform\metron-parsers\src\test\java\org\apache\metron\parsers\bro\basicbroparsertest.java@org.apache.metron.parsers.bro.basicbroparsertest.testradiusbromessagesuccess();False;False;1.0;0.0
metron-platform\metron-parsers\src\test\java\org\apache\metron\parsers\bro\basicbroparsertest.java@org.apache.metron.parsers.bro.basicbroparsertest.testrfbbromessage();False;False;1.0;0.0
metron-platform\metron-parsers\src\test\java\org\apache\metron\parsers\bro\basicbroparsertest.java@org.apache.metron.parsers.bro.basicbroparsertest.testsipbromessage();False;False;1.0;0.0
metron-platform\metron-parsers\src\test\java\org\apache\metron\parsers\bro\basicbroparsertest.java@org.apache.metron.parsers.bro.basicbroparsertest.testsmtpbromessage();False;False;1.0;0.0
metron-platform\metron-parsers\src\test\java\org\apache\metron\parsers\bro\basicbroparsertest.java@org.apache.metron.parsers.bro.basicbroparsertest.testsoftwarebromessage();False;False;1.0;0.0
metron-platform\metron-parsers\src\test\java\org\apache\metron\parsers\bro\basicbroparsertest.java@org.apache.metron.parsers.bro.basicbroparsertest.testsoftwarebromessage2();False;False;1.0;0.0
metron-platform\metron-parsers\src\test\java\org\apache\metron\parsers\bro\basicbroparsertest.java@org.apache.metron.parsers.bro.basicbroparsertest.testsshbromessage();False;False;1.0;0.0
metron-platform\metron-parsers\src\test\java\org\apache\metron\parsers\bro\basicbroparsertest.java@org.apache.metron.parsers.bro.basicbroparsertest.testsslbromessage();False;False;1.0;0.0
metron-platform\metron-parsers\src\test\java\org\apache\metron\parsers\bro\basicbroparsertest.java@org.apache.metron.parsers.bro.basicbroparsertest.teststatsbromessage();False;False;0.998;0.002
metron-platform\metron-parsers\src\test\java\org\apache\metron\parsers\bro\basicbroparsertest.java@org.apache.metron.parsers.bro.basicbroparsertest.testunwrappedbromessage();False;False;0.999;0.001
metron-platform\metron-parsers\src\test\java\org\apache\metron\parsers\bro\basicbroparsertest.java@org.apache.metron.parsers.bro.basicbroparsertest.testweirdbromessage();False;False;1.0;0.0
metron-platform\metron-parsers\src\test\java\org\apache\metron\parsers\bro\basicbroparsertest.java@org.apache.metron.parsers.bro.basicbroparsertest.testx509bromessage();False;False;1.0;0.0
metron-platform\metron-parsers\src\test\java\org\apache\metron\parsers\cef\cefparsertest.java@org.apache.metron.parsers.cef.cefparsertest.parse(string);False;False;0.989;0.011
metron-platform\metron-parsers\src\test\java\org\apache\metron\parsers\cef\cefparsertest.java@org.apache.metron.parsers.cef.cefparsertest.runmissingyear(calendar,calendar);False;False;0.9034152775648784;0.09658472243512224
metron-platform\metron-parsers\src\test\java\org\apache\metron\parsers\cef\cefparsertest.java@org.apache.metron.parsers.cef.cefparsertest.runtest(string,list,string);False;False;0.9034152775648784;0.09658472243512224
metron-platform\metron-parsers\src\test\java\org\apache\metron\parsers\cef\cefparsertest.java@org.apache.metron.parsers.cef.cefparsertest.runtest(string,list,string,string);False;False;0.9034152775648784;0.09658472243512224
metron-platform\metron-parsers\src\test\java\org\apache\metron\parsers\cef\cefparsertest.java@org.apache.metron.parsers.cef.cefparsertest.setup();False;False;0.961;0.039
metron-platform\metron-parsers\src\test\java\org\apache\metron\parsers\cef\cefparsertest.java@org.apache.metron.parsers.cef.cefparsertest.testbasicextensions();False;False;1.0;0.0
metron-platform\metron-parsers\src\test\java\org\apache\metron\parsers\cef\cefparsertest.java@org.apache.metron.parsers.cef.cefparsertest.testbasicheader();False;False;0.9938333333333333;0.006166666666666666
metron-platform\metron-parsers\src\test\java\org\apache\metron\parsers\cef\cefparsertest.java@org.apache.metron.parsers.cef.cefparsertest.testcefparseradallom();False;False;0.9985714285714286;0.0014285714285714286
metron-platform\metron-parsers\src\test\java\org\apache\metron\parsers\cef\cefparsertest.java@org.apache.metron.parsers.cef.cefparsertest.testcefparsercyberark();False;False;0.995;0.005
metron-platform\metron-parsers\src\test\java\org\apache\metron\parsers\cef\cefparsertest.java@org.apache.metron.parsers.cef.cefparsertest.testcefparserwaf();False;False;0.986;0.014
metron-platform\metron-parsers\src\test\java\org\apache\metron\parsers\cef\cefparsertest.java@org.apache.metron.parsers.cef.cefparsertest.testcustomlabelwithspace();False;False;0.992;0.008
metron-platform\metron-parsers\src\test\java\org\apache\metron\parsers\cef\cefparsertest.java@org.apache.metron.parsers.cef.cefparsertest.testescaping();False;False;1.0;0.0
metron-platform\metron-parsers\src\test\java\org\apache\metron\parsers\cef\cefparsertest.java@org.apache.metron.parsers.cef.cefparsertest.testfourdayfuturebecomespast();False;False;0.996;0.004
metron-platform\metron-parsers\src\test\java\org\apache\metron\parsers\cef\cefparsertest.java@org.apache.metron.parsers.cef.cefparsertest.testinvalid();False;False;0.998;0.002
metron-platform\metron-parsers\src\test\java\org\apache\metron\parsers\cef\cefparsertest.java@org.apache.metron.parsers.cef.cefparsertest.testmissingyearfromdate();False;False;0.9966666666666667;0.003333333333333333
metron-platform\metron-parsers\src\test\java\org\apache\metron\parsers\cef\cefparsertest.java@org.apache.metron.parsers.cef.cefparsertest.testpaloaltocef();False;False;0.986;0.014
metron-platform\metron-parsers\src\test\java\org\apache\metron\parsers\cef\cefparsertest.java@org.apache.metron.parsers.cef.cefparsertest.testrtvalueasepochtimestamp();False;False;0.994;0.006
metron-platform\metron-parsers\src\test\java\org\apache\metron\parsers\cef\cefparsertest.java@org.apache.metron.parsers.cef.cefparsertest.testsuccessfulwhencefcontainsjson();False;False;1.0;0.0
metron-platform\metron-parsers\src\test\java\org\apache\metron\parsers\cef\cefparsertest.java@org.apache.metron.parsers.cef.cefparsertest.testtimestamppriority();False;False;0.973;0.027
metron-platform\metron-parsers\src\test\java\org\apache\metron\parsers\cef\cefparsertest.java@org.apache.metron.parsers.cef.cefparsertest.validatejsondata(string,string);False;False;0.9034152775648784;0.09658472243512224
metron-platform\metron-parsers\src\test\java\org\apache\metron\parsers\csv\csvparsertest.java@org.apache.metron.parsers.csv.csvparsertest.test();False;False;0.9034152775648784;0.09658472243512224
metron-platform\metron-parsers\src\test\java\org\apache\metron\parsers\fireeye\basicfireeyeparsertest.java@org.apache.metron.parsers.fireeye.basicfireeyeparsertest.setup();False;False;0.99;0.01
metron-platform\metron-parsers\src\test\java\org\apache\metron\parsers\fireeye\basicfireeyeparsertest.java@org.apache.metron.parsers.fireeye.basicfireeyeparsertest.testparse();False;False;0.9125;0.0875
metron-platform\metron-parsers\src\test\java\org\apache\metron\parsers\fireeye\basicfireeyeparsertest.java@org.apache.metron.parsers.fireeye.basicfireeyeparsertest.testtimestampparsing();False;False;1.0;0.0
metron-platform\metron-parsers\src\test\java\org\apache\metron\parsers\integration\asaintegrationtest.java@org.apache.metron.parsers.integration.asaintegrationtest.getsensortype();False;False;1.0;0.0
metron-platform\metron-parsers\src\test\java\org\apache\metron\parsers\integration\asaintegrationtest.java@org.apache.metron.parsers.integration.asaintegrationtest.getvalidations();False;False;0.999;0.001
metron-platform\metron-parsers\src\test\java\org\apache\metron\parsers\integration\brointegrationtest.java@org.apache.metron.parsers.integration.brointegrationtest.getsensortype();False;False;1.0;0.0
metron-platform\metron-parsers\src\test\java\org\apache\metron\parsers\integration\brointegrationtest.java@org.apache.metron.parsers.integration.brointegrationtest.getvalidations();False;False;1.0;0.0
metron-platform\metron-parsers\src\test\java\org\apache\metron\parsers\integration\jsonmapintegrationtest.java@org.apache.metron.parsers.integration.jsonmapintegrationtest.getsensortype();False;False;1.0;0.0
metron-platform\metron-parsers\src\test\java\org\apache\metron\parsers\integration\jsonmapintegrationtest.java@org.apache.metron.parsers.integration.jsonmapintegrationtest.getvalidations();False;False;1.0;0.0
metron-platform\metron-parsers\src\test\java\org\apache\metron\parsers\integration\jsonmapqueryintegrationtest.java@org.apache.metron.parsers.integration.jsonmapqueryintegrationtest.getsensortype();False;False;1.0;0.0
metron-platform\metron-parsers\src\test\java\org\apache\metron\parsers\integration\jsonmapqueryintegrationtest.java@org.apache.metron.parsers.integration.jsonmapqueryintegrationtest.getvalidations();False;False;0.999;0.001
metron-platform\metron-parsers\src\test\java\org\apache\metron\parsers\integration\parserdriver.java@org.apache.metron.parsers.integration.collectingwriter.collectingwriter(list);False;False;0.9034152775648784;0.09658472243512224
metron-platform\metron-parsers\src\test\java\org\apache\metron\parsers\integration\parserdriver.java@org.apache.metron.parsers.integration.collectingwriter.getname();False;False;0.9851351218008023;0.014864878199197096
metron-platform\metron-parsers\src\test\java\org\apache\metron\parsers\integration\parserdriver.java@org.apache.metron.parsers.integration.collectingwriter.getoutput();False;False;0.9851351218008023;0.014864878199197096
metron-platform\metron-parsers\src\test\java\org\apache\metron\parsers\integration\parserdriver.java@org.apache.metron.parsers.integration.collectingwriter.write(string,writerconfiguration,tuple,jsonobject);False;False;0.9034152775648784;0.09658472243512224
metron-platform\metron-parsers\src\test\java\org\apache\metron\parsers\integration\parserdriver.java@org.apache.metron.parsers.integration.parserdriver.collectingwriter(list);False;False;0.9034152775648784;0.09658472243512224
metron-platform\metron-parsers\src\test\java\org\apache\metron\parsers\integration\parserdriver.java@org.apache.metron.parsers.integration.parserdriver.parserdriver(string,string,string);False;False;0.9034152775648784;0.09658472243512224
metron-platform\metron-parsers\src\test\java\org\apache\metron\parsers\integration\parserdriver.java@org.apache.metron.parsers.integration.parserdriver.shimparserbolt(list);True;False;0.9034152775648784;0.09658472243512224
metron-platform\metron-parsers\src\test\java\org\apache\metron\parsers\integration\parserdriver.java@org.apache.metron.parsers.integration.parserdriver.getconfigurations();False;False;0.9034152775648784;0.09658472243512224
metron-platform\metron-parsers\src\test\java\org\apache\metron\parsers\integration\parserdriver.java@org.apache.metron.parsers.integration.parserdriver.getfieldvalidations();False;False;0.9426035763571523;0.05739642364284733
metron-platform\metron-parsers\src\test\java\org\apache\metron\parsers\integration\parserdriver.java@org.apache.metron.parsers.integration.parserdriver.getglobalconfig();False;False;0.9034152775648784;0.09658472243512224
metron-platform\metron-parsers\src\test\java\org\apache\metron\parsers\integration\parserdriver.java@org.apache.metron.parsers.integration.parserdriver.getname();False;False;1.0;0.0
metron-platform\metron-parsers\src\test\java\org\apache\metron\parsers\integration\parserdriver.java@org.apache.metron.parsers.integration.parserdriver.getoutput();False;False;0.977125;0.022875
metron-platform\metron-parsers\src\test\java\org\apache\metron\parsers\integration\parserdriver.java@org.apache.metron.parsers.integration.parserdriver.getresults();False;False;0.9034152775648784;0.09658472243512224
metron-platform\metron-parsers\src\test\java\org\apache\metron\parsers\integration\parserdriver.java@org.apache.metron.parsers.integration.parserdriver.getsensorparserconfig(string);False;False;0.907;0.093
metron-platform\metron-parsers\src\test\java\org\apache\metron\parsers\integration\parserdriver.java@org.apache.metron.parsers.integration.parserdriver.handleerror(byte[],tuple,throwable,outputcollector);False;False;0.9034152775648784;0.09658472243512224
metron-platform\metron-parsers\src\test\java\org\apache\metron\parsers\integration\parserdriver.java@org.apache.metron.parsers.integration.parserdriver.run(iterable);False;False;0.9034152775648784;0.09658472243512224
metron-platform\metron-parsers\src\test\java\org\apache\metron\parsers\integration\parserdriver.java@org.apache.metron.parsers.integration.parserdriver.run(list);False;False;0.9034152775648784;0.09658472243512224
metron-platform\metron-parsers\src\test\java\org\apache\metron\parsers\integration\parserdriver.java@org.apache.metron.parsers.integration.parserdriver.totuple(byte[]);False;False;0.9034152775648784;0.09658472243512224
metron-platform\metron-parsers\src\test\java\org\apache\metron\parsers\integration\parserdriver.java@org.apache.metron.parsers.integration.parserdriver.write(string,writerconfiguration,tuple,jsonobject);False;False;0.9034152775648784;0.09658472243512224
metron-platform\metron-parsers\src\test\java\org\apache\metron\parsers\integration\parserdriver.java@org.apache.metron.parsers.integration.shimparserbolt.shimparserbolt(list);True;False;0.9034152775648784;0.09658472243512224
metron-platform\metron-parsers\src\test\java\org\apache\metron\parsers\integration\parserdriver.java@org.apache.metron.parsers.integration.shimparserbolt.getconfigurations();False;False;0.9034152775648784;0.09658472243512224
metron-platform\metron-parsers\src\test\java\org\apache\metron\parsers\integration\parserdriver.java@org.apache.metron.parsers.integration.shimparserbolt.getfieldvalidations();False;False;0.9984627192807478;0.0015372807192522392
metron-platform\metron-parsers\src\test\java\org\apache\metron\parsers\integration\parserdriver.java@org.apache.metron.parsers.integration.shimparserbolt.getglobalconfig();False;False;0.9999583333333334;4.1666666666666665e-05
metron-platform\metron-parsers\src\test\java\org\apache\metron\parsers\integration\parserdriver.java@org.apache.metron.parsers.integration.shimparserbolt.getresults();False;False;0.9763428571428572;0.02365714285714286
metron-platform\metron-parsers\src\test\java\org\apache\metron\parsers\integration\parserdriver.java@org.apache.metron.parsers.integration.shimparserbolt.getsensorparserconfig(string);False;False;0.9034152775648784;0.09658472243512224
metron-platform\metron-parsers\src\test\java\org\apache\metron\parsers\integration\parserdriver.java@org.apache.metron.parsers.integration.shimparserbolt.handleerror(byte[],tuple,throwable,outputcollector);False;False;0.9034152775648784;0.09658472243512224
metron-platform\metron-parsers\src\test\java\org\apache\metron\parsers\integration\parserintegrationtest.java@org.apache.metron.parsers.integration.parserintegrationtest.dumpparsedmessages(list,stringbuffer);False;False;0.9034152775648784;0.09658472243512224
metron-platform\metron-parsers\src\test\java\org\apache\metron\parsers\integration\parserintegrationtest.java@org.apache.metron.parsers.integration.parserintegrationtest.readglobalconfig();False;False;0.9839999999999999;0.016
metron-platform\metron-parsers\src\test\java\org\apache\metron\parsers\integration\parserintegrationtest.java@org.apache.metron.parsers.integration.parserintegrationtest.readsensorconfig(string);False;False;0.994;0.006
metron-platform\metron-parsers\src\test\java\org\apache\metron\parsers\integration\parserintegrationtest.java@org.apache.metron.parsers.integration.parserintegrationtest.test();False;False;0.9894;0.0106
metron-platform\metron-parsers\src\test\java\org\apache\metron\parsers\integration\snortintegrationtest.java@org.apache.metron.parsers.integration.snortintegrationtest.getsensortype();False;False;1.0;0.0
metron-platform\metron-parsers\src\test\java\org\apache\metron\parsers\integration\snortintegrationtest.java@org.apache.metron.parsers.integration.snortintegrationtest.getvalidations();False;False;1.0;0.0
metron-platform\metron-parsers\src\test\java\org\apache\metron\parsers\integration\squidintegrationtest.java@org.apache.metron.parsers.integration.squidintegrationtest.getsensortype();False;False;1.0;0.0
metron-platform\metron-parsers\src\test\java\org\apache\metron\parsers\integration\squidintegrationtest.java@org.apache.metron.parsers.integration.squidintegrationtest.getvalidations();False;False;1.0;0.0
metron-platform\metron-parsers\src\test\java\org\apache\metron\parsers\integration\websphereintegrationtest.java@org.apache.metron.parsers.integration.websphereintegrationtest.getsensortype();False;False;0.998;0.002
metron-platform\metron-parsers\src\test\java\org\apache\metron\parsers\integration\websphereintegrationtest.java@org.apache.metron.parsers.integration.websphereintegrationtest.getvalidations();False;False;0.999;0.001
metron-platform\metron-parsers\src\test\java\org\apache\metron\parsers\integration\yafintegrationtest.java@org.apache.metron.parsers.integration.yafintegrationtest.getsensortype();False;False;1.0;0.0
metron-platform\metron-parsers\src\test\java\org\apache\metron\parsers\integration\yafintegrationtest.java@org.apache.metron.parsers.integration.yafintegrationtest.getvalidations();False;False;1.0;0.0
metron-platform\metron-parsers\src\test\java\org\apache\metron\parsers\integration\components\parsertopologycomponent.java@org.apache.metron.parsers.integration.components.builder.build();True;False;0.9271158730158728;0.07288412698412704
metron-platform\metron-parsers\src\test\java\org\apache\metron\parsers\integration\components\parsertopologycomponent.java@org.apache.metron.parsers.integration.components.builder.withbrokerurl(string);True;False;0.9034152775648784;0.09658472243512224
metron-platform\metron-parsers\src\test\java\org\apache\metron\parsers\integration\components\parsertopologycomponent.java@org.apache.metron.parsers.integration.components.builder.witherrortopic(string);False;False;0.9034152775648784;0.09658472243512224
metron-platform\metron-parsers\src\test\java\org\apache\metron\parsers\integration\components\parsertopologycomponent.java@org.apache.metron.parsers.integration.components.builder.withoutputtopic(string);False;False;0.9034152775648784;0.09658472243512224
metron-platform\metron-parsers\src\test\java\org\apache\metron\parsers\integration\components\parsertopologycomponent.java@org.apache.metron.parsers.integration.components.builder.withsensortype(string);True;False;0.9034152775648784;0.09658472243512224
metron-platform\metron-parsers\src\test\java\org\apache\metron\parsers\integration\components\parsertopologycomponent.java@org.apache.metron.parsers.integration.components.builder.withsensortypes(list);True;False;0.9034152775648784;0.09658472243512224
metron-platform\metron-parsers\src\test\java\org\apache\metron\parsers\integration\components\parsertopologycomponent.java@org.apache.metron.parsers.integration.components.builder.withtopologyproperties(properties);False;False;0.9034152775648784;0.09658472243512224
metron-platform\metron-parsers\src\test\java\org\apache\metron\parsers\integration\components\parsertopologycomponent.java@org.apache.metron.parsers.integration.components.parsertopologycomponent.parsertopologycomponent(properties,string,list,string,string);True;False;0.9034152775648784;0.09658472243512224
metron-platform\metron-parsers\src\test\java\org\apache\metron\parsers\integration\components\parsertopologycomponent.java@org.apache.metron.parsers.integration.components.parsertopologycomponent.parsertopologycomponent(properties,string,string,string,string);True;False;0.9034152775648784;0.09658472243512224
metron-platform\metron-parsers\src\test\java\org\apache\metron\parsers\integration\components\parsertopologycomponent.java@org.apache.metron.parsers.integration.components.parsertopologycomponent.build();True;False;0.9034152775648784;0.09658472243512224
metron-platform\metron-parsers\src\test\java\org\apache\metron\parsers\integration\components\parsertopologycomponent.java@org.apache.metron.parsers.integration.components.parsertopologycomponent.gettopologyname();True;False;0.9034152775648784;0.09658472243512224
metron-platform\metron-parsers\src\test\java\org\apache\metron\parsers\integration\components\parsertopologycomponent.java@org.apache.metron.parsers.integration.components.parsertopologycomponent.killtopology();True;False;0.9034152775648784;0.09658472243512224
metron-platform\metron-parsers\src\test\java\org\apache\metron\parsers\integration\components\parsertopologycomponent.java@org.apache.metron.parsers.integration.components.parsertopologycomponent.reset();False;False;1.0;0.0
metron-platform\metron-parsers\src\test\java\org\apache\metron\parsers\integration\components\parsertopologycomponent.java@org.apache.metron.parsers.integration.components.parsertopologycomponent.start();True;False;0.9034152775648784;0.09658472243512224
metron-platform\metron-parsers\src\test\java\org\apache\metron\parsers\integration\components\parsertopologycomponent.java@org.apache.metron.parsers.integration.components.parsertopologycomponent.stop();False;False;0.9034152775648784;0.09658472243512224
metron-platform\metron-parsers\src\test\java\org\apache\metron\parsers\integration\components\parsertopologycomponent.java@org.apache.metron.parsers.integration.components.parsertopologycomponent.updatesensortype(string);True;False;0.9885056193806195;0.011494380619380622
metron-platform\metron-parsers\src\test\java\org\apache\metron\parsers\integration\components\parsertopologycomponent.java@org.apache.metron.parsers.integration.components.parsertopologycomponent.updatesensortypes(list);True;False;0.9034152775648784;0.09658472243512224
metron-platform\metron-parsers\src\test\java\org\apache\metron\parsers\integration\components\parsertopologycomponent.java@org.apache.metron.parsers.integration.components.parsertopologycomponent.withbrokerurl(string);True;False;1.0;0.0
metron-platform\metron-parsers\src\test\java\org\apache\metron\parsers\integration\components\parsertopologycomponent.java@org.apache.metron.parsers.integration.components.parsertopologycomponent.witherrortopic(string);False;False;1.0;0.0
metron-platform\metron-parsers\src\test\java\org\apache\metron\parsers\integration\components\parsertopologycomponent.java@org.apache.metron.parsers.integration.components.parsertopologycomponent.withoutputtopic(string);False;False;1.0;0.0
metron-platform\metron-parsers\src\test\java\org\apache\metron\parsers\integration\components\parsertopologycomponent.java@org.apache.metron.parsers.integration.components.parsertopologycomponent.withsensortype(string);True;False;1.0;0.0
metron-platform\metron-parsers\src\test\java\org\apache\metron\parsers\integration\components\parsertopologycomponent.java@org.apache.metron.parsers.integration.components.parsertopologycomponent.withsensortypes(list);True;False;0.9034152775648784;0.09658472243512224
metron-platform\metron-parsers\src\test\java\org\apache\metron\parsers\integration\components\parsertopologycomponent.java@org.apache.metron.parsers.integration.components.parsertopologycomponent.withtopologyproperties(properties);False;False;0.998;0.002
metron-platform\metron-parsers\src\test\java\org\apache\metron\parsers\integration\validation\sampledatavalidation.java@org.apache.metron.parsers.integration.validation.sampledatavalidation.getname();False;False;0.999;0.001
metron-platform\metron-parsers\src\test\java\org\apache\metron\parsers\integration\validation\sampledatavalidation.java@org.apache.metron.parsers.integration.validation.sampledatavalidation.validate(string,list);False;False;0.9034152775648784;0.09658472243512224
metron-platform\metron-parsers\src\test\java\org\apache\metron\parsers\ise\basiciseparsertest.java@org.apache.metron.parsers.ise.basiciseparsertest.setup();False;False;0.985;0.015
metron-platform\metron-parsers\src\test\java\org\apache\metron\parsers\ise\basiciseparsertest.java@org.apache.metron.parsers.ise.basiciseparsertest.testparse();False;False;0.997;0.003
metron-platform\metron-parsers\src\test\java\org\apache\metron\parsers\json\jsonmapparserquerytest.java@org.apache.metron.parsers.json.jsonmapparserquerytest.testcollectionhandlingallow();False;False;0.999;0.001
metron-platform\metron-parsers\src\test\java\org\apache\metron\parsers\json\jsonmapparserquerytest.java@org.apache.metron.parsers.json.jsonmapparserquerytest.testcollectionhandlingdrop();False;False;0.987;0.013
metron-platform\metron-parsers\src\test\java\org\apache\metron\parsers\json\jsonmapparserquerytest.java@org.apache.metron.parsers.json.jsonmapparserquerytest.testcollectionhandlingerror();False;False;0.981;0.019
metron-platform\metron-parsers\src\test\java\org\apache\metron\parsers\json\jsonmapparserquerytest.java@org.apache.metron.parsers.json.jsonmapparserquerytest.testcollectionhandlingunfold();False;False;0.998;0.002
metron-platform\metron-parsers\src\test\java\org\apache\metron\parsers\json\jsonmapparserquerytest.java@org.apache.metron.parsers.json.jsonmapparserquerytest.testhappypath();False;False;0.948;0.052
metron-platform\metron-parsers\src\test\java\org\apache\metron\parsers\json\jsonmapparserquerytest.java@org.apache.metron.parsers.json.jsonmapparserquerytest.testinvalidjsonpaththrows();False;False;0.9923333333333334;0.007666666666666666
metron-platform\metron-parsers\src\test\java\org\apache\metron\parsers\json\jsonmapparserquerytest.java@org.apache.metron.parsers.json.jsonmapparserquerytest.testnomatchesnoexceptions();False;False;0.9843333333333334;0.015666666666666666
metron-platform\metron-parsers\src\test\java\org\apache\metron\parsers\json\jsonmapparsertest.java@org.apache.metron.parsers.json.jsonmapparsertest.testcollectionhandlingallow();False;False;0.997;0.003
metron-platform\metron-parsers\src\test\java\org\apache\metron\parsers\json\jsonmapparsertest.java@org.apache.metron.parsers.json.jsonmapparsertest.testcollectionhandlingdrop();False;False;0.989;0.011
metron-platform\metron-parsers\src\test\java\org\apache\metron\parsers\json\jsonmapparsertest.java@org.apache.metron.parsers.json.jsonmapparsertest.testcollectionhandlingerror();False;False;0.997;0.003
metron-platform\metron-parsers\src\test\java\org\apache\metron\parsers\json\jsonmapparsertest.java@org.apache.metron.parsers.json.jsonmapparsertest.testcollectionhandlingunfold();False;False;0.999;0.001
metron-platform\metron-parsers\src\test\java\org\apache\metron\parsers\json\jsonmapparsertest.java@org.apache.metron.parsers.json.jsonmapparsertest.testhappypath();False;False;0.998;0.002
metron-platform\metron-parsers\src\test\java\org\apache\metron\parsers\json\jsonmapparsertest.java@org.apache.metron.parsers.json.jsonmapparsertest.testmixedcollectionhandlingunfold();False;False;0.9975;0.0025
metron-platform\metron-parsers\src\test\java\org\apache\metron\parsers\lancope\basiclancopeparsertest.java@org.apache.metron.parsers.lancope.basiclancopeparsertest.setup();False;False;0.974;0.026
metron-platform\metron-parsers\src\test\java\org\apache\metron\parsers\lancope\basiclancopeparsertest.java@org.apache.metron.parsers.lancope.basiclancopeparsertest.testparse();False;False;0.997;0.003
metron-platform\metron-parsers\src\test\java\org\apache\metron\parsers\paloalto\basicpaloaltofirewallparsertest.java@org.apache.metron.parsers.paloalto.basicpaloaltofirewallparsertest.setup();False;False;0.996;0.004
metron-platform\metron-parsers\src\test\java\org\apache\metron\parsers\paloalto\basicpaloaltofirewallparsertest.java@org.apache.metron.parsers.paloalto.basicpaloaltofirewallparsertest.testparsethreat60();False;False;0.936;0.064
metron-platform\metron-parsers\src\test\java\org\apache\metron\parsers\paloalto\basicpaloaltofirewallparsertest.java@org.apache.metron.parsers.paloalto.basicpaloaltofirewallparsertest.testparsethreat70();False;False;0.946;0.054
metron-platform\metron-parsers\src\test\java\org\apache\metron\parsers\paloalto\basicpaloaltofirewallparsertest.java@org.apache.metron.parsers.paloalto.basicpaloaltofirewallparsertest.testparsethreat71();False;False;0.946;0.054
metron-platform\metron-parsers\src\test\java\org\apache\metron\parsers\paloalto\basicpaloaltofirewallparsertest.java@org.apache.metron.parsers.paloalto.basicpaloaltofirewallparsertest.testparsethreat80();False;False;0.936;0.064
metron-platform\metron-parsers\src\test\java\org\apache\metron\parsers\paloalto\basicpaloaltofirewallparsertest.java@org.apache.metron.parsers.paloalto.basicpaloaltofirewallparsertest.testparsetraffic60();False;False;0.936;0.064
metron-platform\metron-parsers\src\test\java\org\apache\metron\parsers\paloalto\basicpaloaltofirewallparsertest.java@org.apache.metron.parsers.paloalto.basicpaloaltofirewallparsertest.testparsetraffic70();False;False;0.946;0.054
metron-platform\metron-parsers\src\test\java\org\apache\metron\parsers\paloalto\basicpaloaltofirewallparsertest.java@org.apache.metron.parsers.paloalto.basicpaloaltofirewallparsertest.testparsetraffic71();False;False;0.94;0.06
metron-platform\metron-parsers\src\test\java\org\apache\metron\parsers\paloalto\basicpaloaltofirewallparsertest.java@org.apache.metron.parsers.paloalto.basicpaloaltofirewallparsertest.testparsetraffic80();False;False;0.937;0.063
metron-platform\metron-parsers\src\test\java\org\apache\metron\parsers\sourcefire\basicsourcefireparsertest.java@org.apache.metron.parsers.sourcefire.basicsourcefireparsertest.setup();False;False;0.863;0.137
metron-platform\metron-parsers\src\test\java\org\apache\metron\parsers\sourcefire\basicsourcefireparsertest.java@org.apache.metron.parsers.sourcefire.basicsourcefireparsertest.testparse();False;False;0.882;0.118
metron-platform\metron-parsers\src\test\java\org\apache\metron\parsers\topology\parsertopologyclitest.java@org.apache.metron.parsers.topology.clibuilder.build(boolean);False;False;0.9034152775648784;0.09658472243512224
metron-platform\metron-parsers\src\test\java\org\apache\metron\parsers\topology\parsertopologyclitest.java@org.apache.metron.parsers.topology.clibuilder.getcli(enummap,boolean);False;False;0.9034152775648784;0.09658472243512224
metron-platform\metron-parsers\src\test\java\org\apache\metron\parsers\topology\parsertopologyclitest.java@org.apache.metron.parsers.topology.clibuilder.with(parsertopologycli);False;False;0.9034152775648784;0.09658472243512224
metron-platform\metron-parsers\src\test\java\org\apache\metron\parsers\topology\parsertopologyclitest.java@org.apache.metron.parsers.topology.clibuilder.with(parsertopologycli,string);False;False;0.9034152775648784;0.09658472243512224
metron-platform\metron-parsers\src\test\java\org\apache\metron\parsers\topology\parsertopologyclitest.java@org.apache.metron.parsers.topology.parserinput.parserinput(valuesupplier,valuesupplier,valuesupplier,valuesupplier,valuesupplier,valuesupplier,valuesupplier,valuesupplier,valuesupplier,valuesupplier,valuesupplier,list);True;False;0.9034152775648784;0.09658472243512224
metron-platform\metron-parsers\src\test\java\org\apache\metron\parsers\topology\parsertopologyclitest.java@org.apache.metron.parsers.topology.parserinput.parserinput(valuesupplier,valuesupplier,valuesupplier,valuesupplier,valuesupplier,valuesupplier,valuesupplier,valuesupplier,valuesupplier,valuesupplier,valuesupplier,sensorparserconfig);True;False;0.9034152775648784;0.09658472243512224
metron-platform\metron-parsers\src\test\java\org\apache\metron\parsers\topology\parsertopologyclitest.java@org.apache.metron.parsers.topology.parserinput.geterrornumtasks();False;False;0.9974114555216027;0.00258854447839742
metron-platform\metron-parsers\src\test\java\org\apache\metron\parsers\topology\parsertopologyclitest.java@org.apache.metron.parsers.topology.parserinput.geterrorparallelism();False;False;0.983;0.017
metron-platform\metron-parsers\src\test\java\org\apache\metron\parsers\topology\parsertopologyclitest.java@org.apache.metron.parsers.topology.parserinput.geterrortopic();False;False;1.0;0.0
metron-platform\metron-parsers\src\test\java\org\apache\metron\parsers\topology\parsertopologyclitest.java@org.apache.metron.parsers.topology.parserinput.getoutputtopic();False;False;0.9851351218008023;0.014864878199197096
metron-platform\metron-parsers\src\test\java\org\apache\metron\parsers\topology\parsertopologyclitest.java@org.apache.metron.parsers.topology.parserinput.getparsernumtasks();False;False;0.9851351218008023;0.014864878199197096
metron-platform\metron-parsers\src\test\java\org\apache\metron\parsers\topology\parsertopologyclitest.java@org.apache.metron.parsers.topology.parserinput.getparserparallelism();False;False;0.9851351218008023;0.014864878199197096
metron-platform\metron-parsers\src\test\java\org\apache\metron\parsers\topology\parsertopologyclitest.java@org.apache.metron.parsers.topology.parserinput.getsecurityprotocol();False;False;0.9851351218008023;0.014864878199197096
metron-platform\metron-parsers\src\test\java\org\apache\metron\parsers\topology\parsertopologyclitest.java@org.apache.metron.parsers.topology.parserinput.getspoutconfig();False;False;1.0;0.0
metron-platform\metron-parsers\src\test\java\org\apache\metron\parsers\topology\parsertopologyclitest.java@org.apache.metron.parsers.topology.parserinput.getspoutnumtasks();False;False;0.9974114555216027;0.00258854447839742
metron-platform\metron-parsers\src\test\java\org\apache\metron\parsers\topology\parsertopologyclitest.java@org.apache.metron.parsers.topology.parserinput.getspoutparallelism();False;False;0.983;0.017
metron-platform\metron-parsers\src\test\java\org\apache\metron\parsers\topology\parsertopologyclitest.java@org.apache.metron.parsers.topology.parserinput.getstormconf();False;True;0.38;0.62
metron-platform\metron-parsers\src\test\java\org\apache\metron\parsers\topology\parsertopologyclitest.java@org.apache.metron.parsers.topology.parsertopologyclitest.parserinput(valuesupplier,valuesupplier,valuesupplier,valuesupplier,valuesupplier,valuesupplier,valuesupplier,valuesupplier,valuesupplier,valuesupplier,valuesupplier,list);True;False;0.9034152775648784;0.09658472243512224
metron-platform\metron-parsers\src\test\java\org\apache\metron\parsers\topology\parsertopologyclitest.java@org.apache.metron.parsers.topology.parsertopologyclitest.parserinput(valuesupplier,valuesupplier,valuesupplier,valuesupplier,valuesupplier,valuesupplier,valuesupplier,valuesupplier,valuesupplier,valuesupplier,valuesupplier,sensorparserconfig);True;False;0.9034152775648784;0.09658472243512224
metron-platform\metron-parsers\src\test\java\org\apache\metron\parsers\topology\parsertopologyclitest.java@org.apache.metron.parsers.topology.parsertopologyclitest.build(boolean);False;False;0.9977285714285714;0.0022714285714285714
metron-platform\metron-parsers\src\test\java\org\apache\metron\parsers\topology\parsertopologyclitest.java@org.apache.metron.parsers.topology.parsertopologyclitest.getbaseconfig();False;False;0.9034152775648784;0.09658472243512224
metron-platform\metron-parsers\src\test\java\org\apache\metron\parsers\topology\parsertopologyclitest.java@org.apache.metron.parsers.topology.parsertopologyclitest.getcli(enummap,boolean);False;False;0.9034152775648784;0.09658472243512224
metron-platform\metron-parsers\src\test\java\org\apache\metron\parsers\topology\parsertopologyclitest.java@org.apache.metron.parsers.topology.parsertopologyclitest.geterrornumtasks();False;False;0.9034152775648784;0.09658472243512224
metron-platform\metron-parsers\src\test\java\org\apache\metron\parsers\topology\parsertopologyclitest.java@org.apache.metron.parsers.topology.parsertopologyclitest.geterrorparallelism();False;False;0.9034152775648784;0.09658472243512224
metron-platform\metron-parsers\src\test\java\org\apache\metron\parsers\topology\parsertopologyclitest.java@org.apache.metron.parsers.topology.parsertopologyclitest.geterrortopic();False;False;0.9034152775648784;0.09658472243512224
metron-platform\metron-parsers\src\test\java\org\apache\metron\parsers\topology\parsertopologyclitest.java@org.apache.metron.parsers.topology.parsertopologyclitest.getinput(commandline,list);True;False;0.9034152775648784;0.09658472243512224
metron-platform\metron-parsers\src\test\java\org\apache\metron\parsers\topology\parsertopologyclitest.java@org.apache.metron.parsers.topology.parsertopologyclitest.getinput(commandline,sensorparserconfig);True;False;0.9034152775648784;0.09658472243512224
metron-platform\metron-parsers\src\test\java\org\apache\metron\parsers\topology\parsertopologyclitest.java@org.apache.metron.parsers.topology.parsertopologyclitest.getoutputtopic();False;False;1.0;0.0
metron-platform\metron-parsers\src\test\java\org\apache\metron\parsers\topology\parsertopologyclitest.java@org.apache.metron.parsers.topology.parsertopologyclitest.getparsernumtasks();False;False;0.9983971834752796;0.0016028165247205495
metron-platform\metron-parsers\src\test\java\org\apache\metron\parsers\topology\parsertopologyclitest.java@org.apache.metron.parsers.topology.parsertopologyclitest.getparserparallelism();False;False;1.0;0.0
metron-platform\metron-parsers\src\test\java\org\apache\metron\parsers\topology\parsertopologyclitest.java@org.apache.metron.parsers.topology.parsertopologyclitest.getparsertopology(string,optional,list,valuesupplier,valuesupplier,valuesupplier,valuesupplier,valuesupplier,valuesupplier,valuesupplier,valuesupplier,valuesupplier,valuesupplier,valuesupplier);True;False;0.9034152775648784;0.09658472243512224
metron-platform\metron-parsers\src\test\java\org\apache\metron\parsers\topology\parsertopologyclitest.java@org.apache.metron.parsers.topology.parsertopologyclitest.getparsertopology(string,optional,string,valuesupplier,valuesupplier,valuesupplier,valuesupplier,valuesupplier,valuesupplier,valuesupplier,valuesupplier,valuesupplier,valuesupplier,valuesupplier);True;False;0.9034152775648784;0.09658472243512224
metron-platform\metron-parsers\src\test\java\org\apache\metron\parsers\topology\parsertopologyclitest.java@org.apache.metron.parsers.topology.parsertopologyclitest.getsecurityprotocol();False;False;1.0;0.0
metron-platform\metron-parsers\src\test\java\org\apache\metron\parsers\topology\parsertopologyclitest.java@org.apache.metron.parsers.topology.parsertopologyclitest.getspoutconfig();False;False;0.9034152775648784;0.09658472243512224
metron-platform\metron-parsers\src\test\java\org\apache\metron\parsers\topology\parsertopologyclitest.java@org.apache.metron.parsers.topology.parsertopologyclitest.getspoutnumtasks();False;False;0.9034152775648784;0.09658472243512224
metron-platform\metron-parsers\src\test\java\org\apache\metron\parsers\topology\parsertopologyclitest.java@org.apache.metron.parsers.topology.parsertopologyclitest.getspoutparallelism();False;False;0.8620777636770574;0.13792223632294254
metron-platform\metron-parsers\src\test\java\org\apache\metron\parsers\topology\parsertopologyclitest.java@org.apache.metron.parsers.topology.parsertopologyclitest.getstormconf();False;False;0.9034152775648784;0.09658472243512224
metron-platform\metron-parsers\src\test\java\org\apache\metron\parsers\topology\parsertopologyclitest.java@org.apache.metron.parsers.topology.parsertopologyclitest.happypath(boolean);True;False;0.99725;0.00275
metron-platform\metron-parsers\src\test\java\org\apache\metron\parsers\topology\parsertopologyclitest.java@org.apache.metron.parsers.topology.parsertopologyclitest.kafkaoffset(boolean);True;False;0.99725;0.00275
metron-platform\metron-parsers\src\test\java\org\apache\metron\parsers\topology\parsertopologyclitest.java@org.apache.metron.parsers.topology.parsertopologyclitest.testcli_happypath();False;False;0.9977;0.0023
metron-platform\metron-parsers\src\test\java\org\apache\metron\parsers\topology\parsertopologyclitest.java@org.apache.metron.parsers.topology.parsertopologyclitest.testcli_insufficientarg();False;False;0.871;0.129
metron-platform\metron-parsers\src\test\java\org\apache\metron\parsers\topology\parsertopologyclitest.java@org.apache.metron.parsers.topology.parsertopologyclitest.testconfigoption(enummap,predicate,supplier,predicate);True;False;0.9034152775648784;0.09658472243512224
metron-platform\metron-parsers\src\test\java\org\apache\metron\parsers\topology\parsertopologyclitest.java@org.apache.metron.parsers.topology.parsertopologyclitest.testconfigoption(parsertopologycli,string,predicate,supplier,predicate);True;False;0.9034152775648784;0.09658472243512224
metron-platform\metron-parsers\src\test\java\org\apache\metron\parsers\topology\parsertopologyclitest.java@org.apache.metron.parsers.topology.parsertopologyclitest.testconfig_extra();False;False;0.999;0.001
metron-platform\metron-parsers\src\test\java\org\apache\metron\parsers\topology\parsertopologyclitest.java@org.apache.metron.parsers.topology.parsertopologyclitest.testconfig_extra(boolean);True;False;0.988;0.012
metron-platform\metron-parsers\src\test\java\org\apache\metron\parsers\topology\parsertopologyclitest.java@org.apache.metron.parsers.topology.parsertopologyclitest.testconfig_noextra();False;False;0.999;0.001
metron-platform\metron-parsers\src\test\java\org\apache\metron\parsers\topology\parsertopologyclitest.java@org.apache.metron.parsers.topology.parsertopologyclitest.testconfig_noextra(boolean);True;False;0.998;0.002
metron-platform\metron-parsers\src\test\java\org\apache\metron\parsers\topology\parsertopologyclitest.java@org.apache.metron.parsers.topology.parsertopologyclitest.testerrornumtasks();True;False;0.9034152775648784;0.09658472243512224
metron-platform\metron-parsers\src\test\java\org\apache\metron\parsers\topology\parsertopologyclitest.java@org.apache.metron.parsers.topology.parsertopologyclitest.testerrorparallelism();True;False;0.9034152775648784;0.09658472243512224
metron-platform\metron-parsers\src\test\java\org\apache\metron\parsers\topology\parsertopologyclitest.java@org.apache.metron.parsers.topology.parsertopologyclitest.testkafkaoffset_happypath();False;False;0.9977;0.0023
metron-platform\metron-parsers\src\test\java\org\apache\metron\parsers\topology\parsertopologyclitest.java@org.apache.metron.parsers.topology.parsertopologyclitest.testnooverlappingargs();False;False;0.9506666666666667;0.04933333333333333
metron-platform\metron-parsers\src\test\java\org\apache\metron\parsers\topology\parsertopologyclitest.java@org.apache.metron.parsers.topology.parsertopologyclitest.testoutputtopic();False;False;0.999;0.001
metron-platform\metron-parsers\src\test\java\org\apache\metron\parsers\topology\parsertopologyclitest.java@org.apache.metron.parsers.topology.parsertopologyclitest.testoutputtopic(boolean);True;False;0.991;0.009
metron-platform\metron-parsers\src\test\java\org\apache\metron\parsers\topology\parsertopologyclitest.java@org.apache.metron.parsers.topology.parsertopologyclitest.testparsernumtasks();True;False;0.9034152775648784;0.09658472243512224
metron-platform\metron-parsers\src\test\java\org\apache\metron\parsers\topology\parsertopologyclitest.java@org.apache.metron.parsers.topology.parsertopologyclitest.testparsernumtasksmultiple();True;False;0.9034152775648784;0.09658472243512224
metron-platform\metron-parsers\src\test\java\org\apache\metron\parsers\topology\parsertopologyclitest.java@org.apache.metron.parsers.topology.parsertopologyclitest.testparserparallelism();True;False;0.9034152775648784;0.09658472243512224
metron-platform\metron-parsers\src\test\java\org\apache\metron\parsers\topology\parsertopologyclitest.java@org.apache.metron.parsers.topology.parsertopologyclitest.testparserparallelismmultiple();True;False;0.9034152775648784;0.09658472243512224
metron-platform\metron-parsers\src\test\java\org\apache\metron\parsers\topology\parsertopologyclitest.java@org.apache.metron.parsers.topology.parsertopologyclitest.testsecurityprotocol_fromcli();True;False;0.9034152775648784;0.09658472243512224
metron-platform\metron-parsers\src\test\java\org\apache\metron\parsers\topology\parsertopologyclitest.java@org.apache.metron.parsers.topology.parsertopologyclitest.testsecurityprotocol_fromclimultiplemixed();True;False;0.9034152775648784;0.09658472243512224
metron-platform\metron-parsers\src\test\java\org\apache\metron\parsers\topology\parsertopologyclitest.java@org.apache.metron.parsers.topology.parsertopologyclitest.testsecurityprotocol_fromclimultipleuniform();True;False;0.9034152775648784;0.09658472243512224
metron-platform\metron-parsers\src\test\java\org\apache\metron\parsers\topology\parsertopologyclitest.java@org.apache.metron.parsers.topology.parsertopologyclitest.testsecurityprotocol_fromspout();True;False;0.9034152775648784;0.09658472243512224
metron-platform\metron-parsers\src\test\java\org\apache\metron\parsers\topology\parsertopologyclitest.java@org.apache.metron.parsers.topology.parsertopologyclitest.testspoutconfig();True;False;0.9034152775648784;0.09658472243512224
metron-platform\metron-parsers\src\test\java\org\apache\metron\parsers\topology\parsertopologyclitest.java@org.apache.metron.parsers.topology.parsertopologyclitest.testspoutnumtasks();True;False;0.9034152775648784;0.09658472243512224
metron-platform\metron-parsers\src\test\java\org\apache\metron\parsers\topology\parsertopologyclitest.java@org.apache.metron.parsers.topology.parsertopologyclitest.testspoutnumtasksmultiple();True;False;0.9034152775648784;0.09658472243512224
metron-platform\metron-parsers\src\test\java\org\apache\metron\parsers\topology\parsertopologyclitest.java@org.apache.metron.parsers.topology.parsertopologyclitest.testspoutparallelism();True;False;0.9034152775648784;0.09658472243512224
metron-platform\metron-parsers\src\test\java\org\apache\metron\parsers\topology\parsertopologyclitest.java@org.apache.metron.parsers.topology.parsertopologyclitest.testspoutparallelismmultiple();True;False;0.9034152775648784;0.09658472243512224
metron-platform\metron-parsers\src\test\java\org\apache\metron\parsers\topology\parsertopologyclitest.java@org.apache.metron.parsers.topology.parsertopologyclitest.testtopologyconfig();True;False;0.9034152775648784;0.09658472243512224
metron-platform\metron-parsers\src\test\java\org\apache\metron\parsers\topology\parsertopologyclitest.java@org.apache.metron.parsers.topology.parsertopologyclitest.testtopologyconfig_fromconfigexplicitly();True;False;0.9034152775648784;0.09658472243512224
metron-platform\metron-parsers\src\test\java\org\apache\metron\parsers\topology\parsertopologyclitest.java@org.apache.metron.parsers.topology.parsertopologyclitest.with(parsertopologycli);False;False;0.9034152775648784;0.09658472243512224
metron-platform\metron-parsers\src\test\java\org\apache\metron\parsers\topology\parsertopologyclitest.java@org.apache.metron.parsers.topology.parsertopologyclitest.with(parsertopologycli,string);False;False;0.9034152775648784;0.09658472243512224
metron-platform\metron-parsers\src\test\java\org\apache\metron\parsers\topology\parsertopologyclitest.java@org.apache.metron.parsers.topology.parsertopologyclitest.writemap(file,map);False;False;0.9034152775648784;0.09658472243512224
metron-platform\metron-parsers\src\test\java\org\apache\metron\parsers\utils\parserutilstest.java@org.apache.metron.parsers.utils.parserutilstest.testconverttoepoch();False;False;0.996;0.004
metron-platform\metron-parsers\src\test\java\org\apache\metron\parsers\utils\syslogutilstest.java@org.apache.metron.parsers.utils.syslogutilstest.getparsedepochmillis(string);False;False;0.9921666666666668;0.007833333333333333
metron-platform\metron-parsers\src\test\java\org\apache\metron\parsers\utils\syslogutilstest.java@org.apache.metron.parsers.utils.syslogutilstest.testciscotimestamp();False;False;1.0;0.0
metron-platform\metron-parsers\src\test\java\org\apache\metron\parsers\utils\syslogutilstest.java@org.apache.metron.parsers.utils.syslogutilstest.testrfc3164timestamp();False;False;0.99;0.01
metron-platform\metron-parsers\src\test\java\org\apache\metron\parsers\utils\syslogutilstest.java@org.apache.metron.parsers.utils.syslogutilstest.testrfc3164timestampbackdate();False;False;1.0;0.0
metron-platform\metron-parsers\src\test\java\org\apache\metron\parsers\utils\syslogutilstest.java@org.apache.metron.parsers.utils.syslogutilstest.testrfc5424timestamputc();False;False;1.0;0.0
metron-platform\metron-parsers\src\test\java\org\apache\metron\parsers\utils\syslogutilstest.java@org.apache.metron.parsers.utils.syslogutilstest.testrfc5424timestampwithoffset();False;False;1.0;0.0
metron-platform\metron-parsers\src\test\java\org\apache\metron\parsers\websphere\grokwebsphereparsertest.java@org.apache.metron.parsers.websphere.grokwebsphereparsertest.setup();False;False;0.988;0.012
metron-platform\metron-parsers\src\test\java\org\apache\metron\parsers\websphere\grokwebsphereparsertest.java@org.apache.metron.parsers.websphere.grokwebsphereparsertest.testparseemptyline();False;False;1.0;0.0
metron-platform\metron-parsers\src\test\java\org\apache\metron\parsers\websphere\grokwebsphereparsertest.java@org.apache.metron.parsers.websphere.grokwebsphereparsertest.testparseloginline();False;False;1.0;0.0
metron-platform\metron-parsers\src\test\java\org\apache\metron\parsers\websphere\grokwebsphereparsertest.java@org.apache.metron.parsers.websphere.grokwebsphereparsertest.testparsemalformedloginline();False;False;1.0;0.0
metron-platform\metron-parsers\src\test\java\org\apache\metron\parsers\websphere\grokwebsphereparsertest.java@org.apache.metron.parsers.websphere.grokwebsphereparsertest.tetsparselogoutline();False;False;1.0;0.0
metron-platform\metron-parsers\src\test\java\org\apache\metron\parsers\websphere\grokwebsphereparsertest.java@org.apache.metron.parsers.websphere.grokwebsphereparsertest.tetsparsemalformedlogoutline();False;False;1.0;0.0
metron-platform\metron-parsers\src\test\java\org\apache\metron\parsers\websphere\grokwebsphereparsertest.java@org.apache.metron.parsers.websphere.grokwebsphereparsertest.tetsparsemalformedotherline();False;False;1.0;0.0
metron-platform\metron-parsers\src\test\java\org\apache\metron\parsers\websphere\grokwebsphereparsertest.java@org.apache.metron.parsers.websphere.grokwebsphereparsertest.tetsparsemalformedrbmline();False;False;1.0;0.0
metron-platform\metron-parsers\src\test\java\org\apache\metron\parsers\websphere\grokwebsphereparsertest.java@org.apache.metron.parsers.websphere.grokwebsphereparsertest.tetsparseotherline();False;False;1.0;0.0
metron-platform\metron-parsers\src\test\java\org\apache\metron\parsers\websphere\grokwebsphereparsertest.java@org.apache.metron.parsers.websphere.grokwebsphereparsertest.tetsparserbmline();False;False;1.0;0.0
metron-platform\metron-parsers\src\test\java\org\apache\metron\writers\simplehbaseenrichmentwritertest.java@org.apache.metron.writers.simplehbaseenrichmentwritertest.createconfig(int,map);False;False;0.9034152775648784;0.09658472243512224
metron-platform\metron-parsers\src\test\java\org\apache\metron\writers\simplehbaseenrichmentwritertest.java@org.apache.metron.writers.simplehbaseenrichmentwritertest.getallconfiguredtimeouts();False;False;0.9999583333333334;4.1666666666666665e-05
metron-platform\metron-parsers\src\test\java\org\apache\metron\writers\simplehbaseenrichmentwritertest.java@org.apache.metron.writers.simplehbaseenrichmentwritertest.getbatchsize(string);False;False;0.9779922244422246;0.022007775557775555
metron-platform\metron-parsers\src\test\java\org\apache\metron\writers\simplehbaseenrichmentwritertest.java@org.apache.metron.writers.simplehbaseenrichmentwritertest.getbatchtimeout(string);False;False;1.0;0.0
metron-platform\metron-parsers\src\test\java\org\apache\metron\writers\simplehbaseenrichmentwritertest.java@org.apache.metron.writers.simplehbaseenrichmentwritertest.getfieldnameconverter(string);False;False;0.979597163620693;0.020402836379306965
metron-platform\metron-parsers\src\test\java\org\apache\metron\writers\simplehbaseenrichmentwritertest.java@org.apache.metron.writers.simplehbaseenrichmentwritertest.getglobalconfig();False;False;0.9999583333333334;4.1666666666666665e-05
metron-platform\metron-parsers\src\test\java\org\apache\metron\writers\simplehbaseenrichmentwritertest.java@org.apache.metron.writers.simplehbaseenrichmentwritertest.getindex(string);False;False;0.997;0.003
metron-platform\metron-parsers\src\test\java\org\apache\metron\writers\simplehbaseenrichmentwritertest.java@org.apache.metron.writers.simplehbaseenrichmentwritertest.getsensorconfig(string);False;False;1.0;0.0
metron-platform\metron-parsers\src\test\java\org\apache\metron\writers\simplehbaseenrichmentwritertest.java@org.apache.metron.writers.simplehbaseenrichmentwritertest.getvalues();False;False;0.9820500000000001;0.01795
metron-platform\metron-parsers\src\test\java\org\apache\metron\writers\simplehbaseenrichmentwritertest.java@org.apache.metron.writers.simplehbaseenrichmentwritertest.isdefault(string);False;False;1.0;0.0
metron-platform\metron-parsers\src\test\java\org\apache\metron\writers\simplehbaseenrichmentwritertest.java@org.apache.metron.writers.simplehbaseenrichmentwritertest.isenabled(string);False;False;1.0;0.0
metron-platform\metron-parsers\src\test\java\org\apache\metron\writers\simplehbaseenrichmentwritertest.java@org.apache.metron.writers.simplehbaseenrichmentwritertest.setupmocktable();False;False;0.984;0.016
metron-platform\metron-parsers\src\test\java\org\apache\metron\writers\simplehbaseenrichmentwritertest.java@org.apache.metron.writers.simplehbaseenrichmentwritertest.testbatchonenormalpath();False;False;0.997;0.003
metron-platform\metron-parsers\src\test\java\org\apache\metron\writers\simplehbaseenrichmentwritertest.java@org.apache.metron.writers.simplehbaseenrichmentwritertest.testconfigvalidation_enrichment_type_is_empty();False;False;0.9034152775648784;0.09658472243512224
metron-platform\metron-parsers\src\test\java\org\apache\metron\writers\simplehbaseenrichmentwritertest.java@org.apache.metron.writers.simplehbaseenrichmentwritertest.testconfigvalidation_enrichment_type_is_not_a_string();False;False;0.9034152775648784;0.09658472243512224
metron-platform\metron-parsers\src\test\java\org\apache\metron\writers\simplehbaseenrichmentwritertest.java@org.apache.metron.writers.simplehbaseenrichmentwritertest.testconfigvalidation_key_columns_contain_a_null_value();False;False;0.9034152775648784;0.09658472243512224
metron-platform\metron-parsers\src\test\java\org\apache\metron\writers\simplehbaseenrichmentwritertest.java@org.apache.metron.writers.simplehbaseenrichmentwritertest.testconfigvalidation_key_columns_contain_an_empty_value();False;False;0.9034152775648784;0.09658472243512224
metron-platform\metron-parsers\src\test\java\org\apache\metron\writers\simplehbaseenrichmentwritertest.java@org.apache.metron.writers.simplehbaseenrichmentwritertest.testconfigvalidation_missing_enrichment_type();False;False;0.9034152775648784;0.09658472243512224
metron-platform\metron-parsers\src\test\java\org\apache\metron\writers\simplehbaseenrichmentwritertest.java@org.apache.metron.writers.simplehbaseenrichmentwritertest.testconfigvalidation_missing_key_columns();False;False;0.9034152775648784;0.09658472243512224
metron-platform\metron-parsers\src\test\java\org\apache\metron\writers\simplehbaseenrichmentwritertest.java@org.apache.metron.writers.simplehbaseenrichmentwritertest.testfilteredkey();False;False;0.993;0.007
metron-platform\metron-parsers\src\test\java\org\apache\metron\writers\simplehbaseenrichmentwritertest.java@org.apache.metron.writers.simplehbaseenrichmentwritertest.testfilteredkeys();False;False;0.994;0.006
metron-platform\metron-parsers\src\test\java\org\apache\metron\writers\integration\simplehbaseenrichmentwriterintegrationtest.java@org.apache.metron.writers.integration.simplehbaseenrichmentwriterintegrationtest.getresult();False;False;0.9858333333333332;0.014166666666666666
metron-platform\metron-parsers\src\test\java\org\apache\metron\writers\integration\simplehbaseenrichmentwriterintegrationtest.java@org.apache.metron.writers.integration.simplehbaseenrichmentwriterintegrationtest.process(componentrunner);False;False;0.9034152775648784;0.09658472243512224
metron-platform\metron-parsers\src\test\java\org\apache\metron\writers\integration\simplehbaseenrichmentwriterintegrationtest.java@org.apache.metron.writers.integration.simplehbaseenrichmentwriterintegrationtest.test();True;False;0.9034152775648784;0.09658472243512224
metron-platform\metron-parsers\src\test\java\org\apache\metron\writers\integration\writerboltintegrationtest.java@org.apache.metron.writers.integration.allresultsprocessor.allresultsprocessor(list,string);False;False;0.9034152775648784;0.09658472243512224
metron-platform\metron-parsers\src\test\java\org\apache\metron\writers\integration\writerboltintegrationtest.java@org.apache.metron.writers.integration.allresultsprocessor.calcreadiness(int,int);False;False;0.9034152775648784;0.09658472243512224
metron-platform\metron-parsers\src\test\java\org\apache\metron\writers\integration\writerboltintegrationtest.java@org.apache.metron.writers.integration.allresultsprocessor.getresult();False;False;0.996;0.004
metron-platform\metron-parsers\src\test\java\org\apache\metron\writers\integration\writerboltintegrationtest.java@org.apache.metron.writers.integration.allresultsprocessor.process(componentrunner);False;False;0.9034152775648784;0.09658472243512224
metron-platform\metron-parsers\src\test\java\org\apache\metron\writers\integration\writerboltintegrationtest.java@org.apache.metron.writers.integration.allresultsprocessor.readmessagesfromkafka(kafkacomponent,string);False;False;0.9034152775648784;0.09658472243512224
metron-platform\metron-parsers\src\test\java\org\apache\metron\writers\integration\writerboltintegrationtest.java@org.apache.metron.writers.integration.dummyobjectparser.parse(byte[]);True;False;0.9034152775648784;0.09658472243512224
metron-platform\metron-parsers\src\test\java\org\apache\metron\writers\integration\writerboltintegrationtest.java@org.apache.metron.writers.integration.dummyobjectparser.validate(jsonobject);False;False;0.9034152775648784;0.09658472243512224
metron-platform\metron-parsers\src\test\java\org\apache\metron\writers\integration\writerboltintegrationtest.java@org.apache.metron.writers.integration.emptyobjectparser.parse(byte[]);True;False;0.9034152775648784;0.09658472243512224
metron-platform\metron-parsers\src\test\java\org\apache\metron\writers\integration\writerboltintegrationtest.java@org.apache.metron.writers.integration.emptyobjectparser.validate(jsonobject);True;False;1.0;0.0
metron-platform\metron-parsers\src\test\java\org\apache\metron\writers\integration\writerboltintegrationtest.java@org.apache.metron.writers.integration.mockvalidator.isvalid(map,map,map,context);False;False;0.9034152775648784;0.09658472243512224
metron-platform\metron-parsers\src\test\java\org\apache\metron\writers\integration\writerboltintegrationtest.java@org.apache.metron.writers.integration.writerboltintegrationtest.allresultsprocessor(list,string);False;False;0.9034152775648784;0.09658472243512224
metron-platform\metron-parsers\src\test\java\org\apache\metron\writers\integration\writerboltintegrationtest.java@org.apache.metron.writers.integration.writerboltintegrationtest.apply(kafkamessageset);False;True;0.3585;0.6415
metron-platform\metron-parsers\src\test\java\org\apache\metron\writers\integration\writerboltintegrationtest.java@org.apache.metron.writers.integration.writerboltintegrationtest.calcreadiness(int,int);False;False;0.9034152775648784;0.09658472243512224
metron-platform\metron-parsers\src\test\java\org\apache\metron\writers\integration\writerboltintegrationtest.java@org.apache.metron.writers.integration.writerboltintegrationtest.commits_kafka_offsets_for_empty_objects();True;False;0.9034152775648784;0.09658472243512224
metron-platform\metron-parsers\src\test\java\org\apache\metron\writers\integration\writerboltintegrationtest.java@org.apache.metron.writers.integration.writerboltintegrationtest.commits_kafka_offsets_for_emtpy_objects();True;False;0.9066666666666666;0.09333333333333332
metron-platform\metron-parsers\src\test\java\org\apache\metron\writers\integration\writerboltintegrationtest.java@org.apache.metron.writers.integration.writerboltintegrationtest.getkafkaprocessor(string,string);False;False;0.9034152775648784;0.09658472243512224
metron-platform\metron-parsers\src\test\java\org\apache\metron\writers\integration\writerboltintegrationtest.java@org.apache.metron.writers.integration.writerboltintegrationtest.getkafkaprocessor(string,string,predicate);False;False;0.9034152775648784;0.09658472243512224
metron-platform\metron-parsers\src\test\java\org\apache\metron\writers\integration\writerboltintegrationtest.java@org.apache.metron.writers.integration.writerboltintegrationtest.getresult();False;False;0.9034152775648784;0.09658472243512224
metron-platform\metron-parsers\src\test\java\org\apache\metron\writers\integration\writerboltintegrationtest.java@org.apache.metron.writers.integration.writerboltintegrationtest.isvalid(map,map,map,context);False;False;0.9034152775648784;0.09658472243512224
metron-platform\metron-parsers\src\test\java\org\apache\metron\writers\integration\writerboltintegrationtest.java@org.apache.metron.writers.integration.writerboltintegrationtest.loadmessages(list);False;False;0.9034152775648784;0.09658472243512224
metron-platform\metron-parsers\src\test\java\org\apache\metron\writers\integration\writerboltintegrationtest.java@org.apache.metron.writers.integration.writerboltintegrationtest.parse(byte[]);True;False;0.9034152775648784;0.09658472243512224
metron-platform\metron-parsers\src\test\java\org\apache\metron\writers\integration\writerboltintegrationtest.java@org.apache.metron.writers.integration.writerboltintegrationtest.parser_with_global_validations_writes_bad_records_to_error_topic();True;False;0.8813214285714286;0.11867857142857142
metron-platform\metron-parsers\src\test\java\org\apache\metron\writers\integration\writerboltintegrationtest.java@org.apache.metron.writers.integration.writerboltintegrationtest.process(componentrunner);False;False;0.965;0.035
metron-platform\metron-parsers\src\test\java\org\apache\metron\writers\integration\writerboltintegrationtest.java@org.apache.metron.writers.integration.writerboltintegrationtest.readmessagesfromkafka(kafkacomponent,string);False;False;0.9034152775648784;0.09658472243512224
metron-platform\metron-parsers\src\test\java\org\apache\metron\writers\integration\writerboltintegrationtest.java@org.apache.metron.writers.integration.writerboltintegrationtest.setuptopologycomponents(properties,list,list,string);True;False;0.9034152775648784;0.09658472243512224
metron-platform\metron-parsers\src\test\java\org\apache\metron\writers\integration\writerboltintegrationtest.java@org.apache.metron.writers.integration.writerboltintegrationtest.setuptopologycomponents(properties,string,sensorparserconfig,string);True;False;0.9034152775648784;0.09658472243512224
metron-platform\metron-parsers\src\test\java\org\apache\metron\writers\integration\writerboltintegrationtest.java@org.apache.metron.writers.integration.writerboltintegrationtest.test_multiple_sensors();True;False;0.9034152775648784;0.09658472243512224
metron-platform\metron-parsers\src\test\java\org\apache\metron\writers\integration\writerboltintegrationtest.java@org.apache.metron.writers.integration.writerboltintegrationtest.test_topic_redirection();True;False;0.9034152775648784;0.09658472243512224
metron-platform\metron-parsers\src\test\java\org\apache\metron\writers\integration\writerboltintegrationtest.java@org.apache.metron.writers.integration.writerboltintegrationtest.validate(jsonobject);False;False;0.9034152775648784;0.09658472243512224
metron-platform\metron-pcap-backend\src\main\java\org\apache\metron\pcap\query\cliconfig.java@org.apache.metron.pcap.query.cliconfig.cliconfig(prefixstrategy);False;False;0.9034152775648784;0.09658472243512224
metron-platform\metron-pcap-backend\src\main\java\org\apache\metron\pcap\query\cliconfig.java@org.apache.metron.pcap.query.cliconfig.getbaseoutputpath();False;False;1.0;0.0
metron-platform\metron-pcap-backend\src\main\java\org\apache\metron\pcap\query\cliconfig.java@org.apache.metron.pcap.query.cliconfig.getbasepath();False;False;1.0;0.0
metron-platform\metron-pcap-backend\src\main\java\org\apache\metron\pcap\query\cliconfig.java@org.apache.metron.pcap.query.cliconfig.getdateformat();False;False;1.0;0.0
metron-platform\metron-pcap-backend\src\main\java\org\apache\metron\pcap\query\cliconfig.java@org.apache.metron.pcap.query.cliconfig.getendtime();False;False;1.0;0.0
metron-platform\metron-pcap-backend\src\main\java\org\apache\metron\pcap\query\cliconfig.java@org.apache.metron.pcap.query.cliconfig.getnumrecordsperfile();False;False;0.9417685107265211;0.05823148927348096
metron-platform\metron-pcap-backend\src\main\java\org\apache\metron\pcap\query\cliconfig.java@org.apache.metron.pcap.query.cliconfig.getnumreducers();False;False;1.0;0.0
metron-platform\metron-pcap-backend\src\main\java\org\apache\metron\pcap\query\cliconfig.java@org.apache.metron.pcap.query.cliconfig.getprefix();False;False;0.9920666666666667;0.007933333333333332
metron-platform\metron-pcap-backend\src\main\java\org\apache\metron\pcap\query\cliconfig.java@org.apache.metron.pcap.query.cliconfig.getstarttime();False;False;1.0;0.0
metron-platform\metron-pcap-backend\src\main\java\org\apache\metron\pcap\query\cliconfig.java@org.apache.metron.pcap.query.cliconfig.isnullorempty(string);False;False;1.0;0.0
metron-platform\metron-pcap-backend\src\main\java\org\apache\metron\pcap\query\cliconfig.java@org.apache.metron.pcap.query.cliconfig.setbaseoutputpath(string);False;False;1.0;0.0
metron-platform\metron-pcap-backend\src\main\java\org\apache\metron\pcap\query\cliconfig.java@org.apache.metron.pcap.query.cliconfig.setbasepath(string);False;False;0.9775952569781741;0.022404743021829047
metron-platform\metron-pcap-backend\src\main\java\org\apache\metron\pcap\query\cliconfig.java@org.apache.metron.pcap.query.cliconfig.setdateformat(string);False;False;1.0;0.0
metron-platform\metron-pcap-backend\src\main\java\org\apache\metron\pcap\query\cliconfig.java@org.apache.metron.pcap.query.cliconfig.setendtime(long);False;False;0.9775952569781741;0.022404743021829047
metron-platform\metron-pcap-backend\src\main\java\org\apache\metron\pcap\query\cliconfig.java@org.apache.metron.pcap.query.cliconfig.setnumrecordsperfile(int);False;False;0.7943547591426456;0.20564524085735392
metron-platform\metron-pcap-backend\src\main\java\org\apache\metron\pcap\query\cliconfig.java@org.apache.metron.pcap.query.cliconfig.setnumreducers(int);False;False;0.9775952569781741;0.022404743021829047
metron-platform\metron-pcap-backend\src\main\java\org\apache\metron\pcap\query\cliconfig.java@org.apache.metron.pcap.query.cliconfig.setprefix(string);False;False;0.9863333374684377;0.013666662531561671
metron-platform\metron-pcap-backend\src\main\java\org\apache\metron\pcap\query\cliconfig.java@org.apache.metron.pcap.query.cliconfig.setshowhelp(boolean);False;False;0.9775952569781741;0.022404743021829047
metron-platform\metron-pcap-backend\src\main\java\org\apache\metron\pcap\query\cliconfig.java@org.apache.metron.pcap.query.cliconfig.setstarttime(long);False;False;0.9775952569781741;0.022404743021829047
metron-platform\metron-pcap-backend\src\main\java\org\apache\metron\pcap\query\cliconfig.java@org.apache.metron.pcap.query.cliconfig.showhelp();False;False;0.9999606926406926;3.930735930735931e-05
metron-platform\metron-pcap-backend\src\main\java\org\apache\metron\pcap\query\cliparser.java@org.apache.metron.pcap.query.cliparser.cliparser(cliconfig);False;False;0.9034152775648784;0.09658472243512224
metron-platform\metron-pcap-backend\src\main\java\org\apache\metron\pcap\query\cliparser.java@org.apache.metron.pcap.query.cliparser.buildoptions();False;False;0.988;0.012
metron-platform\metron-pcap-backend\src\main\java\org\apache\metron\pcap\query\cliparser.java@org.apache.metron.pcap.query.cliparser.getparser();False;False;1.0;0.0
metron-platform\metron-pcap-backend\src\main\java\org\apache\metron\pcap\query\cliparser.java@org.apache.metron.pcap.query.cliparser.newoption(string,string,boolean,string);False;False;0.9034152775648784;0.09658472243512224
metron-platform\metron-pcap-backend\src\main\java\org\apache\metron\pcap\query\cliparser.java@org.apache.metron.pcap.query.cliparser.newoption(string,string,boolean,string,boolean);False;False;0.9034152775648784;0.09658472243512224
metron-platform\metron-pcap-backend\src\main\java\org\apache\metron\pcap\query\cliparser.java@org.apache.metron.pcap.query.cliparser.parse(commandline,cliconfig);False;False;0.9034152775648784;0.09658472243512224
metron-platform\metron-pcap-backend\src\main\java\org\apache\metron\pcap\query\cliparser.java@org.apache.metron.pcap.query.cliparser.printhelp(string,options);False;False;0.9034152775648784;0.09658472243512224
metron-platform\metron-pcap-backend\src\main\java\org\apache\metron\pcap\query\fixedcliconfig.java@org.apache.metron.pcap.query.fixedcliconfig.fixedcliconfig(prefixstrategy);False;False;0.9034152775648784;0.09658472243512224
metron-platform\metron-pcap-backend\src\main\java\org\apache\metron\pcap\query\fixedcliconfig.java@org.apache.metron.pcap.query.fixedcliconfig.getfixedfields();False;False;1.0;0.0
metron-platform\metron-pcap-backend\src\main\java\org\apache\metron\pcap\query\fixedcliconfig.java@org.apache.metron.pcap.query.fixedcliconfig.putfixedfield(string,string);False;False;0.9034152775648784;0.09658472243512224
metron-platform\metron-pcap-backend\src\main\java\org\apache\metron\pcap\query\fixedcliconfig.java@org.apache.metron.pcap.query.fixedcliconfig.setfixedfields(map);False;False;0.9034152775648784;0.09658472243512224
metron-platform\metron-pcap-backend\src\main\java\org\apache\metron\pcap\query\fixedcliparser.java@org.apache.metron.pcap.query.fixedcliparser.fixedcliparser(cliconfig);False;False;0.9034152775648784;0.09658472243512224
metron-platform\metron-pcap-backend\src\main\java\org\apache\metron\pcap\query\fixedcliparser.java@org.apache.metron.pcap.query.fixedcliparser.buildfixedoptions();False;False;0.9826666666666666;0.017333333333333336
metron-platform\metron-pcap-backend\src\main\java\org\apache\metron\pcap\query\fixedcliparser.java@org.apache.metron.pcap.query.fixedcliparser.parse(string[]);False;False;0.9034152775648784;0.09658472243512224
metron-platform\metron-pcap-backend\src\main\java\org\apache\metron\pcap\query\fixedcliparser.java@org.apache.metron.pcap.query.fixedcliparser.printhelp();False;False;1.0;0.0
metron-platform\metron-pcap-backend\src\main\java\org\apache\metron\pcap\query\pcapcli.java@org.apache.metron.pcap.query.pcapcli.pcapcli(pcapjob,resultswriter,cliconfig);False;False;0.9034152775648784;0.09658472243512224
metron-platform\metron-pcap-backend\src\main\java\org\apache\metron\pcap\query\pcapcli.java@org.apache.metron.pcap.query.pcapcli.main(string[]);False;False;0.9034152775648784;0.09658472243512224
metron-platform\metron-pcap-backend\src\main\java\org\apache\metron\pcap\query\pcapcli.java@org.apache.metron.pcap.query.pcapcli.printbasichelp();False;False;1.0;0.0
metron-platform\metron-pcap-backend\src\main\java\org\apache\metron\pcap\query\pcapcli.java@org.apache.metron.pcap.query.pcapcli.run(string[]);False;False;0.9034152775648784;0.09658472243512224
metron-platform\metron-pcap-backend\src\main\java\org\apache\metron\pcap\query\pcapcli.java@org.apache.metron.pcap.query.pcapcli.timeasnanosecondssinceepoch(long,long);False;False;0.9034152775648784;0.09658472243512224
metron-platform\metron-pcap-backend\src\main\java\org\apache\metron\pcap\query\querycliconfig.java@org.apache.metron.pcap.query.querycliconfig.querycliconfig(prefixstrategy);False;False;0.9034152775648784;0.09658472243512224
metron-platform\metron-pcap-backend\src\main\java\org\apache\metron\pcap\query\querycliconfig.java@org.apache.metron.pcap.query.querycliconfig.getquery();False;False;0.9999522076277892;4.7792372210792846e-05
metron-platform\metron-pcap-backend\src\main\java\org\apache\metron\pcap\query\querycliconfig.java@org.apache.metron.pcap.query.querycliconfig.setquery(string);False;False;0.9863333374684377;0.013666662531561671
metron-platform\metron-pcap-backend\src\main\java\org\apache\metron\pcap\query\querycliparser.java@org.apache.metron.pcap.query.querycliparser.querycliparser(cliconfig);False;False;0.9034152775648784;0.09658472243512224
metron-platform\metron-pcap-backend\src\main\java\org\apache\metron\pcap\query\querycliparser.java@org.apache.metron.pcap.query.querycliparser.parse(string[]);False;False;0.9034152775648784;0.09658472243512224
metron-platform\metron-pcap-backend\src\main\java\org\apache\metron\pcap\query\querycliparser.java@org.apache.metron.pcap.query.querycliparser.printhelp();False;False;1.0;0.0
metron-platform\metron-pcap-backend\src\main\java\org\apache\metron\pcap\query\querycliparser.java@org.apache.metron.pcap.query.querycliparser.setupoptions();False;False;0.994;0.006
metron-platform\metron-pcap-backend\src\main\java\org\apache\metron\pcap\query\resultswriter.java@org.apache.metron.pcap.query.resultswriter.mergepcaps(list);False;False;0.9034152775648784;0.09658472243512224
metron-platform\metron-pcap-backend\src\main\java\org\apache\metron\pcap\query\resultswriter.java@org.apache.metron.pcap.query.resultswriter.write(list,string);False;False;0.9034152775648784;0.09658472243512224
metron-platform\metron-pcap-backend\src\main\java\org\apache\metron\spout\pcap\hdfswritercallback.java@org.apache.metron.spout.pcap.hdfswritercallback.partition(string,int);False;False;0.9034152775648784;0.09658472243512224
metron-platform\metron-pcap-backend\src\main\java\org\apache\metron\spout\pcap\hdfswritercallback.java@org.apache.metron.spout.pcap.hdfswritercallback.apply(list,emitcontext);False;False;0.9034152775648784;0.09658472243512224
metron-platform\metron-pcap-backend\src\main\java\org\apache\metron\spout\pcap\hdfswritercallback.java@org.apache.metron.spout.pcap.hdfswritercallback.close();False;False;0.997;0.003
metron-platform\metron-pcap-backend\src\main\java\org\apache\metron\spout\pcap\hdfswritercallback.java@org.apache.metron.spout.pcap.hdfswritercallback.equals(object);False;False;0.9771;0.0229
metron-platform\metron-pcap-backend\src\main\java\org\apache\metron\spout\pcap\hdfswritercallback.java@org.apache.metron.spout.pcap.hdfswritercallback.getwriter(partition);False;False;0.987;0.013
metron-platform\metron-pcap-backend\src\main\java\org\apache\metron\spout\pcap\hdfswritercallback.java@org.apache.metron.spout.pcap.hdfswritercallback.hashcode();False;False;0.994;0.006
metron-platform\metron-pcap-backend\src\main\java\org\apache\metron\spout\pcap\hdfswritercallback.java@org.apache.metron.spout.pcap.hdfswritercallback.initialize(emitcontext);False;False;0.983;0.017
metron-platform\metron-pcap-backend\src\main\java\org\apache\metron\spout\pcap\hdfswritercallback.java@org.apache.metron.spout.pcap.hdfswritercallback.tostring();False;False;0.9925;0.0075
metron-platform\metron-pcap-backend\src\main\java\org\apache\metron\spout\pcap\hdfswritercallback.java@org.apache.metron.spout.pcap.hdfswritercallback.withconfig(hdfswriterconfig);False;False;0.9631640350877193;0.0368359649122807
metron-platform\metron-pcap-backend\src\main\java\org\apache\metron\spout\pcap\hdfswritercallback.java@org.apache.metron.spout.pcap.partition.partition(string,int);False;False;0.9034152775648784;0.09658472243512224
metron-platform\metron-pcap-backend\src\main\java\org\apache\metron\spout\pcap\hdfswritercallback.java@org.apache.metron.spout.pcap.partition.equals(object);False;False;0.9034152775648784;0.09658472243512224
metron-platform\metron-pcap-backend\src\main\java\org\apache\metron\spout\pcap\hdfswritercallback.java@org.apache.metron.spout.pcap.partition.hashcode();False;False;0.9851351218008023;0.014864878199197096
metron-platform\metron-pcap-backend\src\main\java\org\apache\metron\spout\pcap\hdfswritercallback.java@org.apache.metron.spout.pcap.partition.tostring();False;False;0.9851351218008023;0.014864878199197096
metron-platform\metron-pcap-backend\src\main\java\org\apache\metron\spout\pcap\hdfswriterconfig.java@org.apache.metron.spout.pcap.hdfswriterconfig.getdeserializer();False;False;1.0;0.0
metron-platform\metron-pcap-backend\src\main\java\org\apache\metron\spout\pcap\hdfswriterconfig.java@org.apache.metron.spout.pcap.hdfswriterconfig.gethdfsconfig();False;False;1.0;0.0
metron-platform\metron-pcap-backend\src\main\java\org\apache\metron\spout\pcap\hdfswriterconfig.java@org.apache.metron.spout.pcap.hdfswriterconfig.getmaxtimens();False;False;0.9417685107265211;0.05823148927348096
metron-platform\metron-pcap-backend\src\main\java\org\apache\metron\spout\pcap\hdfswriterconfig.java@org.apache.metron.spout.pcap.hdfswriterconfig.getnumpackets();False;False;1.0;0.0
metron-platform\metron-pcap-backend\src\main\java\org\apache\metron\spout\pcap\hdfswriterconfig.java@org.apache.metron.spout.pcap.hdfswriterconfig.getoutputpath();False;False;1.0;0.0
metron-platform\metron-pcap-backend\src\main\java\org\apache\metron\spout\pcap\hdfswriterconfig.java@org.apache.metron.spout.pcap.hdfswriterconfig.getreplicationfactor();False;False;1.0;0.0
metron-platform\metron-pcap-backend\src\main\java\org\apache\metron\spout\pcap\hdfswriterconfig.java@org.apache.metron.spout.pcap.hdfswriterconfig.getsyncevery();False;False;1.0;0.0
metron-platform\metron-pcap-backend\src\main\java\org\apache\metron\spout\pcap\hdfswriterconfig.java@org.apache.metron.spout.pcap.hdfswriterconfig.getzookeeperport();False;False;0.9718333333333332;0.028166666666666663
metron-platform\metron-pcap-backend\src\main\java\org\apache\metron\spout\pcap\hdfswriterconfig.java@org.apache.metron.spout.pcap.hdfswriterconfig.getzookeeperservers();False;False;0.97485;0.02515
metron-platform\metron-pcap-backend\src\main\java\org\apache\metron\spout\pcap\hdfswriterconfig.java@org.apache.metron.spout.pcap.hdfswriterconfig.tostring();False;False;0.9675;0.0325
metron-platform\metron-pcap-backend\src\main\java\org\apache\metron\spout\pcap\hdfswriterconfig.java@org.apache.metron.spout.pcap.hdfswriterconfig.withdeserializer(string,string);False;False;0.9034152775648784;0.09658472243512224
metron-platform\metron-pcap-backend\src\main\java\org\apache\metron\spout\pcap\hdfswriterconfig.java@org.apache.metron.spout.pcap.hdfswriterconfig.withhdfsconfig(map);False;False;0.9034152775648784;0.09658472243512224
metron-platform\metron-pcap-backend\src\main\java\org\apache\metron\spout\pcap\hdfswriterconfig.java@org.apache.metron.spout.pcap.hdfswriterconfig.withmaxtimems(long);False;False;1.0;0.0
metron-platform\metron-pcap-backend\src\main\java\org\apache\metron\spout\pcap\hdfswriterconfig.java@org.apache.metron.spout.pcap.hdfswriterconfig.withnumpackets(long);False;False;1.0;0.0
metron-platform\metron-pcap-backend\src\main\java\org\apache\metron\spout\pcap\hdfswriterconfig.java@org.apache.metron.spout.pcap.hdfswriterconfig.withoutputpath(string);False;False;1.0;0.0
metron-platform\metron-pcap-backend\src\main\java\org\apache\metron\spout\pcap\hdfswriterconfig.java@org.apache.metron.spout.pcap.hdfswriterconfig.withreplicationfactor(int);False;False;1.0;0.0
metron-platform\metron-pcap-backend\src\main\java\org\apache\metron\spout\pcap\hdfswriterconfig.java@org.apache.metron.spout.pcap.hdfswriterconfig.withsyncevery(int);False;False;1.0;0.0
metron-platform\metron-pcap-backend\src\main\java\org\apache\metron\spout\pcap\hdfswriterconfig.java@org.apache.metron.spout.pcap.hdfswriterconfig.withzookeeperquorum(string);False;False;1.0;0.0
metron-platform\metron-pcap-backend\src\main\java\org\apache\metron\spout\pcap\kafkatohdfsspout.java@org.apache.metron.spout.pcap.kafkatohdfsspout.kafkatohdfsspout(simplestormkafkabuilder,hdfswriterconfig);False;False;0.9034152775648784;0.09658472243512224
metron-platform\metron-pcap-backend\src\main\java\org\apache\metron\spout\pcap\kafkatohdfsspout.java@org.apache.metron.spout.pcap.kafkatohdfsspout.ack(object);False;False;0.9998530915396462;0.0001469084603538385
metron-platform\metron-pcap-backend\src\main\java\org\apache\metron\spout\pcap\kafkatohdfsspout.java@org.apache.metron.spout.pcap.kafkatohdfsspout.clearmessagestobeacked();False;False;0.994;0.006
metron-platform\metron-pcap-backend\src\main\java\org\apache\metron\spout\pcap\kafkatohdfsspout.java@org.apache.metron.spout.pcap.kafkatohdfsspout.close();False;False;0.985;0.015
metron-platform\metron-pcap-backend\src\main\java\org\apache\metron\spout\pcap\kafkatohdfsspout.java@org.apache.metron.spout.pcap.kafkatohdfsspout.createcallback(class);False;False;0.9034152775648784;0.09658472243512224
metron-platform\metron-pcap-backend\src\main\java\org\apache\metron\spout\pcap\kafkatohdfsspout.java@org.apache.metron.spout.pcap.kafkatohdfsspout.initialvalue();False;False;0.992;0.008
metron-platform\metron-pcap-backend\src\main\java\org\apache\metron\spout\pcap\kafkatohdfsspout.java@org.apache.metron.spout.pcap.kafkatohdfsspout.nexttuple();False;False;0.971;0.029
metron-platform\metron-pcap-backend\src\main\java\org\apache\metron\spout\pcap\partitionhdfswriter.java@org.apache.metron.spout.pcap.partitionhdfswriter.partitionhdfswriter(string,int,string,hdfswriterconfig);False;False;0.9034152775648784;0.09658472243512224
metron-platform\metron-pcap-backend\src\main\java\org\apache\metron\spout\pcap\partitionhdfswriter.java@org.apache.metron.spout.pcap.partitionhdfswriter.synchandlers(synchandler);False;False;0.9034152775648784;0.09658472243512224
metron-platform\metron-pcap-backend\src\main\java\org\apache\metron\spout\pcap\partitionhdfswriter.java@org.apache.metron.spout.pcap.partitionhdfswriter.close();False;False;0.9969666666666666;0.003033333333333333
metron-platform\metron-pcap-backend\src\main\java\org\apache\metron\spout\pcap\partitionhdfswriter.java@org.apache.metron.spout.pcap.partitionhdfswriter.gethandler();False;False;1.0;0.0
metron-platform\metron-pcap-backend\src\main\java\org\apache\metron\spout\pcap\partitionhdfswriter.java@org.apache.metron.spout.pcap.partitionhdfswriter.getpartition();False;False;0.9870016977227632;0.012998302277236747
metron-platform\metron-pcap-backend\src\main\java\org\apache\metron\spout\pcap\partitionhdfswriter.java@org.apache.metron.spout.pcap.partitionhdfswriter.getpath(long);False;False;0.9963333333333333;0.0036666666666666666
metron-platform\metron-pcap-backend\src\main\java\org\apache\metron\spout\pcap\partitionhdfswriter.java@org.apache.metron.spout.pcap.partitionhdfswriter.gettopic();False;False;0.9870016977227632;0.012998302277236747
metron-platform\metron-pcap-backend\src\main\java\org\apache\metron\spout\pcap\partitionhdfswriter.java@org.apache.metron.spout.pcap.partitionhdfswriter.handle(long,byte[]);False;False;0.9034152775648784;0.09658472243512224
metron-platform\metron-pcap-backend\src\main\java\org\apache\metron\spout\pcap\partitionhdfswriter.java@org.apache.metron.spout.pcap.partitionhdfswriter.sync(fsdataoutputstream);False;False;0.9749500000000001;0.025049999999999996
metron-platform\metron-pcap-backend\src\main\java\org\apache\metron\spout\pcap\partitionhdfswriter.java@org.apache.metron.spout.pcap.partitionhdfswriter.timestamptostring(long);False;False;0.998;0.002
metron-platform\metron-pcap-backend\src\main\java\org\apache\metron\spout\pcap\partitionhdfswriter.java@org.apache.metron.spout.pcap.partitionhdfswriter.turnoverifnecessary(long);False;False;0.99;0.01
metron-platform\metron-pcap-backend\src\main\java\org\apache\metron\spout\pcap\partitionhdfswriter.java@org.apache.metron.spout.pcap.partitionhdfswriter.turnoverifnecessary(long,boolean);False;False;0.9034152775648784;0.09658472243512224
metron-platform\metron-pcap-backend\src\main\java\org\apache\metron\spout\pcap\deserializer\fromkeydeserializer.java@org.apache.metron.spout.pcap.deserializer.fromkeydeserializer.fromkeydeserializer(timestampconverter);False;False;0.9034152775648784;0.09658472243512224
metron-platform\metron-pcap-backend\src\main\java\org\apache\metron\spout\pcap\deserializer\fromkeydeserializer.java@org.apache.metron.spout.pcap.deserializer.fromkeydeserializer.deserializekeyvalue(byte[],byte[]);False;False;0.9034152775648784;0.09658472243512224
metron-platform\metron-pcap-backend\src\main\java\org\apache\metron\spout\pcap\deserializer\fromkeydeserializer.java@org.apache.metron.spout.pcap.deserializer.fromkeydeserializer.frombytes(byte[]);False;False;0.9034152775648784;0.09658472243512224
metron-platform\metron-pcap-backend\src\main\java\org\apache\metron\spout\pcap\deserializer\frompacketdeserializer.java@org.apache.metron.spout.pcap.deserializer.frompacketdeserializer.deserializekeyvalue(byte[],byte[]);False;False;0.9034152775648784;0.09658472243512224
metron-platform\metron-pcap-backend\src\main\java\org\apache\metron\spout\pcap\deserializer\keyvaluedeserializer.java@org.apache.metron.spout.pcap.deserializer.keyvaluedeserializer.keyvaluedeserializer();False;False;0.9034152775648784;0.09658472243512224
metron-platform\metron-pcap-backend\src\main\java\org\apache\metron\spout\pcap\deserializer\keyvaluedeserializer.java@org.apache.metron.spout.pcap.deserializer.keyvaluedeserializer.keyvaluedeserializer(timestampconverter);False;False;0.9034152775648784;0.09658472243512224
metron-platform\metron-pcap-backend\src\main\java\org\apache\metron\spout\pcap\deserializer\keyvaluedeserializer.java@org.apache.metron.spout.pcap.deserializer.keyvaluedeserializer.result(long,byte[],boolean);False;False;0.9034152775648784;0.09658472243512224
metron-platform\metron-pcap-backend\src\main\java\org\apache\metron\spout\pcap\deserializer\keyvaluedeserializer.java@org.apache.metron.spout.pcap.deserializer.result.result(long,byte[],boolean);False;False;0.9034152775648784;0.09658472243512224
metron-platform\metron-pcap-backend\src\main\java\org\apache\metron\utils\pcapinspector.java@org.apache.metron.utils.pcapinspector.inspectoroptions(string,optionhandler);False;False;0.9034152775648784;0.09658472243512224
metron-platform\metron-pcap-backend\src\main\java\org\apache\metron\utils\pcapinspector.java@org.apache.metron.utils.pcapinspector.apply(string);False;False;0.997;0.003
metron-platform\metron-pcap-backend\src\main\java\org\apache\metron\utils\pcapinspector.java@org.apache.metron.utils.pcapinspector.get(commandline);False;False;1.0;0.0
metron-platform\metron-pcap-backend\src\main\java\org\apache\metron\utils\pcapinspector.java@org.apache.metron.utils.pcapinspector.getoptions();False;False;1.0;0.0
metron-platform\metron-pcap-backend\src\main\java\org\apache\metron\utils\pcapinspector.java@org.apache.metron.utils.pcapinspector.has(commandline);False;False;0.999549494949495;0.00045050505050505047
metron-platform\metron-pcap-backend\src\main\java\org\apache\metron\utils\pcapinspector.java@org.apache.metron.utils.pcapinspector.main(string);False;False;0.9034152775648784;0.09658472243512224
metron-platform\metron-pcap-backend\src\main\java\org\apache\metron\utils\pcapinspector.java@org.apache.metron.utils.pcapinspector.parse(commandlineparser,string[]);False;False;0.9034152775648784;0.09658472243512224
metron-platform\metron-pcap-backend\src\main\java\org\apache\metron\utils\pcapinspector.java@org.apache.metron.utils.pcapinspector.printhelp();False;False;1.0;0.0
metron-platform\metron-pcap-backend\src\test\java\org\apache\metron\pcap\fixedpcapfiltertest.java@org.apache.metron.pcap.fixedpcapfiltertest.packettofields(packetinfo);False;False;0.9785;0.0215
metron-platform\metron-pcap-backend\src\test\java\org\apache\metron\pcap\fixedpcapfiltertest.java@org.apache.metron.pcap.fixedpcapfiltertest.testmissingdstaddr();False;False;0.9034152775648784;0.09658472243512224
metron-platform\metron-pcap-backend\src\test\java\org\apache\metron\pcap\fixedpcapfiltertest.java@org.apache.metron.pcap.fixedpcapfiltertest.testmissingdstport();False;False;0.9034152775648784;0.09658472243512224
metron-platform\metron-pcap-backend\src\test\java\org\apache\metron\pcap\fixedpcapfiltertest.java@org.apache.metron.pcap.fixedpcapfiltertest.testmissingsrcaddr();False;False;0.9034152775648784;0.09658472243512224
metron-platform\metron-pcap-backend\src\test\java\org\apache\metron\pcap\fixedpcapfiltertest.java@org.apache.metron.pcap.fixedpcapfiltertest.testmissingsrcport();False;False;0.9034152775648784;0.09658472243512224
metron-platform\metron-pcap-backend\src\test\java\org\apache\metron\pcap\fixedpcapfiltertest.java@org.apache.metron.pcap.fixedpcapfiltertest.testreversetraffic();False;False;0.9034152775648784;0.09658472243512224
metron-platform\metron-pcap-backend\src\test\java\org\apache\metron\pcap\fixedpcapfiltertest.java@org.apache.metron.pcap.fixedpcapfiltertest.testtrivialequality();False;False;0.9034152775648784;0.09658472243512224
metron-platform\metron-pcap-backend\src\test\java\org\apache\metron\pcap\pcapjobtest.java@org.apache.metron.pcap.pcapjobtest.partition_gives_value_in_range();False;False;0.998;0.002
metron-platform\metron-pcap-backend\src\test\java\org\apache\metron\pcap\querypcapfiltertest.java@org.apache.metron.pcap.querypcapfiltertest.packettofields(packetinfo);False;False;0.9785;0.0215
metron-platform\metron-pcap-backend\src\test\java\org\apache\metron\pcap\querypcapfiltertest.java@org.apache.metron.pcap.querypcapfiltertest.testemptyqueryfilter();False;False;0.9034152775648784;0.09658472243512224
metron-platform\metron-pcap-backend\src\test\java\org\apache\metron\pcap\querypcapfiltertest.java@org.apache.metron.pcap.querypcapfiltertest.testmissingdstaddr();False;False;0.9034152775648784;0.09658472243512224
metron-platform\metron-pcap-backend\src\test\java\org\apache\metron\pcap\querypcapfiltertest.java@org.apache.metron.pcap.querypcapfiltertest.testmissingdstport();False;False;0.9034152775648784;0.09658472243512224
metron-platform\metron-pcap-backend\src\test\java\org\apache\metron\pcap\querypcapfiltertest.java@org.apache.metron.pcap.querypcapfiltertest.testmissingsrcaddr();False;False;0.9034152775648784;0.09658472243512224
metron-platform\metron-pcap-backend\src\test\java\org\apache\metron\pcap\querypcapfiltertest.java@org.apache.metron.pcap.querypcapfiltertest.testmissingsrcport();False;False;0.9034152775648784;0.09658472243512224
metron-platform\metron-pcap-backend\src\test\java\org\apache\metron\pcap\querypcapfiltertest.java@org.apache.metron.pcap.querypcapfiltertest.testtrivialequality();False;False;0.9034152775648784;0.09658472243512224
metron-platform\metron-pcap-backend\src\test\java\org\apache\metron\pcap\integration\pcaptopologyintegrationtest.java@org.apache.metron.pcap.integration.pcaptopologyintegrationtest.accept(file,string);False;False;0.9034152775648784;0.09658472243512224
metron-platform\metron-pcap-backend\src\test\java\org\apache\metron\pcap\integration\pcaptopologyintegrationtest.java@org.apache.metron.pcap.integration.pcaptopologyintegrationtest.apply(jsonobject);False;False;0.9815;0.0185
metron-platform\metron-pcap-backend\src\test\java\org\apache\metron\pcap\integration\pcaptopologyintegrationtest.java@org.apache.metron.pcap.integration.pcaptopologyintegrationtest.apply(properties);False;False;0.999;0.001
metron-platform\metron-pcap-backend\src\test\java\org\apache\metron\pcap\integration\pcaptopologyintegrationtest.java@org.apache.metron.pcap.integration.pcaptopologyintegrationtest.apply(byte[]);False;False;0.9034152775648784;0.09658472243512224
metron-platform\metron-pcap-backend\src\test\java\org\apache\metron\pcap\integration\pcaptopologyintegrationtest.java@org.apache.metron.pcap.integration.pcaptopologyintegrationtest.assertinorder(iterable);False;False;0.9034152775648784;0.09658472243512224
metron-platform\metron-pcap-backend\src\test\java\org\apache\metron\pcap\integration\pcaptopologyintegrationtest.java@org.apache.metron.pcap.integration.pcaptopologyintegrationtest.clearoutdir(file);False;False;0.976;0.024
metron-platform\metron-pcap-backend\src\test\java\org\apache\metron\pcap\integration\pcaptopologyintegrationtest.java@org.apache.metron.pcap.integration.pcaptopologyintegrationtest.filterpcaps(iterable,predicate,boolean);False;False;0.9034152775648784;0.09658472243512224
metron-platform\metron-pcap-backend\src\test\java\org\apache\metron\pcap\integration\pcaptopologyintegrationtest.java@org.apache.metron.pcap.integration.pcaptopologyintegrationtest.getoutdir(string);False;False;1.0;0.0
metron-platform\metron-pcap-backend\src\test\java\org\apache\metron\pcap\integration\pcaptopologyintegrationtest.java@org.apache.metron.pcap.integration.pcaptopologyintegrationtest.getquerydir(string);False;False;1.0;0.0
metron-platform\metron-pcap-backend\src\test\java\org\apache\metron\pcap\integration\pcaptopologyintegrationtest.java@org.apache.metron.pcap.integration.pcaptopologyintegrationtest.getresult();False;False;1.0;0.0
metron-platform\metron-pcap-backend\src\test\java\org\apache\metron\pcap\integration\pcaptopologyintegrationtest.java@org.apache.metron.pcap.integration.pcaptopologyintegrationtest.gettimestamp(int,list);False;False;0.9034152775648784;0.09658472243512224
metron-platform\metron-pcap-backend\src\test\java\org\apache\metron\pcap\integration\pcaptopologyintegrationtest.java@org.apache.metron.pcap.integration.pcaptopologyintegrationtest.numfiles(file,configuration);False;False;0.9034152775648784;0.09658472243512224
metron-platform\metron-pcap-backend\src\test\java\org\apache\metron\pcap\integration\pcaptopologyintegrationtest.java@org.apache.metron.pcap.integration.pcaptopologyintegrationtest.process(componentrunner);False;False;0.9860833333333334;0.013916666666666666
metron-platform\metron-pcap-backend\src\test\java\org\apache\metron\pcap\integration\pcaptopologyintegrationtest.java@org.apache.metron.pcap.integration.pcaptopologyintegrationtest.readpcaps(path,boolean);False;False;0.9034152775648784;0.09658472243512224
metron-platform\metron-pcap-backend\src\test\java\org\apache\metron\pcap\integration\pcaptopologyintegrationtest.java@org.apache.metron.pcap.integration.pcaptopologyintegrationtest.send(kafkacomponent,list);False;False;0.9034152775648784;0.09658472243512224
metron-platform\metron-pcap-backend\src\test\java\org\apache\metron\pcap\integration\pcaptopologyintegrationtest.java@org.apache.metron.pcap.integration.pcaptopologyintegrationtest.testtimestampinkey();False;False;0.9034152775648784;0.09658472243512224
metron-platform\metron-pcap-backend\src\test\java\org\apache\metron\pcap\integration\pcaptopologyintegrationtest.java@org.apache.metron.pcap.integration.pcaptopologyintegrationtest.testtimestampinpacket();False;False;0.9034152775648784;0.09658472243512224
metron-platform\metron-pcap-backend\src\test\java\org\apache\metron\pcap\integration\pcaptopologyintegrationtest.java@org.apache.metron.pcap.integration.pcaptopologyintegrationtest.testtopology(function,sendentries,boolean);False;False;0.9034152775648784;0.09658472243512224
metron-platform\metron-pcap-backend\src\test\java\org\apache\metron\pcap\query\pcapclitest.java@org.apache.metron.pcap.query.pcapclitest.asbytes(string);False;False;1.0;0.0
metron-platform\metron-pcap-backend\src\test\java\org\apache\metron\pcap\query\pcapclitest.java@org.apache.metron.pcap.query.pcapclitest.asnanos(string,string);False;False;0.9034152775648784;0.09658472243512224
metron-platform\metron-pcap-backend\src\test\java\org\apache\metron\pcap\query\pcapclitest.java@org.apache.metron.pcap.query.pcapclitest.assertclierror(string[],string,string);False;False;0.9034152775648784;0.09658472243512224
metron-platform\metron-pcap-backend\src\test\java\org\apache\metron\pcap\query\pcapclitest.java@org.apache.metron.pcap.query.pcapclitest.invalid_fixed_filter_arg_prints_help();False;False;0.999;0.001
metron-platform\metron-pcap-backend\src\test\java\org\apache\metron\pcap\query\pcapclitest.java@org.apache.metron.pcap.query.pcapclitest.invalid_query_filter_arg_prints_help();False;False;0.999;0.001
metron-platform\metron-pcap-backend\src\test\java\org\apache\metron\pcap\query\pcapclitest.java@org.apache.metron.pcap.query.pcapclitest.missing_start_time_arg_prints_error_and_help();False;False;0.998;0.002
metron-platform\metron-pcap-backend\src\test\java\org\apache\metron\pcap\query\pcapclitest.java@org.apache.metron.pcap.query.pcapclitest.runs_fixed_pcap_filter_job_with_default_argument_list();False;False;0.977;0.023
metron-platform\metron-pcap-backend\src\test\java\org\apache\metron\pcap\query\pcapclitest.java@org.apache.metron.pcap.query.pcapclitest.runs_fixed_pcap_filter_job_with_full_argument_list();False;False;0.985;0.015
metron-platform\metron-pcap-backend\src\test\java\org\apache\metron\pcap\query\pcapclitest.java@org.apache.metron.pcap.query.pcapclitest.runs_fixed_pcap_filter_job_with_full_argument_list_and_default_dateformat();False;False;0.987;0.013
metron-platform\metron-pcap-backend\src\test\java\org\apache\metron\pcap\query\pcapclitest.java@org.apache.metron.pcap.query.pcapclitest.runs_query_pcap_filter_job_with_default_argument_list();False;False;0.999;0.001
metron-platform\metron-pcap-backend\src\test\java\org\apache\metron\pcap\query\pcapclitest.java@org.apache.metron.pcap.query.pcapclitest.runs_query_pcap_filter_job_with_full_argument_list();False;False;0.999;0.001
metron-platform\metron-pcap-backend\src\test\java\org\apache\metron\pcap\query\pcapclitest.java@org.apache.metron.pcap.query.pcapclitest.setup();False;False;0.997;0.003
metron-platform\metron-pcap-backend\src\test\java\org\apache\metron\spout\pcap\deserializer\fromkeydeserializertest.java@org.apache.metron.spout.pcap.deserializer.fromkeydeserializertest.empty_or_null_key_throws_illegal_argument_exception();False;False;0.992;0.008
metron-platform\metron-pcap\src\main\java\org\apache\metron\pcap\ieee_802_1q.java@org.apache.metron.pcap.ieee_802_1q.ieee_802_1q(int,int,int);False;False;0.9034152775648784;0.09658472243512224
metron-platform\metron-pcap\src\main\java\org\apache\metron\pcap\ieee_802_1q.java@org.apache.metron.pcap.ieee_802_1q.getdropeligibleindicator();False;False;1.0;0.0
metron-platform\metron-pcap\src\main\java\org\apache\metron\pcap\ieee_802_1q.java@org.apache.metron.pcap.ieee_802_1q.getprioritycodepoint();False;False;0.999;0.001
metron-platform\metron-pcap\src\main\java\org\apache\metron\pcap\ieee_802_1q.java@org.apache.metron.pcap.ieee_802_1q.getvlanidentifier();False;False;0.9417685107265211;0.05823148927348096
metron-platform\metron-pcap\src\main\java\org\apache\metron\pcap\metronethernetdecoder.java@org.apache.metron.pcap.metronethernetdecoder.metronethernetdecoder();False;False;0.9034152775648784;0.09658472243512224
metron-platform\metron-pcap\src\main\java\org\apache\metron\pcap\metronethernetdecoder.java@org.apache.metron.pcap.metronethernetdecoder.convertbittoint(bitset);False;False;0.996;0.004
metron-platform\metron-pcap\src\main\java\org\apache\metron\pcap\metronethernetdecoder.java@org.apache.metron.pcap.metronethernetdecoder.decode(pcappacket);False;False;0.99;0.01
metron-platform\metron-pcap\src\main\java\org\apache\metron\pcap\metronethernetdecoder.java@org.apache.metron.pcap.metronethernetdecoder.dispatch(ethernetframe);False;False;0.993;0.007
metron-platform\metron-pcap\src\main\java\org\apache\metron\pcap\metronethernetdecoder.java@org.apache.metron.pcap.metronethernetdecoder.get802_1qtag(buffer);False;False;0.94975;0.05025
metron-platform\metron-pcap\src\main\java\org\apache\metron\pcap\metronethernetdecoder.java@org.apache.metron.pcap.metronethernetdecoder.getethertype(buffer);False;False;0.997;0.003
metron-platform\metron-pcap\src\main\java\org\apache\metron\pcap\metronethernetdecoder.java@org.apache.metron.pcap.metronethernetdecoder.getmacaddress(buffer);False;False;0.9855;0.0145
metron-platform\metron-pcap\src\main\java\org\apache\metron\pcap\metronethernetdecoder.java@org.apache.metron.pcap.metronethernetdecoder.register(ethernetprocessor);False;False;0.997;0.003
metron-platform\metron-pcap\src\main\java\org\apache\metron\pcap\metronethernetdecoder.java@org.apache.metron.pcap.metronethernetdecoder.register(int,ethernetprocessor);False;False;0.9034152775648784;0.09658472243512224
metron-platform\metron-pcap\src\main\java\org\apache\metron\pcap\metronethernetdecoder.java@org.apache.metron.pcap.metronethernetdecoder.unregister(ethernetprocessor);False;False;1.0;0.0
metron-platform\metron-pcap\src\main\java\org\apache\metron\pcap\metronethernetdecoder.java@org.apache.metron.pcap.metronethernetdecoder.unregister(int,ethernetprocessor);False;False;0.9034152775648784;0.09658472243512224
metron-platform\metron-pcap\src\main\java\org\apache\metron\pcap\packetinfo.java@org.apache.metron.pcap.packetinfo.packetinfo(globalheader,packetheader,pcappacket,ipv4packet,tcppacket,udppacket,byte[]);False;False;0.9034152775648784;0.09658472243512224
metron-platform\metron-pcap\src\main\java\org\apache\metron\pcap\packetinfo.java@org.apache.metron.pcap.packetinfo.getglobalheader();False;False;0.9655;0.0345
metron-platform\metron-pcap\src\main\java\org\apache\metron\pcap\packetinfo.java@org.apache.metron.pcap.packetinfo.getipv4packet();False;False;0.999875;0.000125
metron-platform\metron-pcap\src\main\java\org\apache\metron\pcap\packetinfo.java@org.apache.metron.pcap.packetinfo.getjsondoc();False;False;0.9965;0.0035
metron-platform\metron-pcap\src\main\java\org\apache\metron\pcap\packetinfo.java@org.apache.metron.pcap.packetinfo.getjsondocusingmessageformat();False;False;0.9339500000000001;0.06605
metron-platform\metron-pcap\src\main\java\org\apache\metron\pcap\packetinfo.java@org.apache.metron.pcap.packetinfo.getjsondocusingsbappend();False;False;0.906;0.094
metron-platform\metron-pcap\src\main\java\org\apache\metron\pcap\packetinfo.java@org.apache.metron.pcap.packetinfo.getjsonindexdoc();False;False;0.9975;0.0025
metron-platform\metron-pcap\src\main\java\org\apache\metron\pcap\packetinfo.java@org.apache.metron.pcap.packetinfo.getjsonindexdocusingsbappend();False;False;0.977;0.023
metron-platform\metron-pcap\src\main\java\org\apache\metron\pcap\packetinfo.java@org.apache.metron.pcap.packetinfo.getkey();False;False;0.99425;0.00575
metron-platform\metron-pcap\src\main\java\org\apache\metron\pcap\packetinfo.java@org.apache.metron.pcap.packetinfo.getpacket();False;False;0.8722588954818835;0.12774110451811724
metron-platform\metron-pcap\src\main\java\org\apache\metron\pcap\packetinfo.java@org.apache.metron.pcap.packetinfo.getpacketbytes();False;False;1.0;0.0
metron-platform\metron-pcap\src\main\java\org\apache\metron\pcap\packetinfo.java@org.apache.metron.pcap.packetinfo.getpacketheader();False;False;0.999875;0.000125
metron-platform\metron-pcap\src\main\java\org\apache\metron\pcap\packetinfo.java@org.apache.metron.pcap.packetinfo.getpackettimeinnanos();False;False;0.9753023809523811;0.024697619047619048
metron-platform\metron-pcap\src\main\java\org\apache\metron\pcap\packetinfo.java@org.apache.metron.pcap.packetinfo.getshortkey();False;False;0.98925;0.01075
metron-platform\metron-pcap\src\main\java\org\apache\metron\pcap\packetinfo.java@org.apache.metron.pcap.packetinfo.gettcppacket();False;False;0.999875;0.000125
metron-platform\metron-pcap\src\main\java\org\apache\metron\pcap\packetinfo.java@org.apache.metron.pcap.packetinfo.getudppacket();False;False;0.999875;0.000125
metron-platform\metron-pcap\src\main\java\org\apache\metron\pcap\pcapbyteinputstream.java@org.apache.metron.pcap.pcapbyteinputstream.pcapbyteinputstream(byte[]);False;False;0.9034152775648784;0.09658472243512224
metron-platform\metron-pcap\src\main\java\org\apache\metron\pcap\pcapbyteinputstream.java@org.apache.metron.pcap.pcapbyteinputstream.pcapbyteinputstream(byte[],int,int);False;False;0.9034152775648784;0.09658472243512224
metron-platform\metron-pcap\src\main\java\org\apache\metron\pcap\pcapbyteinputstream.java@org.apache.metron.pcap.pcapbyteinputstream.close();False;False;1.0;0.0
metron-platform\metron-pcap\src\main\java\org\apache\metron\pcap\pcapbyteinputstream.java@org.apache.metron.pcap.pcapbyteinputstream.getglobalheader();False;False;0.999875;0.000125
metron-platform\metron-pcap\src\main\java\org\apache\metron\pcap\pcapbyteinputstream.java@org.apache.metron.pcap.pcapbyteinputstream.getpacket();False;False;0.9852666666666666;0.014733333333333334
metron-platform\metron-pcap\src\main\java\org\apache\metron\pcap\pcapbyteinputstream.java@org.apache.metron.pcap.pcapbyteinputstream.readglobalheader();False;False;0.985;0.015
metron-platform\metron-pcap\src\main\java\org\apache\metron\pcap\pcapbyteinputstream.java@org.apache.metron.pcap.pcapbyteinputstream.readpacket(int);False;False;0.996;0.004
metron-platform\metron-pcap\src\main\java\org\apache\metron\pcap\pcapbyteinputstream.java@org.apache.metron.pcap.pcapbyteinputstream.readpacketdata(int);False;False;0.998;0.002
metron-platform\metron-pcap\src\main\java\org\apache\metron\pcap\pcapbyteinputstream.java@org.apache.metron.pcap.pcapbyteinputstream.readpacketheader(int);False;False;0.982;0.018
metron-platform\metron-pcap\src\main\java\org\apache\metron\pcap\pcapbyteoutputstream.java@org.apache.metron.pcap.pcapbyteoutputstream.pcapbyteoutputstream(bytearrayoutputstream);False;False;0.9034152775648784;0.09658472243512224
metron-platform\metron-pcap\src\main\java\org\apache\metron\pcap\pcapbyteoutputstream.java@org.apache.metron.pcap.pcapbyteoutputstream.pcapbyteoutputstream(bytearrayoutputstream,globalheader);False;False;0.9034152775648784;0.09658472243512224
metron-platform\metron-pcap\src\main\java\org\apache\metron\pcap\pcapbyteoutputstream.java@org.apache.metron.pcap.pcapbyteoutputstream.addint(int);False;False;0.9737499999999999;0.026249999999999996
metron-platform\metron-pcap\src\main\java\org\apache\metron\pcap\pcapbyteoutputstream.java@org.apache.metron.pcap.pcapbyteoutputstream.close();False;False;0.9815;0.0185
metron-platform\metron-pcap\src\main\java\org\apache\metron\pcap\pcapbyteoutputstream.java@org.apache.metron.pcap.pcapbyteoutputstream.copyglobalheader(globalheader);False;False;0.982;0.018
metron-platform\metron-pcap\src\main\java\org\apache\metron\pcap\pcapbyteoutputstream.java@org.apache.metron.pcap.pcapbyteoutputstream.createglobalheader();False;False;0.958;0.042
metron-platform\metron-pcap\src\main\java\org\apache\metron\pcap\pcapbyteoutputstream.java@org.apache.metron.pcap.pcapbyteoutputstream.flush();False;False;0.991;0.009
metron-platform\metron-pcap\src\main\java\org\apache\metron\pcap\pcapbyteoutputstream.java@org.apache.metron.pcap.pcapbyteoutputstream.inttobytearray(int);False;False;0.99425;0.00575
metron-platform\metron-pcap\src\main\java\org\apache\metron\pcap\pcapbyteoutputstream.java@org.apache.metron.pcap.pcapbyteoutputstream.shorttobytearray(short);False;False;1.0;0.0
metron-platform\metron-pcap\src\main\java\org\apache\metron\pcap\pcapbyteoutputstream.java@org.apache.metron.pcap.pcapbyteoutputstream.write(pcappacket);False;False;0.9034152775648784;0.09658472243512224
metron-platform\metron-pcap\src\main\java\org\apache\metron\pcap\pcapfilenamehelper.java@org.apache.metron.pcap.pcapfilenamehelper.getkafkapartition(string);False;False;0.9034152775648784;0.09658472243512224
metron-platform\metron-pcap\src\main\java\org\apache\metron\pcap\pcapfilenamehelper.java@org.apache.metron.pcap.pcapfilenamehelper.getkafkatopic(string);False;False;0.9873333333333334;0.012666666666666668
metron-platform\metron-pcap\src\main\java\org\apache\metron\pcap\pcapfilenamehelper.java@org.apache.metron.pcap.pcapfilenamehelper.gettimestamp(string);False;False;0.9034152775648784;0.09658472243512224
metron-platform\metron-pcap\src\main\java\org\apache\metron\pcap\pcapfilenamehelper.java@org.apache.metron.pcap.pcapfilenamehelper.getuuid(string);False;False;1.0;0.0
metron-platform\metron-pcap\src\main\java\org\apache\metron\pcap\pcapfilenamehelper.java@org.apache.metron.pcap.pcapfilenamehelper.stripprefix(string);False;False;0.999;0.001
metron-platform\metron-pcap\src\main\java\org\apache\metron\pcap\pcaphelper.java@org.apache.metron.pcap.pcaphelper.packetfields(string);False;False;0.9034152775648784;0.09658472243512224
metron-platform\metron-pcap\src\main\java\org\apache\metron\pcap\pcaphelper.java@org.apache.metron.pcap.pcaphelper.addglobalheader(byte[],endianness);False;False;0.9034152775648784;0.09658472243512224
metron-platform\metron-pcap\src\main\java\org\apache\metron\pcap\pcaphelper.java@org.apache.metron.pcap.pcaphelper.addheaders(long,byte[],endianness);False;False;0.9034152775648784;0.09658472243512224
metron-platform\metron-pcap\src\main\java\org\apache\metron\pcap\pcaphelper.java@org.apache.metron.pcap.pcaphelper.addpacketheader(long,byte[],endianness);False;False;0.9034152775648784;0.09658472243512224
metron-platform\metron-pcap\src\main\java\org\apache\metron\pcap\pcaphelper.java@org.apache.metron.pcap.pcaphelper.createdecoder();False;False;0.979;0.021
metron-platform\metron-pcap\src\main\java\org\apache\metron\pcap\pcaphelper.java@org.apache.metron.pcap.pcaphelper.getname();False;False;0.995;0.005
metron-platform\metron-pcap\src\main\java\org\apache\metron\pcap\pcaphelper.java@org.apache.metron.pcap.pcaphelper.getpcapglobalheader(endianness);False;False;0.98595;0.01405
metron-platform\metron-pcap\src\main\java\org\apache\metron\pcap\pcaphelper.java@org.apache.metron.pcap.pcaphelper.gettimestamp(byte[]);False;False;0.9034152775648784;0.09658472243512224
metron-platform\metron-pcap\src\main\java\org\apache\metron\pcap\pcaphelper.java@org.apache.metron.pcap.pcaphelper.gettimestamp(byte[],int,int);False;False;0.9034152775648784;0.09658472243512224
metron-platform\metron-pcap\src\main\java\org\apache\metron\pcap\pcaphelper.java@org.apache.metron.pcap.pcaphelper.greaterthanorequalto(long,long);False;False;0.9034152775648784;0.09658472243512224
metron-platform\metron-pcap\src\main\java\org\apache\metron\pcap\pcaphelper.java@org.apache.metron.pcap.pcaphelper.initialvalue();False;False;0.996;0.004
metron-platform\metron-pcap\src\main\java\org\apache\metron\pcap\pcaphelper.java@org.apache.metron.pcap.pcaphelper.lessthanorequalto(long,long);False;False;0.9034152775648784;0.09658472243512224
metron-platform\metron-pcap\src\main\java\org\apache\metron\pcap\pcaphelper.java@org.apache.metron.pcap.pcaphelper.packettofields(packetinfo);False;False;0.99;0.01
metron-platform\metron-pcap\src\main\java\org\apache\metron\pcap\pcaphelper.java@org.apache.metron.pcap.pcaphelper.swapbytes(org);False;False;0.9034152775648784;0.09658472243512224
metron-platform\metron-pcap\src\main\java\org\apache\metron\pcap\pcaphelper.java@org.apache.metron.pcap.pcaphelper.tofilename(string,long,string,string);False;False;0.9034152775648784;0.09658472243512224
metron-platform\metron-pcap\src\main\java\org\apache\metron\pcap\pcaphelper.java@org.apache.metron.pcap.pcaphelper.tojson(list);False;False;0.9034152775648784;0.09658472243512224
metron-platform\metron-pcap\src\main\java\org\apache\metron\pcap\pcaphelper.java@org.apache.metron.pcap.pcaphelper.topacketinfo(metronethernetdecoder,byte[]);False;False;0.9034152775648784;0.09658472243512224
metron-platform\metron-pcap\src\main\java\org\apache\metron\pcap\pcaphelper.java@org.apache.metron.pcap.pcaphelper.topacketinfo(byte[]);False;False;0.9034152775648784;0.09658472243512224
metron-platform\metron-pcap\src\main\java\org\apache\metron\pcap\pcapmerger.java@org.apache.metron.pcap.pcapmerger.closeinput(pcapbyteinputstream);False;False;0.9034152775648784;0.09658472243512224
metron-platform\metron-pcap\src\main\java\org\apache\metron\pcap\pcapmerger.java@org.apache.metron.pcap.pcapmerger.closeoutput(pcapbyteoutputstream);False;False;0.9034152775648784;0.09658472243512224
metron-platform\metron-pcap\src\main\java\org\apache\metron\pcap\pcapmerger.java@org.apache.metron.pcap.pcapmerger.main(string[]);False;False;0.9034152775648784;0.09658472243512224
metron-platform\metron-pcap\src\main\java\org\apache\metron\pcap\pcapmerger.java@org.apache.metron.pcap.pcapmerger.merge(bytearrayoutputstream,list);False;False;0.9034152775648784;0.09658472243512224
metron-platform\metron-pcap\src\main\java\org\apache\metron\pcap\pcapmerger.java@org.apache.metron.pcap.pcapmerger.merge(bytearrayoutputstream,byte[]);False;False;0.9034152775648784;0.09658472243512224
metron-platform\metron-pcap\src\main\java\org\apache\metron\pcap\pcapmerger.java@org.apache.metron.pcap.pcapmerger.sort(bytearrayoutputstream,byte[]);False;False;0.9034152775648784;0.09658472243512224
metron-platform\metron-pcap\src\main\java\org\apache\metron\pcap\pcapmerger.java@org.apache.metron.pcap.pcapmerger.writepacket(pcapbyteinputstream,pcapbyteoutputstream);False;False;0.9034152775648784;0.09658472243512224
metron-platform\metron-pcap\src\main\java\org\apache\metron\pcap\pcappacketcomparator.java@org.apache.metron.pcap.pcappacketcomparator.compare(pcappacket,pcappacket);False;False;0.9034152775648784;0.09658472243512224
metron-platform\metron-pcap\src\main\java\org\apache\metron\pcap\filter\pcapfieldresolver.java@org.apache.metron.pcap.filter.pcapfieldresolver.pcapfieldresolver(map);False;False;0.9034152775648784;0.09658472243512224
metron-platform\metron-pcap\src\main\java\org\apache\metron\pcap\filter\pcapfieldresolver.java@org.apache.metron.pcap.filter.pcapfieldresolver.exists(string);False;False;1.0;0.0
metron-platform\metron-pcap\src\main\java\org\apache\metron\pcap\filter\pcapfieldresolver.java@org.apache.metron.pcap.filter.pcapfieldresolver.resolve(string);False;False;1.0;0.0
metron-platform\metron-pcap\src\main\java\org\apache\metron\pcap\filter\fixed\fixedpcapfilter.java@org.apache.metron.pcap.filter.fixed.configurator.addtoconfig(map,configuration);False;False;0.9034152775648784;0.09658472243512224
metron-platform\metron-pcap\src\main\java\org\apache\metron\pcap\filter\fixed\fixedpcapfilter.java@org.apache.metron.pcap.filter.fixed.configurator.querytostring(map);False;False;0.9034152775648784;0.09658472243512224
metron-platform\metron-pcap\src\main\java\org\apache\metron\pcap\filter\fixed\fixedpcapfilter.java@org.apache.metron.pcap.filter.fixed.fixedpcapfilter.addtoconfig(map,configuration);False;False;0.9034152775648784;0.09658472243512224
metron-platform\metron-pcap\src\main\java\org\apache\metron\pcap\filter\fixed\fixedpcapfilter.java@org.apache.metron.pcap.filter.fixed.fixedpcapfilter.arematch(integer,integer);False;False;0.9034152775648784;0.09658472243512224
metron-platform\metron-pcap\src\main\java\org\apache\metron\pcap\filter\fixed\fixedpcapfilter.java@org.apache.metron.pcap.filter.fixed.fixedpcapfilter.arematch(string,string);False;False;0.9034152775648784;0.09658472243512224
metron-platform\metron-pcap\src\main\java\org\apache\metron\pcap\filter\fixed\fixedpcapfilter.java@org.apache.metron.pcap.filter.fixed.fixedpcapfilter.configure(iterable);False;False;0.9034152775648784;0.09658472243512224
metron-platform\metron-pcap\src\main\java\org\apache\metron\pcap\filter\fixed\fixedpcapfilter.java@org.apache.metron.pcap.filter.fixed.fixedpcapfilter.matchesreversesourceanddestination(string,integer,string,integer);False;False;0.9034152775648784;0.09658472243512224
metron-platform\metron-pcap\src\main\java\org\apache\metron\pcap\filter\fixed\fixedpcapfilter.java@org.apache.metron.pcap.filter.fixed.fixedpcapfilter.matchessourceanddestination(string,integer,string,integer);False;False;0.9034152775648784;0.09658472243512224
metron-platform\metron-pcap\src\main\java\org\apache\metron\pcap\filter\fixed\fixedpcapfilter.java@org.apache.metron.pcap.filter.fixed.fixedpcapfilter.packettofields(packetinfo);False;False;1.0;0.0
metron-platform\metron-pcap\src\main\java\org\apache\metron\pcap\filter\fixed\fixedpcapfilter.java@org.apache.metron.pcap.filter.fixed.fixedpcapfilter.querytostring(map);False;False;0.9034152775648784;0.09658472243512224
metron-platform\metron-pcap\src\main\java\org\apache\metron\pcap\filter\fixed\fixedpcapfilter.java@org.apache.metron.pcap.filter.fixed.fixedpcapfilter.test(packetinfo);False;False;0.9034152775648784;0.09658472243512224
metron-platform\metron-pcap\src\main\java\org\apache\metron\pcap\filter\fixed\fixedpcapfilter.java@org.apache.metron.pcap.filter.fixed.fixedpcapfilter.testheader(string,integer,string,integer,string);False;False;0.9034152775648784;0.09658472243512224
metron-platform\metron-pcap\src\main\java\org\apache\metron\pcap\filter\query\querypcapfilter.java@org.apache.metron.pcap.filter.query.configurator.addtoconfig(string,configuration);False;False;0.9034152775648784;0.09658472243512224
metron-platform\metron-pcap\src\main\java\org\apache\metron\pcap\filter\query\querypcapfilter.java@org.apache.metron.pcap.filter.query.configurator.querytostring(string);False;False;0.9034152775648784;0.09658472243512224
metron-platform\metron-pcap\src\main\java\org\apache\metron\pcap\filter\query\querypcapfilter.java@org.apache.metron.pcap.filter.query.querypcapfilter.addtoconfig(string,configuration);False;False;0.9034152775648784;0.09658472243512224
metron-platform\metron-pcap\src\main\java\org\apache\metron\pcap\filter\query\querypcapfilter.java@org.apache.metron.pcap.filter.query.querypcapfilter.configure(iterable);False;False;0.9034152775648784;0.09658472243512224
metron-platform\metron-pcap\src\main\java\org\apache\metron\pcap\filter\query\querypcapfilter.java@org.apache.metron.pcap.filter.query.querypcapfilter.packettofields(packetinfo);False;False;1.0;0.0
metron-platform\metron-pcap\src\main\java\org\apache\metron\pcap\filter\query\querypcapfilter.java@org.apache.metron.pcap.filter.query.querypcapfilter.querytostring(string);False;False;0.998;0.002
metron-platform\metron-pcap\src\main\java\org\apache\metron\pcap\filter\query\querypcapfilter.java@org.apache.metron.pcap.filter.query.querypcapfilter.test(packetinfo);False;False;0.9846547619047619;0.015345238095238094
metron-platform\metron-pcap\src\main\java\org\apache\metron\pcap\mr\pcapjob.java@org.apache.metron.pcap.mr.pcapjob.createjob(path,path,long,long,int,t,configuration,filesystem,pcapfilterconfigurator);False;False;0.9034152775648784;0.09658472243512224
metron-platform\metron-pcap\src\main\java\org\apache\metron\pcap\mr\pcapjob.java@org.apache.metron.pcap.mr.pcapjob.filteredpacketinfo(list);False;False;0.9034152775648784;0.09658472243512224
metron-platform\metron-pcap\src\main\java\org\apache\metron\pcap\mr\pcapjob.java@org.apache.metron.pcap.mr.pcapjob.findwidth(long,long,int);False;False;0.9034152775648784;0.09658472243512224
metron-platform\metron-pcap\src\main\java\org\apache\metron\pcap\mr\pcapjob.java@org.apache.metron.pcap.mr.pcapjob.getconf();False;False;0.995;0.005
metron-platform\metron-pcap\src\main\java\org\apache\metron\pcap\mr\pcapjob.java@org.apache.metron.pcap.mr.pcapjob.getpartition(longwritable,byteswritable,int);False;False;0.9034152775648784;0.09658472243512224
metron-platform\metron-pcap\src\main\java\org\apache\metron\pcap\mr\pcapjob.java@org.apache.metron.pcap.mr.pcapjob.initialize();False;False;0.9725;0.0275
metron-platform\metron-pcap\src\main\java\org\apache\metron\pcap\mr\pcapjob.java@org.apache.metron.pcap.mr.pcapjob.listfiles(filesystem,path);False;False;0.9034152775648784;0.09658472243512224
metron-platform\metron-pcap\src\main\java\org\apache\metron\pcap\mr\pcapjob.java@org.apache.metron.pcap.mr.pcapjob.map(longwritable,byteswritable,context);False;False;0.9034152775648784;0.09658472243512224
metron-platform\metron-pcap\src\main\java\org\apache\metron\pcap\mr\pcapjob.java@org.apache.metron.pcap.mr.pcapjob.query(path,path,long,long,int,t,configuration,filesystem,pcapfilterconfigurator);False;False;0.9034152775648784;0.09658472243512224
metron-platform\metron-pcap\src\main\java\org\apache\metron\pcap\mr\pcapjob.java@org.apache.metron.pcap.mr.pcapjob.readresults(path,configuration,filesystem);False;False;0.9034152775648784;0.09658472243512224
metron-platform\metron-pcap\src\main\java\org\apache\metron\pcap\mr\pcapjob.java@org.apache.metron.pcap.mr.pcapjob.reduce(longwritable,iterable,context);False;False;0.9034152775648784;0.09658472243512224
metron-platform\metron-pcap\src\main\java\org\apache\metron\pcap\mr\pcapjob.java@org.apache.metron.pcap.mr.pcapjob.setconf(configuration);False;False;1.0;0.0
metron-platform\metron-pcap\src\main\java\org\apache\metron\pcap\mr\pcapjob.java@org.apache.metron.pcap.mr.pcapjob.setup(context);False;False;0.99;0.01
metron-platform\metron-pcap\src\main\java\org\apache\metron\pcap\mr\pcapjob.java@org.apache.metron.pcap.mr.pcapmapper.filteredpacketinfo(list);False;False;0.9034152775648784;0.09658472243512224
metron-platform\metron-pcap\src\main\java\org\apache\metron\pcap\mr\pcapjob.java@org.apache.metron.pcap.mr.pcapmapper.map(longwritable,byteswritable,context);False;False;0.9034152775648784;0.09658472243512224
metron-platform\metron-pcap\src\main\java\org\apache\metron\pcap\mr\pcapjob.java@org.apache.metron.pcap.mr.pcapmapper.setup(context);False;False;0.9034152775648784;0.09658472243512224
metron-platform\metron-pcap\src\main\java\org\apache\metron\pcap\mr\pcapjob.java@org.apache.metron.pcap.mr.pcappartitioner.getconf();False;False;0.9851351218008023;0.014864878199197096
metron-platform\metron-pcap\src\main\java\org\apache\metron\pcap\mr\pcapjob.java@org.apache.metron.pcap.mr.pcappartitioner.getpartition(longwritable,byteswritable,int);False;False;0.9034152775648784;0.09658472243512224
metron-platform\metron-pcap\src\main\java\org\apache\metron\pcap\mr\pcapjob.java@org.apache.metron.pcap.mr.pcappartitioner.initialize();False;False;0.9851351218008023;0.014864878199197096
metron-platform\metron-pcap\src\main\java\org\apache\metron\pcap\mr\pcapjob.java@org.apache.metron.pcap.mr.pcappartitioner.setconf(configuration);False;False;0.9034152775648784;0.09658472243512224
metron-platform\metron-pcap\src\main\java\org\apache\metron\pcap\mr\pcapjob.java@org.apache.metron.pcap.mr.pcapreducer.reduce(longwritable,iterable,context);False;False;0.9034152775648784;0.09658472243512224
metron-platform\metron-pcap\src\main\java\org\apache\metron\pcap\pattern\bytearraymatcherfunction.java@org.apache.metron.pcap.pattern.bytearraymatcherfunction.apply(list,context);False;False;0.9034152775648784;0.09658472243512224
metron-platform\metron-pcap\src\main\java\org\apache\metron\pcap\pattern\bytearraymatcherfunction.java@org.apache.metron.pcap.pattern.bytearraymatcherfunction.isinitialized();False;False;0.9870016977227632;0.012998302277236747
metron-platform\metron-pcap\src\main\java\org\apache\metron\pcap\utils\filefilterutil.java@org.apache.metron.pcap.utils.filefilterutil.filterbytimestamplt(long,long,list);False;False;0.9034152775648784;0.09658472243512224
metron-platform\metron-pcap\src\main\java\org\apache\metron\pcap\utils\filefilterutil.java@org.apache.metron.pcap.utils.filefilterutil.filterbytimestamplt(long,long,map);False;False;0.9034152775648784;0.09658472243512224
metron-platform\metron-pcap\src\main\java\org\apache\metron\pcap\utils\filefilterutil.java@org.apache.metron.pcap.utils.filefilterutil.getfilesbypartition(iterable);False;False;0.9034152775648784;0.09658472243512224
metron-platform\metron-pcap\src\main\java\org\apache\metron\pcap\utils\filefilterutil.java@org.apache.metron.pcap.utils.filefilterutil.getpathsintimerange(long,long,iterable);False;False;0.9034152775648784;0.09658472243512224
metron-platform\metron-pcap\src\main\java\org\apache\metron\pcap\utils\pcaputils.java@org.apache.metron.pcap.utils.pcaputils.converthextoipv4ip(string);False;False;0.956;0.044
metron-platform\metron-pcap\src\main\java\org\apache\metron\pcap\utils\pcaputils.java@org.apache.metron.pcap.utils.pcaputils.convertipsegmenttohex(string);False;False;0.998;0.002
metron-platform\metron-pcap\src\main\java\org\apache\metron\pcap\utils\pcaputils.java@org.apache.metron.pcap.utils.pcaputils.convertipsegmenttohex(int);False;False;1.0;0.0
metron-platform\metron-pcap\src\main\java\org\apache\metron\pcap\utils\pcaputils.java@org.apache.metron.pcap.utils.pcaputils.convertipv4iptohex(string);False;False;0.9508333333333334;0.049166666666666664
metron-platform\metron-pcap\src\main\java\org\apache\metron\pcap\utils\pcaputils.java@org.apache.metron.pcap.utils.pcaputils.converttohex(int,int);False;False;0.9034152775648784;0.09658472243512224
metron-platform\metron-pcap\src\main\java\org\apache\metron\pcap\utils\pcaputils.java@org.apache.metron.pcap.utils.pcaputils.getpartialsessionkey(string,string,string,string,string);False;False;0.9034152775648784;0.09658472243512224
metron-platform\metron-pcap\src\main\java\org\apache\metron\pcap\utils\pcaputils.java@org.apache.metron.pcap.utils.pcaputils.getprotocolidfromname(string);False;False;0.9975;0.0025
metron-platform\metron-pcap\src\main\java\org\apache\metron\pcap\utils\pcaputils.java@org.apache.metron.pcap.utils.pcaputils.getprotocolnamefromid(int);False;False;0.9986666666666666;0.0013333333333333333
metron-platform\metron-pcap\src\main\java\org\apache\metron\pcap\utils\pcaputils.java@org.apache.metron.pcap.utils.pcaputils.getsessionkey(jsonobject);False;False;0.9791666666666666;0.020833333333333332
metron-platform\metron-pcap\src\main\java\org\apache\metron\pcap\utils\pcaputils.java@org.apache.metron.pcap.utils.pcaputils.getsessionkey(string,string,string,string,string);False;False;0.9034152775648784;0.09658472243512224
metron-platform\metron-pcap\src\main\java\org\apache\metron\pcap\utils\pcaputils.java@org.apache.metron.pcap.utils.pcaputils.getsessionkey(string,string,string,string,string,string,string);False;False;0.9034152775648784;0.09658472243512224
metron-platform\metron-pcap\src\main\java\org\apache\metron\pcap\utils\pcaputils.java@org.apache.metron.pcap.utils.pcaputils.getsessionkey(string,string,int,int,int,int,int);False;False;0.9034152775648784;0.09658472243512224
metron-platform\metron-pcap\src\main\java\org\apache\metron\pcap\utils\pcaputils.java@org.apache.metron.pcap.utils.pcaputils.getshortsessionkey(string,string,int,int,int);False;False;0.9034152775648784;0.09658472243512224
metron-platform\metron-pcap\src\main\java\org\apache\metron\pcap\utils\pcaputils.java@org.apache.metron.pcap.utils.pcaputils.invertmap(map);False;False;0.9034152775648784;0.09658472243512224
metron-platform\metron-pcap\src\main\java\org\apache\metron\pcap\writer\pcapwriter.java@org.apache.metron.pcap.writer.pcapwriter.pcapwriter(string,string);False;False;0.9034152775648784;0.09658472243512224
metron-platform\metron-pcap\src\main\java\org\apache\metron\pcap\writer\pcapwriter.java@org.apache.metron.pcap.writer.pcapwriter.getkey(tuple,jsonobject);False;False;0.9034152775648784;0.09658472243512224
metron-platform\metron-pcap\src\main\java\org\apache\metron\pcap\writer\pcapwriter.java@org.apache.metron.pcap.writer.pcapwriter.getname();False;False;1.0;0.0
metron-platform\metron-pcap\src\main\java\org\apache\metron\pcap\writer\pcapwriter.java@org.apache.metron.pcap.writer.pcapwriter.gettimestamp(tuple,jsonobject);False;False;0.9034152775648784;0.09658472243512224
metron-platform\metron-pcap\src\main\java\org\apache\metron\pcap\writer\pcapwriter.java@org.apache.metron.pcap.writer.pcapwriter.getvalues(tuple,jsonobject);False;False;0.9034152775648784;0.09658472243512224
metron-platform\metron-pcap\src\test\java\org\apache\metron\pcap\pcapfilenamehelpertest.java@org.apache.metron.pcap.pcapfilenamehelpertest.extracts_info_from_filename();False;False;0.997;0.003
metron-platform\metron-pcap\src\test\java\org\apache\metron\pcap\pcapfilenamehelpertest.java@org.apache.metron.pcap.pcapfilenamehelpertest.extracts_null_info_from_bad_filename_parts();False;False;0.976;0.024
metron-platform\metron-pcap\src\test\java\org\apache\metron\pcap\pcaphelpertest.java@org.apache.metron.pcap.pcaphelpertest.readsamplepackets(string);False;False;0.964;0.036
metron-platform\metron-pcap\src\test\java\org\apache\metron\pcap\pcaphelpertest.java@org.apache.metron.pcap.pcaphelpertest.stripheaders(byte[]);False;False;0.9034152775648784;0.09658472243512224
metron-platform\metron-pcap\src\test\java\org\apache\metron\pcap\pcaphelpertest.java@org.apache.metron.pcap.pcaphelpertest.testlittleendianheaderization();False;False;0.989;0.011
metron-platform\metron-pcap\src\test\java\org\apache\metron\pcap\pcappackercomparatortest.java@org.apache.metron.pcap.pcappackercomparatortest.testbothsmalldifferences();False;False;1.0;0.0
metron-platform\metron-pcap\src\test\java\org\apache\metron\pcap\pcappackercomparatortest.java@org.apache.metron.pcap.pcappackercomparatortest.testdifferingmicroseconds();False;False;1.0;0.0
metron-platform\metron-pcap\src\test\java\org\apache\metron\pcap\pcappackercomparatortest.java@org.apache.metron.pcap.pcappackercomparatortest.testdifferingseconds();False;False;1.0;0.0
metron-platform\metron-pcap\src\test\java\org\apache\metron\pcap\pcappackercomparatortest.java@org.apache.metron.pcap.pcappackercomparatortest.testequal();False;False;0.984;0.016
metron-platform\metron-pcap\src\test\java\org\apache\metron\pcap\pcappackercomparatortest.java@org.apache.metron.pcap.pcappackercomparatortest.testlargedifference();False;False;1.0;0.0
metron-platform\metron-pcap\src\test\java\org\apache\metron\pcap\filter\pcapfilterstest.java@org.apache.metron.pcap.filter.pcapfilterstest.creates_pcap_filters();False;False;0.981;0.019
metron-platform\metron-pcap\src\test\java\org\apache\metron\pcap\filter\fixed\fixedpcapfiltertest.java@org.apache.metron.pcap.filter.fixed.fixedpcapfiltertest.string_representation_of_empty_fields_empty();False;False;0.979;0.021
metron-platform\metron-pcap\src\test\java\org\apache\metron\pcap\filter\fixed\fixedpcapfiltertest.java@org.apache.metron.pcap.filter.fixed.fixedpcapfiltertest.string_representation_of_query_gets_formatted();False;False;0.996;0.004
metron-platform\metron-pcap\src\test\java\org\apache\metron\pcap\filter\query\querypcapfiltertest.java@org.apache.metron.pcap.filter.query.querypcapfiltertest.string_representation_of_empty_query_empty();False;False;0.997;0.003
metron-platform\metron-pcap\src\test\java\org\apache\metron\pcap\filter\query\querypcapfiltertest.java@org.apache.metron.pcap.filter.query.querypcapfiltertest.string_representation_of_query_gets_formatted();False;False;0.9923333333333334;0.007666666666666667
metron-platform\metron-pcap\src\test\java\org\apache\metron\pcap\mr\filefilterutiltest.java@org.apache.metron.pcap.mr.filefilterutiltest.returns_files_by_partition();False;False;0.992;0.008
metron-platform\metron-pcap\src\test\java\org\apache\metron\pcap\mr\filefilterutiltest.java@org.apache.metron.pcap.mr.filefilterutiltest.returns_left_trailing_filtered_list();False;False;0.997;0.003
metron-platform\metron-pcap\src\test\java\org\apache\metron\pcap\mr\filefilterutiltest.java@org.apache.metron.pcap.mr.filefilterutiltest.returns_left_trailing_filtered_list_from_paths();False;False;0.997;0.003
metron-platform\metron-pcap\src\test\java\org\apache\metron\pcap\mr\filefilterutiltest.java@org.apache.metron.pcap.mr.filefilterutiltest.setup();False;False;0.997;0.003
metron-platform\metron-pcap\src\test\java\org\apache\metron\pcap\mr\filefilterutiltest.java@org.apache.metron.pcap.mr.filefilterutiltest.test_getpaths_nofiles();False;False;0.996;0.004
metron-platform\metron-pcap\src\test\java\org\apache\metron\pcap\mr\filefilterutiltest.java@org.apache.metron.pcap.mr.filefilterutiltest.test_getpaths_bothedges();False;False;0.996;0.004
metron-platform\metron-pcap\src\test\java\org\apache\metron\pcap\mr\filefilterutiltest.java@org.apache.metron.pcap.mr.filefilterutiltest.test_getpaths_leftedge();False;False;0.9925;0.0075
metron-platform\metron-pcap\src\test\java\org\apache\metron\pcap\mr\filefilterutiltest.java@org.apache.metron.pcap.mr.filefilterutiltest.test_getpaths_rightedge();False;False;0.9813999999999999;0.018600000000000002
metron-platform\metron-pcap\src\test\java\org\apache\metron\pcap\mr\filefilterutiltest.java@org.apache.metron.pcap.mr.filefilterutiltest.tolist(string);False;False;0.9034152775648784;0.09658472243512224
metron-platform\metron-pcap\src\test\java\org\apache\metron\pcap\pattern\bytearraymatchingutiltest.java@org.apache.metron.pcap.pattern.bytearraymatchingutiltest.bytearraymatchingutiltest(evaluationstrategy);False;False;0.9034152775648784;0.09658472243512224
metron-platform\metron-pcap\src\test\java\org\apache\metron\pcap\pattern\bytearraymatchingutiltest.java@org.apache.metron.pcap.pattern.bytearraymatchingutiltest.evaluationstrategy(evaluator);False;False;0.9034152775648784;0.09658472243512224
metron-platform\metron-pcap\src\test\java\org\apache\metron\pcap\pattern\bytearraymatchingutiltest.java@org.apache.metron.pcap.pattern.bytearraymatchingutiltest.evaluate(string,byte[]);False;False;0.9034152775648784;0.09658472243512224
metron-platform\metron-pcap\src\test\java\org\apache\metron\pcap\pattern\bytearraymatchingutiltest.java@org.apache.metron.pcap.pattern.bytearraymatchingutiltest.join(byte[]);False;False;0.9034152775648784;0.09658472243512224
metron-platform\metron-pcap\src\test\java\org\apache\metron\pcap\pattern\bytearraymatchingutiltest.java@org.apache.metron.pcap.pattern.bytearraymatchingutiltest.strategies();False;False;0.996;0.004
metron-platform\metron-pcap\src\test\java\org\apache\metron\pcap\pattern\bytearraymatchingutiltest.java@org.apache.metron.pcap.pattern.bytearraymatchingutiltest.testbytesmatch();False;False;0.997;0.003
metron-platform\metron-pcap\src\test\java\org\apache\metron\pcap\pattern\bytearraymatchingutiltest.java@org.apache.metron.pcap.pattern.bytearraymatchingutiltest.teststringmatch();False;False;1.0;0.0
metron-platform\metron-pcap\src\test\java\org\apache\metron\pcap\utils\pcaputilstest.java@org.apache.metron.pcap.utils.pcaputilstest.testconverthextoipv4ip();False;False;0.994;0.006
metron-platform\metron-solr\src\main\java\org\apache\metron\solr\dao\solrmetaalertdao.java@org.apache.metron.solr.dao.solrmetaalertdao.solrmetaalertdao(indexdao,solrmetaalertsearchdao,solrmetaalertupdatedao,solrmetaalertretrievelatestdao);True;False;0.9034152775648784;0.09658472243512224
metron-platform\metron-solr\src\main\java\org\apache\metron\solr\dao\solrmetaalertdao.java@org.apache.metron.solr.dao.solrmetaalertdao.solrmetaalertdao(indexdao,solrmetaalertsearchdao,solrmetaalertupdatedao,solrmetaalertretrievelatestdao,string,string);False;False;0.9034152775648784;0.09658472243512224
metron-platform\metron-solr\src\main\java\org\apache\metron\solr\dao\solrmetaalertdao.java@org.apache.metron.solr.dao.solrmetaalertdao.solrmetaalertdao(indexdao,solrmetaalertsearchdao,solrmetaalertupdatedao,solrmetaalertretrievelatestdao,string,string,string);True;False;0.9034152775648784;0.09658472243512224
metron-platform\metron-solr\src\main\java\org\apache\metron\solr\dao\solrmetaalertdao.java@org.apache.metron.solr.dao.solrmetaalertdao.addalertstometaalert(string,list);False;False;0.9034152775648784;0.09658472243512224
metron-platform\metron-solr\src\main\java\org\apache\metron\solr\dao\solrmetaalertdao.java@org.apache.metron.solr.dao.solrmetaalertdao.addcommenttoalert(commentaddremoverequest);False;False;0.9034152775648784;0.09658472243512224
metron-platform\metron-solr\src\main\java\org\apache\metron\solr\dao\solrmetaalertdao.java@org.apache.metron.solr.dao.solrmetaalertdao.addcommenttoalert(commentaddremoverequest,document);False;False;0.9034152775648784;0.09658472243512224
metron-platform\metron-solr\src\main\java\org\apache\metron\solr\dao\solrmetaalertdao.java@org.apache.metron.solr.dao.solrmetaalertdao.batchupdate(map);False;False;0.9034152775648784;0.09658472243512224
metron-platform\metron-solr\src\main\java\org\apache\metron\solr\dao\solrmetaalertdao.java@org.apache.metron.solr.dao.solrmetaalertdao.createmetaalert(metaalertcreaterequest);False;False;0.9034152775648784;0.09658472243512224
metron-platform\metron-solr\src\main\java\org\apache\metron\solr\dao\solrmetaalertdao.java@org.apache.metron.solr.dao.solrmetaalertdao.getalllatest(list);False;False;0.9034152775648784;0.09658472243512224
metron-platform\metron-solr\src\main\java\org\apache\metron\solr\dao\solrmetaalertdao.java@org.apache.metron.solr.dao.solrmetaalertdao.getallmetaalertsforalert(string);False;False;0.9034152775648784;0.09658472243512224
metron-platform\metron-solr\src\main\java\org\apache\metron\solr\dao\solrmetaalertdao.java@org.apache.metron.solr.dao.solrmetaalertdao.getcolumnmetadata(list);False;False;0.9034152775648784;0.09658472243512224
metron-platform\metron-solr\src\main\java\org\apache\metron\solr\dao\solrmetaalertdao.java@org.apache.metron.solr.dao.solrmetaalertdao.getdefaultsourcetypefield();True;False;0.9034152775648784;0.09658472243512224
metron-platform\metron-solr\src\main\java\org\apache\metron\solr\dao\solrmetaalertdao.java@org.apache.metron.solr.dao.solrmetaalertdao.getdefaultthreattriagefield();True;False;0.9034152775648784;0.09658472243512224
metron-platform\metron-solr\src\main\java\org\apache\metron\solr\dao\solrmetaalertdao.java@org.apache.metron.solr.dao.solrmetaalertdao.getlatest(string,string);False;False;0.9034152775648784;0.09658472243512224
metron-platform\metron-solr\src\main\java\org\apache\metron\solr\dao\solrmetaalertdao.java@org.apache.metron.solr.dao.solrmetaalertdao.group(grouprequest);False;False;0.9034152775648784;0.09658472243512224
metron-platform\metron-solr\src\main\java\org\apache\metron\solr\dao\solrmetaalertdao.java@org.apache.metron.solr.dao.solrmetaalertdao.init(indexdao,optional);True;False;0.9034152775648784;0.09658472243512224
metron-platform\metron-solr\src\main\java\org\apache\metron\solr\dao\solrmetaalertdao.java@org.apache.metron.solr.dao.solrmetaalertdao.patch(retrievelatestdao,patchrequest,optional);False;False;0.9034152775648784;0.09658472243512224
metron-platform\metron-solr\src\main\java\org\apache\metron\solr\dao\solrmetaalertdao.java@org.apache.metron.solr.dao.solrmetaalertdao.removealertsfrommetaalert(string,list);False;False;0.9034152775648784;0.09658472243512224
metron-platform\metron-solr\src\main\java\org\apache\metron\solr\dao\solrmetaalertdao.java@org.apache.metron.solr.dao.solrmetaalertdao.removecommentfromalert(commentaddremoverequest);False;False;0.9034152775648784;0.09658472243512224
metron-platform\metron-solr\src\main\java\org\apache\metron\solr\dao\solrmetaalertdao.java@org.apache.metron.solr.dao.solrmetaalertdao.removecommentfromalert(commentaddremoverequest,document);False;False;0.9034152775648784;0.09658472243512224
metron-platform\metron-solr\src\main\java\org\apache\metron\solr\dao\solrmetaalertdao.java@org.apache.metron.solr.dao.solrmetaalertdao.search(searchrequest);False;False;0.9034152775648784;0.09658472243512224
metron-platform\metron-solr\src\main\java\org\apache\metron\solr\dao\solrmetaalertdao.java@org.apache.metron.solr.dao.solrmetaalertdao.update(document,optional);False;False;0.9034152775648784;0.09658472243512224
metron-platform\metron-solr\src\main\java\org\apache\metron\solr\dao\solrmetaalertdao.java@org.apache.metron.solr.dao.solrmetaalertdao.updatemetaalertstatus(string,metaalertstatus);False;False;0.9034152775648784;0.09658472243512224
metron-platform\metron-solr\src\main\java\org\apache\metron\solr\dao\solrmetaalertsearchdao.java@org.apache.metron.solr.dao.solrmetaalertsearchdao.solrmetaalertsearchdao(solrclient,solrsearchdao);False;False;0.9034152775648784;0.09658472243512224
metron-platform\metron-solr\src\main\java\org\apache\metron\solr\dao\solrmetaalertsearchdao.java@org.apache.metron.solr.dao.solrmetaalertsearchdao.solrmetaalertsearchdao(solrclient,solrsearchdao,metaalertconfig);True;False;0.9034152775648784;0.09658472243512224
metron-platform\metron-solr\src\main\java\org\apache\metron\solr\dao\solrmetaalertsearchdao.java@org.apache.metron.solr.dao.solrmetaalertsearchdao.getallmetaalertsforalert(string);True;False;0.9034152775648784;0.09658472243512224
metron-platform\metron-solr\src\main\java\org\apache\metron\solr\dao\solrmetaalertsearchdao.java@org.apache.metron.solr.dao.solrmetaalertsearchdao.group(grouprequest);True;False;0.9034152775648784;0.09658472243512224
metron-platform\metron-solr\src\main\java\org\apache\metron\solr\dao\solrmetaalertsearchdao.java@org.apache.metron.solr.dao.solrmetaalertsearchdao.search(searchrequest);True;False;0.9034152775648784;0.09658472243512224
metron-platform\metron-solr\src\main\java\org\apache\metron\solr\dao\solrmetaalertupdatedao.java@org.apache.metron.solr.dao.solrmetaalertupdatedao.solrmetaalertupdatedao(solrdao,solrmetaalertsearchdao,solrmetaalertretrievelatestdao,metaalertconfig);False;False;0.9034152775648784;0.09658472243512224
metron-platform\metron-solr\src\main\java\org\apache\metron\solr\dao\solrmetaalertupdatedao.java@org.apache.metron.solr.dao.solrmetaalertupdatedao.addalertstometaalert(string,list);False;False;0.9034152775648784;0.09658472243512224
metron-platform\metron-solr\src\main\java\org\apache\metron\solr\dao\solrmetaalertupdatedao.java@org.apache.metron.solr.dao.solrmetaalertupdatedao.addcommenttoalert(commentaddremoverequest);False;False;0.9034152775648784;0.09658472243512224
metron-platform\metron-solr\src\main\java\org\apache\metron\solr\dao\solrmetaalertupdatedao.java@org.apache.metron.solr.dao.solrmetaalertupdatedao.addcommenttoalert(commentaddremoverequest,document);False;False;0.9034152775648784;0.09658472243512224
metron-platform\metron-solr\src\main\java\org\apache\metron\solr\dao\solrmetaalertupdatedao.java@org.apache.metron.solr.dao.solrmetaalertupdatedao.createmetaalert(metaalertcreaterequest);True;False;0.9034152775648784;0.09658472243512224
metron-platform\metron-solr\src\main\java\org\apache\metron\solr\dao\solrmetaalertupdatedao.java@org.apache.metron.solr.dao.solrmetaalertupdatedao.removecommentfromalert(commentaddremoverequest);False;False;0.9034152775648784;0.09658472243512224
metron-platform\metron-solr\src\main\java\org\apache\metron\solr\dao\solrmetaalertupdatedao.java@org.apache.metron.solr.dao.solrmetaalertupdatedao.removecommentfromalert(commentaddremoverequest,document);False;False;0.9034152775648784;0.09658472243512224
metron-platform\metron-solr\src\main\java\org\apache\metron\solr\dao\solrmetaalertupdatedao.java@org.apache.metron.solr.dao.solrmetaalertupdatedao.replacealertinmetaalert(document,document);False;False;0.9034152775648784;0.09658472243512224
metron-platform\metron-solr\src\main\java\org\apache\metron\solr\dao\solrmetaalertupdatedao.java@org.apache.metron.solr.dao.solrmetaalertupdatedao.update(document,optional);False;False;0.9034152775648784;0.09658472243512224
metron-platform\metron-solr\src\main\java\org\apache\metron\solr\writer\metronsolrclient.java@org.apache.metron.solr.writer.metronsolrclient.metronsolrclient(string);False;False;0.9034152775648784;0.09658472243512224
metron-platform\metron-solr\src\main\java\org\apache\metron\solr\writer\metronsolrclient.java@org.apache.metron.solr.writer.metronsolrclient.createcollection(string,int,int);False;False;0.9034152775648784;0.09658472243512224
metron-platform\metron-solr\src\main\java\org\apache\metron\solr\writer\metronsolrclient.java@org.apache.metron.solr.writer.metronsolrclient.getcreatecollectionsrequest(string,int,int);False;False;0.9034152775648784;0.09658472243512224
metron-platform\metron-solr\src\main\java\org\apache\metron\solr\writer\metronsolrclient.java@org.apache.metron.solr.writer.metronsolrclient.getlistcollectionsrequest();False;False;0.991;0.009
metron-platform\metron-solr\src\main\java\org\apache\metron\solr\writer\metronsolrclient.java@org.apache.metron.solr.writer.metronsolrclient.listcollections();False;False;0.9550999999999998;0.044899999999999995
metron-platform\metron-solr\src\main\java\org\apache\metron\solr\writer\solrwriter.java@org.apache.metron.solr.writer.solrwriter.close();False;False;1.0;0.0
metron-platform\metron-solr\src\main\java\org\apache\metron\solr\writer\solrwriter.java@org.apache.metron.solr.writer.solrwriter.getcollection(writerconfiguration);False;False;0.998;0.002
metron-platform\metron-solr\src\main\java\org\apache\metron\solr\writer\solrwriter.java@org.apache.metron.solr.writer.solrwriter.getfieldname(object,object);False;False;0.9034152775648784;0.09658472243512224
metron-platform\metron-solr\src\main\java\org\apache\metron\solr\writer\solrwriter.java@org.apache.metron.solr.writer.solrwriter.getidvalue(jsonobject);False;False;0.99575;0.00425
metron-platform\metron-solr\src\main\java\org\apache\metron\solr\writer\solrwriter.java@org.apache.metron.solr.writer.solrwriter.getname();False;False;1.0;0.0
metron-platform\metron-solr\src\main\java\org\apache\metron\solr\writer\solrwriter.java@org.apache.metron.solr.writer.solrwriter.init(map,topologycontext,writerconfiguration);False;False;0.9034152775648784;0.09658472243512224
metron-platform\metron-solr\src\main\java\org\apache\metron\solr\writer\solrwriter.java@org.apache.metron.solr.writer.solrwriter.withmetronsolrclient(metronsolrclient);False;False;1.0;0.0
metron-platform\metron-solr\src\main\java\org\apache\metron\solr\writer\solrwriter.java@org.apache.metron.solr.writer.solrwriter.withshouldcommit(boolean);False;False;1.0;0.0
metron-platform\metron-solr\src\main\java\org\apache\metron\solr\writer\solrwriter.java@org.apache.metron.solr.writer.solrwriter.write(string,writerconfiguration,iterable,list);False;False;0.9034152775648784;0.09658472243512224
metron-platform\metron-solr\src\test\java\org\apache\metron\solr\integration\solrindexingintegrationtest.java@org.apache.metron.solr.integration.solrindexingintegrationtest.apply(solrcomponent);False;False;0.9034152775648784;0.09658472243512224
metron-platform\metron-solr\src\test\java\org\apache\metron\solr\integration\solrindexingintegrationtest.java@org.apache.metron.solr.integration.solrindexingintegrationtest.cleanfield(string);False;False;0.99975;0.00025
metron-platform\metron-solr\src\test\java\org\apache\metron\solr\integration\solrindexingintegrationtest.java@org.apache.metron.solr.integration.solrindexingintegrationtest.getfieldnameconverter();False;False;0.996;0.004
metron-platform\metron-solr\src\test\java\org\apache\metron\solr\integration\solrindexingintegrationtest.java@org.apache.metron.solr.integration.solrindexingintegrationtest.getfluxpath();False;False;1.0;0.0
metron-platform\metron-solr\src\test\java\org\apache\metron\solr\integration\solrindexingintegrationtest.java@org.apache.metron.solr.integration.solrindexingintegrationtest.getprocessor(list);False;False;0.9034152775648784;0.09658472243512224
metron-platform\metron-solr\src\test\java\org\apache\metron\solr\integration\solrindexingintegrationtest.java@org.apache.metron.solr.integration.solrindexingintegrationtest.getresult();False;False;0.99675;0.00325
metron-platform\metron-solr\src\test\java\org\apache\metron\solr\integration\solrindexingintegrationtest.java@org.apache.metron.solr.integration.solrindexingintegrationtest.getsearchcomponent(properties);False;False;0.9034152775648784;0.09658472243512224
metron-platform\metron-solr\src\test\java\org\apache\metron\solr\integration\solrindexingintegrationtest.java@org.apache.metron.solr.integration.solrindexingintegrationtest.gettemplatepath();False;False;1.0;0.0
metron-platform\metron-solr\src\test\java\org\apache\metron\solr\integration\solrindexingintegrationtest.java@org.apache.metron.solr.integration.solrindexingintegrationtest.process(componentrunner);False;False;0.989;0.011
metron-platform\metron-solr\src\test\java\org\apache\metron\solr\integration\solrindexingintegrationtest.java@org.apache.metron.solr.integration.solrindexingintegrationtest.setadditionalproperties(properties);False;False;0.9578333333333334;0.04216666666666667
metron-platform\metron-solr\src\test\java\org\apache\metron\solr\integration\solrmetaalertintegrationtest.java@org.apache.metron.solr.integration.solrmetaalertintegrationtest.addrecords(list,string,string);False;False;0.9034152775648784;0.09658472243512224
metron-platform\metron-solr\src\test\java\org\apache\metron\solr\integration\solrmetaalertintegrationtest.java@org.apache.metron.solr.integration.solrmetaalertintegrationtest.commit();False;False;0.9034152775648784;0.09658472243512224
metron-platform\metron-solr\src\test\java\org\apache\metron\solr\integration\solrmetaalertintegrationtest.java@org.apache.metron.solr.integration.solrmetaalertintegrationtest.getdefaultsourcetypefield();True;False;0.9034152775648784;0.09658472243512224
metron-platform\metron-solr\src\test\java\org\apache\metron\solr\integration\solrmetaalertintegrationtest.java@org.apache.metron.solr.integration.solrmetaalertintegrationtest.getdefaultthreattriagefield();True;False;0.9034152775648784;0.09658472243512224
metron-platform\metron-solr\src\test\java\org\apache\metron\solr\integration\solrmetaalertintegrationtest.java@org.apache.metron.solr.integration.solrmetaalertintegrationtest.getmatchingalertcount(string,object);False;False;0.9034152775648784;0.09658472243512224
metron-platform\metron-solr\src\test\java\org\apache\metron\solr\integration\solrmetaalertintegrationtest.java@org.apache.metron.solr.integration.solrmetaalertintegrationtest.getmatchingmetaalertcount(string,string);False;False;0.9034152775648784;0.09658472243512224
metron-platform\metron-solr\src\test\java\org\apache\metron\solr\integration\solrmetaalertintegrationtest.java@org.apache.metron.solr.integration.solrmetaalertintegrationtest.getmetaalertindex();False;False;0.9034152775648784;0.09658472243512224
metron-platform\metron-solr\src\test\java\org\apache\metron\solr\integration\solrmetaalertintegrationtest.java@org.apache.metron.solr.integration.solrmetaalertintegrationtest.getsourcetypefield();False;False;0.9034152775648784;0.09658472243512224
metron-platform\metron-solr\src\test\java\org\apache\metron\solr\integration\solrmetaalertintegrationtest.java@org.apache.metron.solr.integration.solrmetaalertintegrationtest.gettestindexname();False;False;0.9034152775648784;0.09658472243512224
metron-platform\metron-solr\src\test\java\org\apache\metron\solr\integration\solrmetaalertintegrationtest.java@org.apache.metron.solr.integration.solrmetaalertintegrationtest.isemptymetaalertlist();False;False;0.9034152775648784;0.09658472243512224
metron-platform\metron-solr\src\test\java\org\apache\metron\solr\integration\solrmetaalertintegrationtest.java@org.apache.metron.solr.integration.solrmetaalertintegrationtest.isfinitedoubleonly();False;False;0.9034152775648784;0.09658472243512224
metron-platform\metron-solr\src\test\java\org\apache\metron\solr\integration\solrmetaalertintegrationtest.java@org.apache.metron.solr.integration.solrmetaalertintegrationtest.reset();False;False;0.9034152775648784;0.09658472243512224
metron-platform\metron-solr\src\test\java\org\apache\metron\solr\integration\solrmetaalertintegrationtest.java@org.apache.metron.solr.integration.solrmetaalertintegrationtest.setemptiedmetaalertfield(map);False;False;0.9034152775648784;0.09658472243512224
metron-platform\metron-solr\src\test\java\org\apache\metron\solr\integration\solrmetaalertintegrationtest.java@org.apache.metron.solr.integration.solrmetaalertintegrationtest.setup();False;False;0.9034152775648784;0.09658472243512224
metron-platform\metron-solr\src\test\java\org\apache\metron\solr\integration\solrmetaalertintegrationtest.java@org.apache.metron.solr.integration.solrmetaalertintegrationtest.setupbefore();True;False;0.9034152775648784;0.09658472243512224
metron-platform\metron-solr\src\test\java\org\apache\metron\solr\integration\solrmetaalertintegrationtest.java@org.apache.metron.solr.integration.solrmetaalertintegrationtest.shouldnotretrievefullchildrenwithoutsourcetype();False;False;0.9034152775648784;0.09658472243512224
metron-platform\metron-solr\src\test\java\org\apache\metron\solr\integration\solrmetaalertintegrationtest.java@org.apache.metron.solr.integration.solrmetaalertintegrationtest.shouldsearchbynestedalert();False;False;0.9034152775648784;0.09658472243512224
metron-platform\metron-solr\src\test\java\org\apache\metron\solr\integration\solrmetaalertintegrationtest.java@org.apache.metron.solr.integration.solrmetaalertintegrationtest.teardown();False;False;0.9034152775648784;0.09658472243512224
metron-platform\metron-solr\src\test\java\org\apache\metron\solr\integration\components\solrcomponent.java@org.apache.metron.solr.integration.components.builder.addcollection(string,string);False;False;0.9034152775648784;0.09658472243512224
metron-platform\metron-solr\src\test\java\org\apache\metron\solr\integration\components\solrcomponent.java@org.apache.metron.solr.integration.components.builder.build();False;False;0.9951666666666666;0.004833333333333333
metron-platform\metron-solr\src\test\java\org\apache\metron\solr\integration\components\solrcomponent.java@org.apache.metron.solr.integration.components.builder.withport(int);False;False;0.9034152775648784;0.09658472243512224
metron-platform\metron-solr\src\test\java\org\apache\metron\solr\integration\components\solrcomponent.java@org.apache.metron.solr.integration.components.builder.withpoststartcallback(function);False;False;0.9034152775648784;0.09658472243512224
metron-platform\metron-solr\src\test\java\org\apache\metron\solr\integration\components\solrcomponent.java@org.apache.metron.solr.integration.components.builder.withsolrxmlpath(string);False;False;0.9034152775648784;0.09658472243512224
metron-platform\metron-solr\src\test\java\org\apache\metron\solr\integration\components\solrcomponent.java@org.apache.metron.solr.integration.components.solrcomponent.solrcomponent(int,string,map,function);False;False;0.9034152775648784;0.09658472243512224
metron-platform\metron-solr\src\test\java\org\apache\metron\solr\integration\components\solrcomponent.java@org.apache.metron.solr.integration.components.solrcomponent.addcollection(string,string);False;False;0.9034152775648784;0.09658472243512224
metron-platform\metron-solr\src\test\java\org\apache\metron\solr\integration\components\solrcomponent.java@org.apache.metron.solr.integration.components.solrcomponent.build();False;False;0.9034152775648784;0.09658472243512224
metron-platform\metron-solr\src\test\java\org\apache\metron\solr\integration\components\solrcomponent.java@org.apache.metron.solr.integration.components.solrcomponent.getallindexeddocs(string);False;False;0.9034152775648784;0.09658472243512224
metron-platform\metron-solr\src\test\java\org\apache\metron\solr\integration\components\solrcomponent.java@org.apache.metron.solr.integration.components.solrcomponent.getminisolrcloudcluster();False;False;1.0;0.0
metron-platform\metron-solr\src\test\java\org\apache\metron\solr\integration\components\solrcomponent.java@org.apache.metron.solr.integration.components.solrcomponent.getsolrclient();False;False;0.9985284992784993;0.0014715007215007215
metron-platform\metron-solr\src\test\java\org\apache\metron\solr\integration\components\solrcomponent.java@org.apache.metron.solr.integration.components.solrcomponent.getzookeeperurl();False;False;1.0;0.0
metron-platform\metron-solr\src\test\java\org\apache\metron\solr\integration\components\solrcomponent.java@org.apache.metron.solr.integration.components.solrcomponent.hascollection(string);False;False;0.9034152775648784;0.09658472243512224
metron-platform\metron-solr\src\test\java\org\apache\metron\solr\integration\components\solrcomponent.java@org.apache.metron.solr.integration.components.solrcomponent.reset();False;False;0.9034152775648784;0.09658472243512224
metron-platform\metron-solr\src\test\java\org\apache\metron\solr\integration\components\solrcomponent.java@org.apache.metron.solr.integration.components.solrcomponent.start();False;False;0.9034152775648784;0.09658472243512224
metron-platform\metron-solr\src\test\java\org\apache\metron\solr\integration\components\solrcomponent.java@org.apache.metron.solr.integration.components.solrcomponent.stop();False;False;0.9034152775648784;0.09658472243512224
metron-platform\metron-solr\src\test\java\org\apache\metron\solr\integration\components\solrcomponent.java@org.apache.metron.solr.integration.components.solrcomponent.withport(int);False;False;1.0;0.0
metron-platform\metron-solr\src\test\java\org\apache\metron\solr\integration\components\solrcomponent.java@org.apache.metron.solr.integration.components.solrcomponent.withpoststartcallback(function);False;False;0.9034152775648784;0.09658472243512224
metron-platform\metron-solr\src\test\java\org\apache\metron\solr\integration\components\solrcomponent.java@org.apache.metron.solr.integration.components.solrcomponent.withsolrxmlpath(string);False;False;1.0;0.0
metron-platform\metron-solr\src\test\java\org\apache\metron\solr\writer\metronsolrclienttest.java@org.apache.metron.solr.writer.collectionrequestmatcher.collectionrequestmatcher(string);False;False;0.9034152775648784;0.09658472243512224
metron-platform\metron-solr\src\test\java\org\apache\metron\solr\writer\metronsolrclienttest.java@org.apache.metron.solr.writer.collectionrequestmatcher.describeto(description);False;False;0.9034152775648784;0.09658472243512224
metron-platform\metron-solr\src\test\java\org\apache\metron\solr\writer\metronsolrclienttest.java@org.apache.metron.solr.writer.collectionrequestmatcher.matches(object);False;False;0.9034152775648784;0.09658472243512224
metron-platform\metron-solr\src\test\java\org\apache\metron\solr\writer\metronsolrclienttest.java@org.apache.metron.solr.writer.metronsolrclienttest.collectionrequestmatcher(string);False;False;0.9034152775648784;0.09658472243512224
metron-platform\metron-solr\src\test\java\org\apache\metron\solr\writer\metronsolrclienttest.java@org.apache.metron.solr.writer.metronsolrclienttest.describeto(description);False;False;1.0;0.0
metron-platform\metron-solr\src\test\java\org\apache\metron\solr\writer\metronsolrclienttest.java@org.apache.metron.solr.writer.metronsolrclienttest.matches(object);False;False;0.996;0.004
metron-platform\metron-solr\src\test\java\org\apache\metron\solr\writer\metronsolrclienttest.java@org.apache.metron.solr.writer.metronsolrclienttest.testclient();False;False;1.0;0.0
metron-platform\metron-solr\src\test\java\org\apache\metron\solr\writer\solrwritertest.java@org.apache.metron.solr.writer.collectionrequestmatcher.collectionrequestmatcher(string);False;False;0.9034152775648784;0.09658472243512224
metron-platform\metron-solr\src\test\java\org\apache\metron\solr\writer\solrwritertest.java@org.apache.metron.solr.writer.collectionrequestmatcher.describeto(description);False;False;0.9034152775648784;0.09658472243512224
metron-platform\metron-solr\src\test\java\org\apache\metron\solr\writer\solrwritertest.java@org.apache.metron.solr.writer.collectionrequestmatcher.matches(object);False;False;0.9034152775648784;0.09658472243512224
metron-platform\metron-solr\src\test\java\org\apache\metron\solr\writer\solrwritertest.java@org.apache.metron.solr.writer.solrinputdocumentmatcher.solrinputdocumentmatcher(int,string,int,double);False;False;0.9034152775648784;0.09658472243512224
metron-platform\metron-solr\src\test\java\org\apache\metron\solr\writer\solrwritertest.java@org.apache.metron.solr.writer.solrinputdocumentmatcher.describeto(description);False;False;0.9034152775648784;0.09658472243512224
metron-platform\metron-solr\src\test\java\org\apache\metron\solr\writer\solrwritertest.java@org.apache.metron.solr.writer.solrinputdocumentmatcher.matches(object);False;False;0.9034152775648784;0.09658472243512224
metron-platform\metron-solr\src\test\java\org\apache\metron\solr\writer\solrwritertest.java@org.apache.metron.solr.writer.solrwritertest.collectionrequestmatcher(string);False;False;0.9034152775648784;0.09658472243512224
metron-platform\metron-solr\src\test\java\org\apache\metron\solr\writer\solrwritertest.java@org.apache.metron.solr.writer.solrwritertest.solrinputdocumentmatcher(int,string,int,double);False;False;0.9034152775648784;0.09658472243512224
metron-platform\metron-solr\src\test\java\org\apache\metron\solr\writer\solrwritertest.java@org.apache.metron.solr.writer.solrwritertest.describeto(description);False;False;1.0;0.0
metron-platform\metron-solr\src\test\java\org\apache\metron\solr\writer\solrwritertest.java@org.apache.metron.solr.writer.solrwritertest.matches(object);False;False;0.9837666666666667;0.016233333333333336
metron-platform\metron-solr\src\test\java\org\apache\metron\solr\writer\solrwritertest.java@org.apache.metron.solr.writer.solrwritertest.testwriter();False;False;0.991;0.009
metron-platform\metron-storm-kafka-override\src\main\java\org\apache\storm\kafka\spout\internal\timer.java@org.apache.storm.kafka.spout.internal.timer.timer(long,long,timeunit);False;False;0.9034152775648784;0.09658472243512224
metron-platform\metron-storm-kafka-override\src\main\java\org\apache\storm\kafka\spout\internal\timer.java@org.apache.storm.kafka.spout.internal.timer.delay();False;False;0.9989866666666667;0.0010133333333333333
metron-platform\metron-storm-kafka-override\src\main\java\org\apache\storm\kafka\spout\internal\timer.java@org.apache.storm.kafka.spout.internal.timer.gettimeunit();False;False;0.9870016977227632;0.012998302277236747
metron-platform\metron-storm-kafka-override\src\main\java\org\apache\storm\kafka\spout\internal\timer.java@org.apache.storm.kafka.spout.internal.timer.isexpiredresetontrue();False;False;0.9918333333333333;0.008166666666666668
metron-platform\metron-storm-kafka-override\src\main\java\org\apache\storm\kafka\spout\internal\timer.java@org.apache.storm.kafka.spout.internal.timer.period();False;False;0.999;0.001
metron-platform\metron-storm-kafka-override\src\test\java\org\apache\storm\kafka\spout\internal\timertest.java@org.apache.storm.kafka.spout.internal.timertest.testreset();False;False;0.997;0.003
metron-platform\metron-storm-kafka\src\main\java\org\apache\metron\storm\kafka\flux\simplestormkafkabuilder.java@org.apache.metron.storm.kafka.flux.simplestormkafkabuilder.fieldsconfiguration(string,function);False;False;0.9034152775648784;0.09658472243512224
metron-platform\metron-storm-kafka\src\main\java\org\apache\metron\storm\kafka\flux\simplestormkafkabuilder.java@org.apache.metron.storm.kafka.flux.simplestormkafkabuilder.simplestormkafkabuilder(map,string,string);False;False;0.9034152775648784;0.09658472243512224
metron-platform\metron-storm-kafka\src\main\java\org\apache\metron\storm\kafka\flux\simplestormkafkabuilder.java@org.apache.metron.storm.kafka.flux.simplestormkafkabuilder.simplestormkafkabuilder(map,string,string,list);False;False;0.9034152775648784;0.09658472243512224
metron-platform\metron-storm-kafka\src\main\java\org\apache\metron\storm\kafka\flux\simplestormkafkabuilder.java@org.apache.metron.storm.kafka.flux.simplestormkafkabuilder.simplestormkafkabuilder(map,subscription,string,list);False;False;0.9034152775648784;0.09658472243512224
metron-platform\metron-storm-kafka\src\main\java\org\apache\metron\storm\kafka\flux\simplestormkafkabuilder.java@org.apache.metron.storm.kafka.flux.simplestormkafkabuilder.spoutrecordtranslator(list);False;False;0.9034152775648784;0.09658472243512224
metron-platform\metron-storm-kafka\src\main\java\org\apache\metron\storm\kafka\flux\simplestormkafkabuilder.java@org.apache.metron.storm.kafka.flux.simplestormkafkabuilder.apply(consumerrecord);False;False;0.9034152775648784;0.09658472243512224
metron-platform\metron-storm-kafka\src\main\java\org\apache\metron\storm\kafka\flux\simplestormkafkabuilder.java@org.apache.metron.storm.kafka.flux.simplestormkafkabuilder.create(string,string,list,map);False;False;0.9034152775648784;0.09658472243512224
metron-platform\metron-storm-kafka\src\main\java\org\apache\metron\storm\kafka\flux\simplestormkafkabuilder.java@org.apache.metron.storm.kafka.flux.simplestormkafkabuilder.createdeserializer(optional,string);False;False;0.9034152775648784;0.09658472243512224
metron-platform\metron-storm-kafka\src\main\java\org\apache\metron\storm\kafka\flux\simplestormkafkabuilder.java@org.apache.metron.storm.kafka.flux.simplestormkafkabuilder.getbootstrapservers(string,map);False;False;0.9034152775648784;0.09658472243512224
metron-platform\metron-storm-kafka\src\main\java\org\apache\metron\storm\kafka\flux\simplestormkafkabuilder.java@org.apache.metron.storm.kafka.flux.simplestormkafkabuilder.getfieldname();False;False;0.992;0.008
metron-platform\metron-storm-kafka\src\main\java\org\apache\metron\storm\kafka\flux\simplestormkafkabuilder.java@org.apache.metron.storm.kafka.flux.simplestormkafkabuilder.getfields(iterable);False;False;0.9034152775648784;0.09658472243512224
metron-platform\metron-storm-kafka\src\main\java\org\apache\metron\storm\kafka\flux\simplestormkafkabuilder.java@org.apache.metron.storm.kafka.flux.simplestormkafkabuilder.getfieldsfor(string);False;False;1.0;0.0
metron-platform\metron-storm-kafka\src\main\java\org\apache\metron\storm\kafka\flux\simplestormkafkabuilder.java@org.apache.metron.storm.kafka.flux.simplestormkafkabuilder.streams();False;False;0.997;0.003
metron-platform\metron-storm-kafka\src\main\java\org\apache\metron\storm\kafka\flux\simplestormkafkabuilder.java@org.apache.metron.storm.kafka.flux.simplestormkafkabuilder.tolist(list);False;False;0.9034152775648784;0.09658472243512224
metron-platform\metron-storm-kafka\src\main\java\org\apache\metron\storm\kafka\flux\simplestormkafkabuilder.java@org.apache.metron.storm.kafka.flux.simplestormkafkabuilder.tolist(string);False;False;0.999;0.001
metron-platform\metron-storm-kafka\src\main\java\org\apache\metron\storm\kafka\flux\simplestormkafkabuilder.java@org.apache.metron.storm.kafka.flux.simplestormkafkabuilder.tosubscription(string);False;False;0.98175;0.01825
metron-platform\metron-storm-kafka\src\main\java\org\apache\metron\storm\kafka\flux\simplestormkafkabuilder.java@org.apache.metron.storm.kafka.flux.spoutrecordtranslator.spoutrecordtranslator(list);False;False;0.9034152775648784;0.09658472243512224
metron-platform\metron-storm-kafka\src\main\java\org\apache\metron\storm\kafka\flux\simplestormkafkabuilder.java@org.apache.metron.storm.kafka.flux.spoutrecordtranslator.apply(consumerrecord);False;False;0.9034152775648784;0.09658472243512224
metron-platform\metron-storm-kafka\src\main\java\org\apache\metron\storm\kafka\flux\simplestormkafkabuilder.java@org.apache.metron.storm.kafka.flux.spoutrecordtranslator.getfieldsfor(string);False;False;0.9034152775648784;0.09658472243512224
metron-platform\metron-storm-kafka\src\main\java\org\apache\metron\storm\kafka\flux\simplestormkafkabuilder.java@org.apache.metron.storm.kafka.flux.spoutrecordtranslator.streams();False;False;0.9851351218008023;0.014864878199197096
metron-platform\metron-storm-kafka\src\main\java\org\apache\metron\storm\kafka\flux\spoutconfiguration.java@org.apache.metron.storm.kafka.flux.container.container(map,kafkaspoutconfig,object);False;False;0.9034152775648784;0.09658472243512224
metron-platform\metron-storm-kafka\src\main\java\org\apache\metron\storm\kafka\flux\stormkafkaspout.java@org.apache.metron.storm.kafka.flux.stormkafkaspout.stormkafkaspout(simplestormkafkabuilder);False;False;0.9034152775648784;0.09658472243512224
metron-platform\metron-storm-kafka\src\main\java\org\apache\metron\storm\kafka\flux\stormkafkaspout.java@org.apache.metron.storm.kafka.flux.stormkafkaspout.close();False;False;0.9034152775648784;0.09658472243512224
metron-platform\metron-storm-kafka\src\main\java\org\apache\metron\storm\kafka\flux\stormkafkaspout.java@org.apache.metron.storm.kafka.flux.stormkafkaspout.deactivate();False;False;0.9034152775648784;0.09658472243512224
metron-platform\metron-storm-kafka\src\main\java\org\apache\storm\kafka\callbackcollector.java@org.apache.storm.kafka.callbackcollector.callbackcollector(callback,spoutoutputcollector,emitcontext);False;False;0.9034152775648784;0.09658472243512224
metron-platform\metron-storm-kafka\src\main\java\org\apache\storm\kafka\callbackcollector.java@org.apache.storm.kafka.callbackcollector.emit(list);False;False;0.9034152775648784;0.09658472243512224
metron-platform\metron-storm-kafka\src\main\java\org\apache\storm\kafka\callbackcollector.java@org.apache.storm.kafka.callbackcollector.emit(list,object);False;False;0.9034152775648784;0.09658472243512224
metron-platform\metron-storm-kafka\src\main\java\org\apache\storm\kafka\callbackcollector.java@org.apache.storm.kafka.callbackcollector.emit(string,list);False;False;0.9034152775648784;0.09658472243512224
metron-platform\metron-storm-kafka\src\main\java\org\apache\storm\kafka\callbackcollector.java@org.apache.storm.kafka.callbackcollector.emit(string,list,object);False;False;0.9034152775648784;0.09658472243512224
metron-platform\metron-storm-kafka\src\main\java\org\apache\storm\kafka\callbackcollector.java@org.apache.storm.kafka.callbackcollector.emitdirect(int,list);False;False;0.9034152775648784;0.09658472243512224
metron-platform\metron-storm-kafka\src\main\java\org\apache\storm\kafka\callbackcollector.java@org.apache.storm.kafka.callbackcollector.emitdirect(int,list,object);False;False;0.9034152775648784;0.09658472243512224
metron-platform\metron-storm-kafka\src\main\java\org\apache\storm\kafka\callbackcollector.java@org.apache.storm.kafka.callbackcollector.emitdirect(int,string,list);False;False;0.9034152775648784;0.09658472243512224
metron-platform\metron-storm-kafka\src\main\java\org\apache\storm\kafka\callbackcollector.java@org.apache.storm.kafka.callbackcollector.emitdirect(int,string,list,object);False;False;0.9034152775648784;0.09658472243512224
metron-platform\metron-storm-kafka\src\main\java\org\apache\storm\kafka\callbackcollector.java@org.apache.storm.kafka.callbackcollector.getpartition(object);False;False;0.989;0.011
metron-platform\metron-storm-kafka\src\main\java\org\apache\storm\kafka\callbackkafkaspout.java@org.apache.storm.kafka.callbackkafkaspout.callbackkafkaspout(simplestormkafkabuilder,class);False;False;0.9034152775648784;0.09658472243512224
metron-platform\metron-storm-kafka\src\main\java\org\apache\storm\kafka\callbackkafkaspout.java@org.apache.storm.kafka.callbackkafkaspout.callbackkafkaspout(simplestormkafkabuilder,string);False;False;0.9034152775648784;0.09658472243512224
metron-platform\metron-storm-kafka\src\main\java\org\apache\storm\kafka\callbackkafkaspout.java@org.apache.storm.kafka.callbackkafkaspout.close();False;False;0.9034152775648784;0.09658472243512224
metron-platform\metron-storm-kafka\src\main\java\org\apache\storm\kafka\callbackkafkaspout.java@org.apache.storm.kafka.callbackkafkaspout.createcallback(class);False;False;0.9034152775648784;0.09658472243512224
metron-platform\metron-storm-kafka\src\main\java\org\apache\storm\kafka\callbackkafkaspout.java@org.apache.storm.kafka.callbackkafkaspout.initialize(topologycontext);False;False;0.985;0.015
metron-platform\metron-storm-kafka\src\main\java\org\apache\storm\kafka\callbackkafkaspout.java@org.apache.storm.kafka.callbackkafkaspout.open(map,topologycontext,spoutoutputcollector);False;False;0.9034152775648784;0.09658472243512224
metron-platform\metron-storm-kafka\src\main\java\org\apache\storm\kafka\callbackkafkaspout.java@org.apache.storm.kafka.callbackkafkaspout.tocallbackclass(string);False;False;0.9034152775648784;0.09658472243512224
metron-platform\metron-storm-kafka\src\main\java\org\apache\storm\kafka\emitcontext.java@org.apache.storm.kafka.emitcontext.emitcontext();False;False;0.9034152775648784;0.09658472243512224
metron-platform\metron-storm-kafka\src\main\java\org\apache\storm\kafka\emitcontext.java@org.apache.storm.kafka.emitcontext.emitcontext(enummap);False;False;0.9034152775648784;0.09658472243512224
metron-platform\metron-storm-kafka\src\main\java\org\apache\storm\kafka\emitcontext.java@org.apache.storm.kafka.emitcontext.type(class);False;False;0.9034152775648784;0.09658472243512224
metron-platform\metron-storm-kafka\src\main\java\org\apache\storm\kafka\emitcontext.java@org.apache.storm.kafka.emitcontext.add(type,t);False;False;0.9034152775648784;0.09658472243512224
metron-platform\metron-storm-kafka\src\main\java\org\apache\storm\kafka\emitcontext.java@org.apache.storm.kafka.emitcontext.clazz();False;False;0.981;0.019
metron-platform\metron-storm-kafka\src\main\java\org\apache\storm\kafka\emitcontext.java@org.apache.storm.kafka.emitcontext.clone();False;False;0.994;0.006
metron-platform\metron-storm-kafka\src\main\java\org\apache\storm\kafka\emitcontext.java@org.apache.storm.kafka.emitcontext.clonecontext();False;False;0.9034152775648784;0.09658472243512224
metron-platform\metron-storm-kafka\src\main\java\org\apache\storm\kafka\emitcontext.java@org.apache.storm.kafka.emitcontext.get(type);False;False;0.9908666666666668;0.009133333333333335
metron-platform\metron-storm-kafka\src\main\java\org\apache\storm\kafka\emitcontext.java@org.apache.storm.kafka.emitcontext.with(type,t);False;False;0.9034152775648784;0.09658472243512224
metron-platform\metron-storm-kafka\src\test\java\org\apache\metron\storm\kafka\flux\spoutconfigurationtest.java@org.apache.metron.storm.kafka.flux.spoutconfigurationtest.testbuildercreation();False;False;0.999;0.001
metron-platform\metron-storm-kafka\src\test\java\org\apache\metron\storm\kafka\flux\spoutconfigurationtest.java@org.apache.metron.storm.kafka.flux.spoutconfigurationtest.testseparation();False;False;0.993;0.007
metron-platform\metron-test-utilities\src\main\java\org\apache\metron\test\bolt\basebolttest.java@org.apache.metron.test.bolt.basebolttest.fieldsmatcher(string);False;False;0.9034152775648784;0.09658472243512224
metron-platform\metron-test-utilities\src\main\java\org\apache\metron\test\bolt\basebolttest.java@org.apache.metron.test.bolt.basebolttest.describeto(description);False;False;0.999;0.001
metron-platform\metron-test-utilities\src\main\java\org\apache\metron\test\bolt\basebolttest.java@org.apache.metron.test.bolt.basebolttest.initmocks();False;False;0.993;0.007
metron-platform\metron-test-utilities\src\main\java\org\apache\metron\test\bolt\basebolttest.java@org.apache.metron.test.bolt.basebolttest.matches(object);False;False;0.997;0.003
metron-platform\metron-test-utilities\src\main\java\org\apache\metron\test\bolt\basebolttest.java@org.apache.metron.test.bolt.basebolttest.removetimingfields(jsonobject);False;False;0.999;0.001
metron-platform\metron-test-utilities\src\main\java\org\apache\metron\test\bolt\basebolttest.java@org.apache.metron.test.bolt.fieldsmatcher.fieldsmatcher(string);False;False;0.9034152775648784;0.09658472243512224
metron-platform\metron-test-utilities\src\main\java\org\apache\metron\test\bolt\basebolttest.java@org.apache.metron.test.bolt.fieldsmatcher.describeto(description);False;False;0.9034152775648784;0.09658472243512224
metron-platform\metron-test-utilities\src\main\java\org\apache\metron\test\bolt\basebolttest.java@org.apache.metron.test.bolt.fieldsmatcher.matches(object);False;False;0.9034152775648784;0.09658472243512224
metron-platform\metron-test-utilities\src\main\java\org\apache\metron\test\bolt\baseenrichmentbolttest.java@org.apache.metron.test.bolt.baseenrichmentbolttest.parsebasemessages();False;False;0.992;0.008
metron-platform\metron-test-utilities\src\main\java\org\apache\metron\test\bolt\printingbolt.java@org.apache.metron.test.bolt.printingbolt.execute(tuple);False;False;1.0;0.0
metron-platform\metron-test-utilities\src\main\java\org\apache\metron\test\converters\hexstringconverter.java@org.apache.metron.test.converters.hexstringconverter.convert(string);False;False;0.9845;0.0155
metron-platform\metron-test-utilities\src\main\java\org\apache\metron\test\error\metronerrorjsonmatcher.java@org.apache.metron.test.error.metronerrorjsonmatcher.metronerrorjsonmatcher(jsonobject);False;False;0.9034152775648784;0.09658472243512224
metron-platform\metron-test-utilities\src\main\java\org\apache\metron\test\error\metronerrorjsonmatcher.java@org.apache.metron.test.error.metronerrorjsonmatcher.matches(object);False;False;0.965;0.035
metron-platform\metron-test-utilities\src\main\java\org\apache\metron\test\filereaders\filereader.java@org.apache.metron.test.filereaders.filereader.readfromfile(string);False;False;0.994;0.006
metron-platform\metron-test-utilities\src\main\java\org\apache\metron\test\spouts\genericinternaltestspout.java@org.apache.metron.test.spouts.genericinternaltestspout.declareoutputfields(outputfieldsdeclarer);False;False;1.0;0.0
metron-platform\metron-test-utilities\src\main\java\org\apache\metron\test\spouts\genericinternaltestspout.java@org.apache.metron.test.spouts.genericinternaltestspout.nexttuple();False;False;0.995;0.005
metron-platform\metron-test-utilities\src\main\java\org\apache\metron\test\spouts\genericinternaltestspout.java@org.apache.metron.test.spouts.genericinternaltestspout.open(map,topologycontext,spoutoutputcollector);False;False;0.9034152775648784;0.09658472243512224
metron-platform\metron-test-utilities\src\main\java\org\apache\metron\test\spouts\genericinternaltestspout.java@org.apache.metron.test.spouts.genericinternaltestspout.withbinaryconverter(string);False;False;0.9932499999999999;0.00675
metron-platform\metron-test-utilities\src\main\java\org\apache\metron\test\spouts\genericinternaltestspout.java@org.apache.metron.test.spouts.genericinternaltestspout.withfilename(string);False;False;0.9787;0.0213
metron-platform\metron-test-utilities\src\main\java\org\apache\metron\test\spouts\genericinternaltestspout.java@org.apache.metron.test.spouts.genericinternaltestspout.withmilliseconddelay(integer);False;False;0.9995;0.0005
metron-platform\metron-test-utilities\src\main\java\org\apache\metron\test\spouts\genericinternaltestspout.java@org.apache.metron.test.spouts.genericinternaltestspout.withrepeating(boolean);False;False;1.0;0.0
metron-platform\metron-test-utilities\src\main\java\org\apache\metron\test\utils\kafkaloader.java@org.apache.metron.test.utils.kafkaloader.kafkaloader(string,string,string);False;False;0.9034152775648784;0.09658472243512224
metron-platform\metron-test-utilities\src\main\java\org\apache\metron\test\utils\kafkaloader.java@org.apache.metron.test.utils.kafkaloader.main(string[]);False;False;0.9034152775648784;0.09658472243512224
metron-platform\metron-test-utilities\src\main\java\org\apache\metron\test\utils\kafkaloader.java@org.apache.metron.test.utils.kafkaloader.start();False;False;0.9034152775648784;0.09658472243512224
metron-platform\metron-test-utilities\src\main\java\org\apache\metron\test\utils\kafkaloader.java@org.apache.metron.test.utils.kafkaloader.stop();False;False;1.0;0.0
metron-platform\metron-test-utilities\src\main\java\org\apache\metron\test\utils\kafkaloader.java@org.apache.metron.test.utils.kafkaloader.withdelay(int);False;False;0.999;0.001
metron-platform\metron-test-utilities\src\main\java\org\apache\metron\test\utils\kafkaloader.java@org.apache.metron.test.utils.kafkaloader.withiterations(int);False;False;1.0;0.0
metron-platform\metron-test-utilities\src\main\java\org\apache\metron\test\utils\sampledatautils.java@org.apache.metron.test.utils.sampledatautils.getsampledatapath(string,testdatatype);False;False;0.9034152775648784;0.09658472243512224
metron-platform\metron-test-utilities\src\main\java\org\apache\metron\test\utils\unittesthelper.java@org.apache.metron.test.utils.unittesthelper.addcleanuphook(path);False;False;0.9034152775648784;0.09658472243512224
metron-platform\metron-test-utilities\src\main\java\org\apache\metron\test\utils\unittesthelper.java@org.apache.metron.test.utils.unittesthelper.assertsetequal(string,set,set);False;False;0.9034152775648784;0.09658472243512224
metron-platform\metron-test-utilities\src\main\java\org\apache\metron\test\utils\unittesthelper.java@org.apache.metron.test.utils.unittesthelper.cleandir(path);False;False;0.9034152775648784;0.09658472243512224
metron-platform\metron-test-utilities\src\main\java\org\apache\metron\test\utils\unittesthelper.java@org.apache.metron.test.utils.unittesthelper.createtempdir(file);False;False;1.0;0.0
metron-platform\metron-test-utilities\src\main\java\org\apache\metron\test\utils\unittesthelper.java@org.apache.metron.test.utils.unittesthelper.createtempdir(file,boolean);False;False;0.9034152775648784;0.09658472243512224
metron-platform\metron-test-utilities\src\main\java\org\apache\metron\test\utils\unittesthelper.java@org.apache.metron.test.utils.unittesthelper.createtempdir(string);False;False;1.0;0.0
metron-platform\metron-test-utilities\src\main\java\org\apache\metron\test\utils\unittesthelper.java@org.apache.metron.test.utils.unittesthelper.createtempdir(string,boolean);False;False;0.9034152775648784;0.09658472243512224
metron-platform\metron-test-utilities\src\main\java\org\apache\metron\test\utils\unittesthelper.java@org.apache.metron.test.utils.unittesthelper.finddir(file,string);False;False;0.9034152775648784;0.09658472243512224
metron-platform\metron-test-utilities\src\main\java\org\apache\metron\test\utils\unittesthelper.java@org.apache.metron.test.utils.unittesthelper.finddir(string);False;False;1.0;0.0
metron-platform\metron-test-utilities\src\main\java\org\apache\metron\test\utils\unittesthelper.java@org.apache.metron.test.utils.unittesthelper.getjavalogginglevel();False;False;0.991;0.009
metron-platform\metron-test-utilities\src\main\java\org\apache\metron\test\utils\unittesthelper.java@org.apache.metron.test.utils.unittesthelper.getjavalogginglevel(class);False;False;0.9973333333333334;0.0026666666666666666
metron-platform\metron-test-utilities\src\main\java\org\apache\metron\test\utils\unittesthelper.java@org.apache.metron.test.utils.unittesthelper.getlog4jlevel(class);False;False;0.999;0.001
metron-platform\metron-test-utilities\src\main\java\org\apache\metron\test\utils\unittesthelper.java@org.apache.metron.test.utils.unittesthelper.postvisitdirectory(path,ioexception);False;False;0.9034152775648784;0.09658472243512224
metron-platform\metron-test-utilities\src\main\java\org\apache\metron\test\utils\unittesthelper.java@org.apache.metron.test.utils.unittesthelper.run();False;False;0.9034152775648784;0.09658472243512224
metron-platform\metron-test-utilities\src\main\java\org\apache\metron\test\utils\unittesthelper.java@org.apache.metron.test.utils.unittesthelper.setjavalogginglevel(class,java);False;False;0.9034152775648784;0.09658472243512224
metron-platform\metron-test-utilities\src\main\java\org\apache\metron\test\utils\unittesthelper.java@org.apache.metron.test.utils.unittesthelper.setjavalogginglevel(java);False;False;0.9034152775648784;0.09658472243512224
metron-platform\metron-test-utilities\src\main\java\org\apache\metron\test\utils\unittesthelper.java@org.apache.metron.test.utils.unittesthelper.setlog4jlevel(class,level);False;False;0.9034152775648784;0.09658472243512224
metron-platform\metron-test-utilities\src\main\java\org\apache\metron\test\utils\unittesthelper.java@org.apache.metron.test.utils.unittesthelper.verboselogging();False;False;1.0;0.0
metron-platform\metron-test-utilities\src\main\java\org\apache\metron\test\utils\unittesthelper.java@org.apache.metron.test.utils.unittesthelper.verboselogging(string,level);False;False;0.9034152775648784;0.09658472243512224
metron-platform\metron-test-utilities\src\main\java\org\apache\metron\test\utils\unittesthelper.java@org.apache.metron.test.utils.unittesthelper.visitfile(path,basicfileattributes);False;False;0.9034152775648784;0.09658472243512224
metron-platform\metron-test-utilities\src\main\java\org\apache\metron\test\utils\unittesthelper.java@org.apache.metron.test.utils.unittesthelper.visitfilefailed(path,ioexception);False;False;0.9034152775648784;0.09658472243512224
metron-platform\metron-test-utilities\src\main\java\org\apache\metron\test\utils\unittesthelper.java@org.apache.metron.test.utils.unittesthelper.write(file,string);False;False;0.9034152775648784;0.09658472243512224
metron-platform\metron-test-utilities\src\main\java\org\apache\metron\test\utils\validationutils.java@org.apache.metron.test.utils.validationutils.assertjsonequal(string,string);False;False;0.9034152775648784;0.09658472243512224
metron-platform\metron-writer\src\main\java\org\apache\metron\writer\bulkwritercomponent.java@org.apache.metron.writer.bulkwritercomponent.bulkwritercomponent(outputcollector);False;False;0.9034152775648784;0.09658472243512224
metron-platform\metron-writer\src\main\java\org\apache\metron\writer\bulkwritercomponent.java@org.apache.metron.writer.bulkwritercomponent.bulkwritercomponent(outputcollector,boolean,boolean);False;False;0.9034152775648784;0.09658472243512224
metron-platform\metron-writer\src\main\java\org\apache\metron\writer\bulkwritercomponent.java@org.apache.metron.writer.bulkwritercomponent.commit(bulkwriterresponse);False;False;1.0;0.0
metron-platform\metron-writer\src\main\java\org\apache\metron\writer\bulkwritercomponent.java@org.apache.metron.writer.bulkwritercomponent.commit(iterable);False;False;0.9034152775648784;0.09658472243512224
metron-platform\metron-writer\src\main\java\org\apache\metron\writer\bulkwritercomponent.java@org.apache.metron.writer.bulkwritercomponent.createtuplecollection();False;False;1.0;0.0
metron-platform\metron-writer\src\main\java\org\apache\metron\writer\bulkwritercomponent.java@org.apache.metron.writer.bulkwritercomponent.error(string,bulkwriterresponse,messagegetstrategy);False;False;0.9034152775648784;0.09658472243512224
metron-platform\metron-writer\src\main\java\org\apache\metron\writer\bulkwritercomponent.java@org.apache.metron.writer.bulkwritercomponent.error(string,throwable,iterable,messagegetstrategy);True;False;0.9034152775648784;0.09658472243512224
metron-platform\metron-writer\src\main\java\org\apache\metron\writer\bulkwritercomponent.java@org.apache.metron.writer.bulkwritercomponent.error(throwable,iterable);True;False;0.9034152775648784;0.09658472243512224
metron-platform\metron-writer\src\main\java\org\apache\metron\writer\bulkwritercomponent.java@org.apache.metron.writer.bulkwritercomponent.errorall(string,throwable,messagegetstrategy);False;False;0.9034152775648784;0.09658472243512224
metron-platform\metron-writer\src\main\java\org\apache\metron\writer\bulkwritercomponent.java@org.apache.metron.writer.bulkwritercomponent.errorall(throwable,messagegetstrategy);False;False;0.9034152775648784;0.09658472243512224
metron-platform\metron-writer\src\main\java\org\apache\metron\writer\bulkwritercomponent.java@org.apache.metron.writer.bulkwritercomponent.flush(string,bulkmessagewriter,writerconfiguration,messagegetstrategy,collection,list);False;False;0.9034152775648784;0.09658472243512224
metron-platform\metron-writer\src\main\java\org\apache\metron\writer\bulkwritercomponent.java@org.apache.metron.writer.bulkwritercomponent.flushtimeouts(bulkmessagewriter,writerconfiguration,messagegetstrategy);False;False;0.9034152775648784;0.09658472243512224
metron-platform\metron-writer\src\main\java\org\apache\metron\writer\bulkwritercomponent.java@org.apache.metron.writer.bulkwritercomponent.handleerror(iterable,metronerror);True;False;0.9034152775648784;0.09658472243512224
metron-platform\metron-writer\src\main\java\org\apache\metron\writer\bulkwritercomponent.java@org.apache.metron.writer.bulkwritercomponent.setdefaultbatchtimeout(int);False;False;1.0;0.0
metron-platform\metron-writer\src\main\java\org\apache\metron\writer\bulkwritercomponent.java@org.apache.metron.writer.bulkwritercomponent.withclock(clock);False;False;0.996;0.004
metron-platform\metron-writer\src\main\java\org\apache\metron\writer\bulkwritercomponent.java@org.apache.metron.writer.bulkwritercomponent.write(string,tuple,message_t,bulkmessagewriter,writerconfiguration,messagegetstrategy);False;False;0.9034152775648784;0.09658472243512224
metron-platform\metron-writer\src\main\java\org\apache\metron\writer\noopwriter.java@org.apache.metron.writer.fixedlatency.fixedlatency(int);False;False;0.9034152775648784;0.09658472243512224
metron-platform\metron-writer\src\main\java\org\apache\metron\writer\noopwriter.java@org.apache.metron.writer.fixedlatency.apply(void);False;False;0.9034152775648784;0.09658472243512224
metron-platform\metron-writer\src\main\java\org\apache\metron\writer\noopwriter.java@org.apache.metron.writer.fixedlatency.getlatency();False;False;0.9851351218008023;0.014864878199197096
metron-platform\metron-writer\src\main\java\org\apache\metron\writer\noopwriter.java@org.apache.metron.writer.noopwriter.fixedlatency(int);False;False;0.9034152775648784;0.09658472243512224
metron-platform\metron-writer\src\main\java\org\apache\metron\writer\noopwriter.java@org.apache.metron.writer.noopwriter.randomlatency(int,int);False;False;0.9034152775648784;0.09658472243512224
metron-platform\metron-writer\src\main\java\org\apache\metron\writer\noopwriter.java@org.apache.metron.writer.noopwriter.apply(void);False;False;0.9034152775648784;0.09658472243512224
metron-platform\metron-writer\src\main\java\org\apache\metron\writer\noopwriter.java@org.apache.metron.writer.noopwriter.configure(string,writerconfiguration);False;False;0.9034152775648784;0.09658472243512224
metron-platform\metron-writer\src\main\java\org\apache\metron\writer\noopwriter.java@org.apache.metron.writer.noopwriter.getlatency();False;False;0.9989297714229656;0.0010702285770343846
metron-platform\metron-writer\src\main\java\org\apache\metron\writer\noopwriter.java@org.apache.metron.writer.noopwriter.getmax();False;False;1.0;0.0
metron-platform\metron-writer\src\main\java\org\apache\metron\writer\noopwriter.java@org.apache.metron.writer.noopwriter.getmin();False;False;1.0;0.0
metron-platform\metron-writer\src\main\java\org\apache\metron\writer\noopwriter.java@org.apache.metron.writer.noopwriter.getname();False;False;1.0;0.0
metron-platform\metron-writer\src\main\java\org\apache\metron\writer\noopwriter.java@org.apache.metron.writer.noopwriter.getsleepfunction(string);False;False;0.9034152775648784;0.09658472243512224
metron-platform\metron-writer\src\main\java\org\apache\metron\writer\noopwriter.java@org.apache.metron.writer.noopwriter.withlatency(string);False;False;1.0;0.0
metron-platform\metron-writer\src\main\java\org\apache\metron\writer\noopwriter.java@org.apache.metron.writer.noopwriter.write(string,writerconfiguration,iterable,list);False;False;0.9034152775648784;0.09658472243512224
metron-platform\metron-writer\src\main\java\org\apache\metron\writer\noopwriter.java@org.apache.metron.writer.randomlatency.randomlatency(int,int);False;False;0.9034152775648784;0.09658472243512224
metron-platform\metron-writer\src\main\java\org\apache\metron\writer\noopwriter.java@org.apache.metron.writer.randomlatency.apply(void);False;False;0.9034152775648784;0.09658472243512224
metron-platform\metron-writer\src\main\java\org\apache\metron\writer\noopwriter.java@org.apache.metron.writer.randomlatency.getmax();False;False;0.9851351218008023;0.014864878199197096
metron-platform\metron-writer\src\main\java\org\apache\metron\writer\noopwriter.java@org.apache.metron.writer.randomlatency.getmin();False;False;0.9851351218008023;0.014864878199197096
metron-platform\metron-writer\src\main\java\org\apache\metron\writer\writertobulkwriter.java@org.apache.metron.writer.writertobulkwriter.writertobulkwriter(messagewriter);False;False;0.9034152775648784;0.09658472243512224
metron-platform\metron-writer\src\main\java\org\apache\metron\writer\writertobulkwriter.java@org.apache.metron.writer.writertobulkwriter.close();False;False;1.0;0.0
metron-platform\metron-writer\src\main\java\org\apache\metron\writer\writertobulkwriter.java@org.apache.metron.writer.writertobulkwriter.getname();False;False;1.0;0.0
metron-platform\metron-writer\src\main\java\org\apache\metron\writer\writertobulkwriter.java@org.apache.metron.writer.writertobulkwriter.init(map,topologycontext,writerconfiguration);False;False;0.9034152775648784;0.09658472243512224
metron-platform\metron-writer\src\main\java\org\apache\metron\writer\writertobulkwriter.java@org.apache.metron.writer.writertobulkwriter.write(string,writerconfiguration,iterable,list);False;False;0.9034152775648784;0.09658472243512224
metron-platform\metron-writer\src\main\java\org\apache\metron\writer\bolt\batchtimeouthelper.java@org.apache.metron.writer.bolt.batchtimeouthelper.batchtimeouthelper(supplier,int);False;False;0.9034152775648784;0.09658472243512224
metron-platform\metron-writer\src\main\java\org\apache\metron\writer\bolt\batchtimeouthelper.java@org.apache.metron.writer.bolt.batchtimeouthelper.calcmaxbatchtimeoutallowed();False;False;0.9844571428571429;0.015542857142857143
metron-platform\metron-writer\src\main\java\org\apache\metron\writer\bolt\batchtimeouthelper.java@org.apache.metron.writer.bolt.batchtimeouthelper.calcrecommendedtickinterval();False;False;0.9734654725391566;0.026534527460843248
metron-platform\metron-writer\src\main\java\org\apache\metron\writer\bolt\batchtimeouthelper.java@org.apache.metron.writer.bolt.batchtimeouthelper.getdefaultbatchtimeout();False;False;0.9951666666666666;0.004833333333333333
metron-platform\metron-writer\src\main\java\org\apache\metron\writer\bolt\batchtimeouthelper.java@org.apache.metron.writer.bolt.batchtimeouthelper.getrecommendedtickinterval();False;False;0.9796;0.020399999999999998
metron-platform\metron-writer\src\main\java\org\apache\metron\writer\bolt\batchtimeouthelper.java@org.apache.metron.writer.bolt.batchtimeouthelper.init();False;False;0.9673333333333334;0.03266666666666667
metron-platform\metron-writer\src\main\java\org\apache\metron\writer\bolt\batchtimeouthelper.java@org.apache.metron.writer.bolt.batchtimeouthelper.readglobaltimeoutconfigs();False;False;0.9445;0.0555
metron-platform\metron-writer\src\main\java\org\apache\metron\writer\bolt\batchtimeouthelper.java@org.apache.metron.writer.bolt.batchtimeouthelper.readminbatchtimeoutrequested();False;False;0.9821;0.0179
metron-platform\metron-writer\src\main\java\org\apache\metron\writer\bolt\batchtimeouthelper.java@org.apache.metron.writer.bolt.batchtimeouthelper.readstormconfigwithoutcli();False;False;0.9758944444444444;0.02410555555555555
metron-platform\metron-writer\src\main\java\org\apache\metron\writer\bolt\bulkmessagewriterbolt.java@org.apache.metron.writer.bolt.bulkmessagewriterbolt.bulkmessagewriterbolt(string);True;False;0.9034152775648784;0.09658472243512224
metron-platform\metron-writer\src\main\java\org\apache\metron\writer\bolt\bulkmessagewriterbolt.java@org.apache.metron.writer.bolt.bulkmessagewriterbolt.bulkmessagewriterbolt(string,string);True;False;0.9034152775648784;0.09658472243512224
metron-platform\metron-writer\src\main\java\org\apache\metron\writer\bolt\bulkmessagewriterbolt.java@org.apache.metron.writer.bolt.bulkmessagewriterbolt.declareoutputfields(outputfieldsdeclarer);False;False;1.0;0.0
metron-platform\metron-writer\src\main\java\org\apache\metron\writer\bolt\bulkmessagewriterbolt.java@org.apache.metron.writer.bolt.bulkmessagewriterbolt.execute(tuple);True;False;0.9034152775648784;0.09658472243512224
metron-platform\metron-writer\src\main\java\org\apache\metron\writer\bolt\bulkmessagewriterbolt.java@org.apache.metron.writer.bolt.bulkmessagewriterbolt.getcomponentconfiguration();True;False;0.99;0.01
metron-platform\metron-writer\src\main\java\org\apache\metron\writer\bolt\bulkmessagewriterbolt.java@org.apache.metron.writer.bolt.bulkmessagewriterbolt.getdefaultbatchtimeout();False;False;1.0;0.0
metron-platform\metron-writer\src\main\java\org\apache\metron\writer\bolt\bulkmessagewriterbolt.java@org.apache.metron.writer.bolt.bulkmessagewriterbolt.getmessage(tuple);True;False;0.9034152775648784;0.09658472243512224
metron-platform\metron-writer\src\main\java\org\apache\metron\writer\bolt\bulkmessagewriterbolt.java@org.apache.metron.writer.bolt.bulkmessagewriterbolt.getwritercomponent();False;False;1.0;0.0
metron-platform\metron-writer\src\main\java\org\apache\metron\writer\bolt\bulkmessagewriterbolt.java@org.apache.metron.writer.bolt.bulkmessagewriterbolt.handlemissingmessage(tuple);True;False;0.9034152775648784;0.09658472243512224
metron-platform\metron-writer\src\main\java\org\apache\metron\writer\bolt\bulkmessagewriterbolt.java@org.apache.metron.writer.bolt.bulkmessagewriterbolt.handlemissingsensortype(tuple,jsonobject);True;False;0.9034152775648784;0.09658472243512224
metron-platform\metron-writer\src\main\java\org\apache\metron\writer\bolt\bulkmessagewriterbolt.java@org.apache.metron.writer.bolt.bulkmessagewriterbolt.prepare(map,topologycontext,outputcollector);True;False;0.9034152775648784;0.09658472243512224
metron-platform\metron-writer\src\main\java\org\apache\metron\writer\bolt\bulkmessagewriterbolt.java@org.apache.metron.writer.bolt.bulkmessagewriterbolt.prepare(map,topologycontext,outputcollector,clock);False;False;0.9034152775648784;0.09658472243512224
metron-platform\metron-writer\src\main\java\org\apache\metron\writer\bolt\bulkmessagewriterbolt.java@org.apache.metron.writer.bolt.bulkmessagewriterbolt.setdefaultbatchtimeout(int);False;False;0.9967741341991342;0.0032258658008658013
metron-platform\metron-writer\src\main\java\org\apache\metron\writer\bolt\bulkmessagewriterbolt.java@org.apache.metron.writer.bolt.bulkmessagewriterbolt.setwritercomponent(bulkwritercomponent);False;False;0.9034152775648784;0.09658472243512224
metron-platform\metron-writer\src\main\java\org\apache\metron\writer\bolt\bulkmessagewriterbolt.java@org.apache.metron.writer.bolt.bulkmessagewriterbolt.withbatchtimeoutdivisor(int);False;False;0.9921666666666666;0.007833333333333333
metron-platform\metron-writer\src\main\java\org\apache\metron\writer\bolt\bulkmessagewriterbolt.java@org.apache.metron.writer.bolt.bulkmessagewriterbolt.withbulkmessagewriter(bulkmessagewriter);False;False;0.9034152775648784;0.09658472243512224
metron-platform\metron-writer\src\main\java\org\apache\metron\writer\bolt\bulkmessagewriterbolt.java@org.apache.metron.writer.bolt.bulkmessagewriterbolt.withmessagegetter(string);False;False;0.9995;0.0005
metron-platform\metron-writer\src\main\java\org\apache\metron\writer\bolt\bulkmessagewriterbolt.java@org.apache.metron.writer.bolt.bulkmessagewriterbolt.withmessagegetterfield(string);False;False;1.0;0.0
metron-platform\metron-writer\src\main\java\org\apache\metron\writer\bolt\bulkmessagewriterbolt.java@org.apache.metron.writer.bolt.bulkmessagewriterbolt.withmessagewriter(messagewriter);False;False;0.9034152775648784;0.09658472243512224
metron-platform\metron-writer\src\main\java\org\apache\metron\writer\hdfs\clonedsyncpolicycreator.java@org.apache.metron.writer.hdfs.clonedsyncpolicycreator.clonedsyncpolicycreator(syncpolicy);False;False;0.9034152775648784;0.09658472243512224
metron-platform\metron-writer\src\main\java\org\apache\metron\writer\hdfs\clonedsyncpolicycreator.java@org.apache.metron.writer.hdfs.clonedsyncpolicycreator.create(string,writerconfiguration);False;False;0.9034152775648784;0.09658472243512224
metron-platform\metron-writer\src\main\java\org\apache\metron\writer\hdfs\hdfswriter.java@org.apache.metron.writer.hdfs.hdfswriter.addrotationaction(rotationaction);False;False;0.9993333333333334;0.0006666666666666666
metron-platform\metron-writer\src\main\java\org\apache\metron\writer\hdfs\hdfswriter.java@org.apache.metron.writer.hdfs.hdfswriter.close();False;False;0.995;0.005
metron-platform\metron-writer\src\main\java\org\apache\metron\writer\hdfs\hdfswriter.java@org.apache.metron.writer.hdfs.hdfswriter.gethdfspathextension(string,string,jsonobject);False;False;0.9034152775648784;0.09658472243512224
metron-platform\metron-writer\src\main\java\org\apache\metron\writer\hdfs\hdfswriter.java@org.apache.metron.writer.hdfs.hdfswriter.getname();False;False;0.996;0.004
metron-platform\metron-writer\src\main\java\org\apache\metron\writer\hdfs\hdfswriter.java@org.apache.metron.writer.hdfs.hdfswriter.getsourcehandler(string,string,writerconfiguration);False;False;0.9034152775648784;0.09658472243512224
metron-platform\metron-writer\src\main\java\org\apache\metron\writer\hdfs\hdfswriter.java@org.apache.metron.writer.hdfs.hdfswriter.init(map,topologycontext,writerconfiguration);False;False;0.9034152775648784;0.09658472243512224
metron-platform\metron-writer\src\main\java\org\apache\metron\writer\hdfs\hdfswriter.java@org.apache.metron.writer.hdfs.hdfswriter.withfilenameformat(filenameformat);False;False;0.988;0.012
metron-platform\metron-writer\src\main\java\org\apache\metron\writer\hdfs\hdfswriter.java@org.apache.metron.writer.hdfs.hdfswriter.withmaxopenfiles(int);False;False;1.0;0.0
metron-platform\metron-writer\src\main\java\org\apache\metron\writer\hdfs\hdfswriter.java@org.apache.metron.writer.hdfs.hdfswriter.withrotationpolicy(filerotationpolicy);False;False;1.0;0.0
metron-platform\metron-writer\src\main\java\org\apache\metron\writer\hdfs\hdfswriter.java@org.apache.metron.writer.hdfs.hdfswriter.withsyncpolicy(syncpolicy);False;False;1.0;0.0
metron-platform\metron-writer\src\main\java\org\apache\metron\writer\hdfs\hdfswriter.java@org.apache.metron.writer.hdfs.hdfswriter.write(string,writerconfiguration,iterable,list);False;False;0.9034152775648784;0.09658472243512224
metron-platform\metron-writer\src\main\java\org\apache\metron\writer\hdfs\pathextensionfilenameformat.java@org.apache.metron.writer.hdfs.pathextensionfilenameformat.pathextensionfilenameformat(string,filenameformat);False;False;0.9034152775648784;0.09658472243512224
metron-platform\metron-writer\src\main\java\org\apache\metron\writer\hdfs\pathextensionfilenameformat.java@org.apache.metron.writer.hdfs.pathextensionfilenameformat.getname(long,long);False;False;0.9034152775648784;0.09658472243512224
metron-platform\metron-writer\src\main\java\org\apache\metron\writer\hdfs\pathextensionfilenameformat.java@org.apache.metron.writer.hdfs.pathextensionfilenameformat.getpath();False;False;1.0;0.0
metron-platform\metron-writer\src\main\java\org\apache\metron\writer\hdfs\pathextensionfilenameformat.java@org.apache.metron.writer.hdfs.pathextensionfilenameformat.prepare(map,topologycontext);False;False;0.9034152775648784;0.09658472243512224
metron-platform\metron-writer\src\main\java\org\apache\metron\writer\hdfs\sourceawaremoveaction.java@org.apache.metron.writer.hdfs.sourceawaremoveaction.execute(filesystem,path);False;False;0.9034152775648784;0.09658472243512224
metron-platform\metron-writer\src\main\java\org\apache\metron\writer\hdfs\sourceawaremoveaction.java@org.apache.metron.writer.hdfs.sourceawaremoveaction.getsource(path);False;False;1.0;0.0
metron-platform\metron-writer\src\main\java\org\apache\metron\writer\hdfs\sourceawaremoveaction.java@org.apache.metron.writer.hdfs.sourceawaremoveaction.todestination(string);False;False;0.998;0.002
metron-platform\metron-writer\src\main\java\org\apache\metron\writer\hdfs\sourcehandler.java@org.apache.metron.writer.hdfs.sourcehandler.sourcehandler(list,filerotationpolicy,syncpolicy,filenameformat,sourcehandlercallback);False;False;0.9034152775648784;0.09658472243512224
metron-platform\metron-writer\src\main\java\org\apache\metron\writer\hdfs\sourcehandler.java@org.apache.metron.writer.hdfs.sourcehandler.cleanupcallback();False;False;1.0;0.0
metron-platform\metron-writer\src\main\java\org\apache\metron\writer\hdfs\sourcehandler.java@org.apache.metron.writer.hdfs.sourcehandler.close();False;False;0.9034152775648784;0.09658472243512224
metron-platform\metron-writer\src\main\java\org\apache\metron\writer\hdfs\sourcehandler.java@org.apache.metron.writer.hdfs.sourcehandler.closeoutputfile();False;False;0.9994602272727272;0.0005397727272727273
metron-platform\metron-writer\src\main\java\org\apache\metron\writer\hdfs\sourcehandler.java@org.apache.metron.writer.hdfs.sourcehandler.createoutputfile();False;False;0.9825;0.0175
metron-platform\metron-writer\src\main\java\org\apache\metron\writer\hdfs\sourcehandler.java@org.apache.metron.writer.hdfs.sourcehandler.handle(jsonobject,string,writerconfiguration,syncpolicycreator);False;False;0.9034152775648784;0.09658472243512224
metron-platform\metron-writer\src\main\java\org\apache\metron\writer\hdfs\sourcehandler.java@org.apache.metron.writer.hdfs.sourcehandler.initialize();False;False;0.9034152775648784;0.09658472243512224
metron-platform\metron-writer\src\main\java\org\apache\metron\writer\hdfs\sourcehandler.java@org.apache.metron.writer.hdfs.sourcehandler.rotateoutputfile();False;False;0.991;0.009
metron-platform\metron-writer\src\main\java\org\apache\metron\writer\hdfs\sourcehandler.java@org.apache.metron.writer.hdfs.sourcehandler.run();False;False;0.9034152775648784;0.09658472243512224
metron-platform\metron-writer\src\main\java\org\apache\metron\writer\hdfs\sourcehandler.java@org.apache.metron.writer.hdfs.sourcehandler.tostring();False;False;0.776;0.224
metron-platform\metron-writer\src\main\java\org\apache\metron\writer\hdfs\sourcehandlercallback.java@org.apache.metron.writer.hdfs.sourcehandlercallback.sourcehandlercallback(map,sourcehandlerkey);False;False;0.9034152775648784;0.09658472243512224
metron-platform\metron-writer\src\main\java\org\apache\metron\writer\hdfs\sourcehandlercallback.java@org.apache.metron.writer.hdfs.sourcehandlercallback.removekey();False;False;0.9939278887778888;0.006072111222111222
metron-platform\metron-writer\src\main\java\org\apache\metron\writer\hdfs\sourcehandlerkey.java@org.apache.metron.writer.hdfs.sourcehandlerkey.sourcehandlerkey(string,string);False;False;0.9034152775648784;0.09658472243512224
metron-platform\metron-writer\src\main\java\org\apache\metron\writer\hdfs\sourcehandlerkey.java@org.apache.metron.writer.hdfs.sourcehandlerkey.equals(object);False;False;0.986;0.014
metron-platform\metron-writer\src\main\java\org\apache\metron\writer\hdfs\sourcehandlerkey.java@org.apache.metron.writer.hdfs.sourcehandlerkey.getsourcetype();False;False;1.0;0.0
metron-platform\metron-writer\src\main\java\org\apache\metron\writer\hdfs\sourcehandlerkey.java@org.apache.metron.writer.hdfs.sourcehandlerkey.getstellarresult();False;False;1.0;0.0
metron-platform\metron-writer\src\main\java\org\apache\metron\writer\hdfs\sourcehandlerkey.java@org.apache.metron.writer.hdfs.sourcehandlerkey.hashcode();False;False;0.999;0.001
metron-platform\metron-writer\src\main\java\org\apache\metron\writer\kafka\kafkawriter.java@org.apache.metron.writer.kafka.kafkawriter.configurations(string);False;False;0.9034152775648784;0.09658472243512224
metron-platform\metron-writer\src\main\java\org\apache\metron\writer\kafka\kafkawriter.java@org.apache.metron.writer.kafka.kafkawriter.kafkawriter(string);False;False;0.9034152775648784;0.09658472243512224
metron-platform\metron-writer\src\main\java\org\apache\metron\writer\kafka\kafkawriter.java@org.apache.metron.writer.kafka.kafkawriter.close();False;False;1.0;0.0
metron-platform\metron-writer\src\main\java\org\apache\metron\writer\kafka\kafkawriter.java@org.apache.metron.writer.kafka.kafkawriter.configure(string,writerconfiguration);False;False;0.9034152775648784;0.09658472243512224
metron-platform\metron-writer\src\main\java\org\apache\metron\writer\kafka\kafkawriter.java@org.apache.metron.writer.kafka.kafkawriter.createproducerconfigs();True;False;0.9609166666666668;0.03908333333333334
metron-platform\metron-writer\src\main\java\org\apache\metron\writer\kafka\kafkawriter.java@org.apache.metron.writer.kafka.kafkawriter.get(optional,map);False;False;0.9034152775648784;0.09658472243512224
metron-platform\metron-writer\src\main\java\org\apache\metron\writer\kafka\kafkawriter.java@org.apache.metron.writer.kafka.kafkawriter.getandconvert(optional,map,class);False;False;0.9034152775648784;0.09658472243512224
metron-platform\metron-writer\src\main\java\org\apache\metron\writer\kafka\kafkawriter.java@org.apache.metron.writer.kafka.kafkawriter.getconfigprefix();False;False;1.0;0.0
metron-platform\metron-writer\src\main\java\org\apache\metron\writer\kafka\kafkawriter.java@org.apache.metron.writer.kafka.kafkawriter.getname();False;False;1.0;0.0
metron-platform\metron-writer\src\main\java\org\apache\metron\writer\kafka\kafkawriter.java@org.apache.metron.writer.kafka.kafkawriter.init();True;False;0.9034152775648784;0.09658472243512224
metron-platform\metron-writer\src\main\java\org\apache\metron\writer\kafka\kafkawriter.java@org.apache.metron.writer.kafka.kafkawriter.init(map,topologycontext,writerconfiguration);True;False;0.9034152775648784;0.09658472243512224
metron-platform\metron-writer\src\main\java\org\apache\metron\writer\kafka\kafkawriter.java@org.apache.metron.writer.kafka.kafkawriter.withbrokerurl(string);False;False;0.9913333333333333;0.008666666666666666
metron-platform\metron-writer\src\main\java\org\apache\metron\writer\kafka\kafkawriter.java@org.apache.metron.writer.kafka.kafkawriter.withconfigprefix(string);False;False;1.0;0.0
metron-platform\metron-writer\src\main\java\org\apache\metron\writer\kafka\kafkawriter.java@org.apache.metron.writer.kafka.kafkawriter.withkeyserializer(string);False;False;1.0;0.0
metron-platform\metron-writer\src\main\java\org\apache\metron\writer\kafka\kafkawriter.java@org.apache.metron.writer.kafka.kafkawriter.withproducerconfigs(map);False;False;0.9034152775648784;0.09658472243512224
metron-platform\metron-writer\src\main\java\org\apache\metron\writer\kafka\kafkawriter.java@org.apache.metron.writer.kafka.kafkawriter.withrequiredacks(integer);False;False;1.0;0.0
metron-platform\metron-writer\src\main\java\org\apache\metron\writer\kafka\kafkawriter.java@org.apache.metron.writer.kafka.kafkawriter.withtopic(string);False;False;1.0;0.0
metron-platform\metron-writer\src\main\java\org\apache\metron\writer\kafka\kafkawriter.java@org.apache.metron.writer.kafka.kafkawriter.withvalueserializer(string);False;False;1.0;0.0
metron-platform\metron-writer\src\main\java\org\apache\metron\writer\kafka\kafkawriter.java@org.apache.metron.writer.kafka.kafkawriter.withzkquorum(string);False;False;1.0;0.0
metron-platform\metron-writer\src\main\java\org\apache\metron\writer\kafka\kafkawriter.java@org.apache.metron.writer.kafka.kafkawriter.write(string,writerconfiguration,iterable,list);True;False;0.9034152775648784;0.09658472243512224
metron-platform\metron-writer\src\main\java\org\apache\metron\writer\kafka\kafkawriter.java@org.apache.metron.writer.kafka.kafkawriter.write(string,writerconfiguration,tuple,jsonobject);True;False;0.9034152775648784;0.09658472243512224
metron-platform\metron-writer\src\test\java\org\apache\metron\writer\bulkwritercomponenttest.java@org.apache.metron.writer.bulkwritercomponenttest.errorallshouldclearmapsandhandleerrors();True;False;1.0;0.0
metron-platform\metron-writer\src\test\java\org\apache\metron\writer\bulkwritercomponenttest.java@org.apache.metron.writer.bulkwritercomponenttest.setup();False;False;0.975;0.025
metron-platform\metron-writer\src\test\java\org\apache\metron\writer\bulkwritercomponenttest.java@org.apache.metron.writer.bulkwritercomponenttest.writeshouldproperlyacktuplesinbatch();False;False;0.993;0.007
metron-platform\metron-writer\src\test\java\org\apache\metron\writer\bulkwritercomponenttest.java@org.apache.metron.writer.bulkwritercomponenttest.writeshouldproperlyhandlewritererrors();True;False;0.999;0.001
metron-platform\metron-writer\src\test\java\org\apache\metron\writer\bulkwritercomponenttest.java@org.apache.metron.writer.bulkwritercomponenttest.writeshouldproperlyhandlewriterexception();True;False;0.999;0.001
metron-platform\metron-writer\src\test\java\org\apache\metron\writer\bulkwritercomponenttest.java@org.apache.metron.writer.bulkwritercomponenttest.writeshouldthrowexceptionwhenhandleerrorisfalse();False;False;0.997;0.003
metron-platform\metron-writer\src\test\java\org\apache\metron\writer\noopwritertest.java@org.apache.metron.writer.noopwritertest.ensurerandomlatencyconfig(string,int,int);False;False;0.9034152775648784;0.09658472243512224
metron-platform\metron-writer\src\test\java\org\apache\metron\writer\noopwritertest.java@org.apache.metron.writer.noopwritertest.testfixedlatencyconfig();False;False;0.998;0.002
metron-platform\metron-writer\src\test\java\org\apache\metron\writer\noopwritertest.java@org.apache.metron.writer.noopwritertest.testrandomlatencyconfig();False;False;0.995;0.005
metron-platform\metron-writer\src\test\java\org\apache\metron\writer\bolt\batchtimeouthelpertest.java@org.apache.metron.writer.bolt.batchtimeouthelpertest.timeoutlistsupplier(list);False;False;0.9034152775648784;0.09658472243512224
metron-platform\metron-writer\src\test\java\org\apache\metron\writer\bolt\batchtimeouthelpertest.java@org.apache.metron.writer.bolt.batchtimeouthelpertest.get();False;False;1.0;0.0
metron-platform\metron-writer\src\test\java\org\apache\metron\writer\bolt\batchtimeouthelpertest.java@org.apache.metron.writer.bolt.batchtimeouthelpertest.testgetdefaultbatchtimeout();False;False;0.992;0.008
metron-platform\metron-writer\src\test\java\org\apache\metron\writer\bolt\batchtimeouthelpertest.java@org.apache.metron.writer.bolt.batchtimeouthelpertest.testgetrecommendedtickinterval();False;False;0.983;0.017
metron-platform\metron-writer\src\test\java\org\apache\metron\writer\bolt\batchtimeouthelpertest.java@org.apache.metron.writer.bolt.timeoutlistsupplier.timeoutlistsupplier(list);False;False;0.9034152775648784;0.09658472243512224
metron-platform\metron-writer\src\test\java\org\apache\metron\writer\bolt\batchtimeouthelpertest.java@org.apache.metron.writer.bolt.timeoutlistsupplier.get();False;False;0.9851351218008023;0.014864878199197096
metron-platform\metron-writer\src\test\java\org\apache\metron\writer\hdfs\clonedsyncpolicycreatortest.java@org.apache.metron.writer.hdfs.clonedsyncpolicycreatortest.testclonedpolicy();False;False;0.992;0.008
metron-platform\metron-writer\src\test\java\org\apache\metron\writer\hdfs\hdfswritertest.java@org.apache.metron.writer.hdfs.hdfswritertest.buildwriterconfiguration(string);False;False;0.9703333333333333;0.029666666666666664
metron-platform\metron-writer\src\test\java\org\apache\metron\writer\hdfs\hdfswritertest.java@org.apache.metron.writer.hdfs.hdfswritertest.createtopologycontext();False;False;0.911;0.089
metron-platform\metron-writer\src\test\java\org\apache\metron\writer\hdfs\hdfswritertest.java@org.apache.metron.writer.hdfs.hdfswritertest.setup();False;False;0.947;0.053
metron-platform\metron-writer\src\test\java\org\apache\metron\writer\hdfs\hdfswritertest.java@org.apache.metron.writer.hdfs.hdfswritertest.testgethdfspathconstant();False;False;1.0;0.0
metron-platform\metron-writer\src\test\java\org\apache\metron\writer\hdfs\hdfswritertest.java@org.apache.metron.writer.hdfs.hdfswritertest.testgethdfspathdirectvariable();False;False;1.0;0.0
metron-platform\metron-writer\src\test\java\org\apache\metron\writer\hdfs\hdfswritertest.java@org.apache.metron.writer.hdfs.hdfswritertest.testgethdfspathemptystring();False;False;0.999;0.001
metron-platform\metron-writer\src\test\java\org\apache\metron\writer\hdfs\hdfswritertest.java@org.apache.metron.writer.hdfs.hdfswritertest.testgethdfspathformatconstant();False;False;1.0;0.0
metron-platform\metron-writer\src\test\java\org\apache\metron\writer\hdfs\hdfswritertest.java@org.apache.metron.writer.hdfs.hdfswritertest.testgethdfspathformatvariable();False;False;0.993;0.007
metron-platform\metron-writer\src\test\java\org\apache\metron\writer\hdfs\hdfswritertest.java@org.apache.metron.writer.hdfs.hdfswritertest.testgethdfspathmultiplefunctions();False;False;1.0;0.0
metron-platform\metron-writer\src\test\java\org\apache\metron\writer\hdfs\hdfswritertest.java@org.apache.metron.writer.hdfs.hdfswritertest.testgethdfspathnonstring();False;False;0.989;0.011
metron-platform\metron-writer\src\test\java\org\apache\metron\writer\hdfs\hdfswritertest.java@org.apache.metron.writer.hdfs.hdfswritertest.testgethdfspathnull();False;False;0.999;0.001
metron-platform\metron-writer\src\test\java\org\apache\metron\writer\hdfs\hdfswritertest.java@org.apache.metron.writer.hdfs.hdfswritertest.testgethdfspathstringreturned();False;False;0.994;0.006
metron-platform\metron-writer\src\test\java\org\apache\metron\writer\hdfs\hdfswritertest.java@org.apache.metron.writer.hdfs.hdfswritertest.testgetsourcehandleropenfilesmax();False;False;0.98;0.02
metron-platform\metron-writer\src\test\java\org\apache\metron\writer\hdfs\hdfswritertest.java@org.apache.metron.writer.hdfs.hdfswritertest.testgetsourcehandleropenfilesovermax();False;False;0.989;0.011
metron-platform\metron-writer\src\test\java\org\apache\metron\writer\hdfs\hdfswritertest.java@org.apache.metron.writer.hdfs.hdfswritertest.testhandleattemptsrotateifstreamclosed();False;False;1.0;0.0
metron-platform\metron-writer\src\test\java\org\apache\metron\writer\hdfs\hdfswritertest.java@org.apache.metron.writer.hdfs.hdfswritertest.testsetscorrecthdfsfilename();False;False;0.991;0.009
metron-platform\metron-writer\src\test\java\org\apache\metron\writer\hdfs\hdfswritertest.java@org.apache.metron.writer.hdfs.hdfswritertest.testsinglefileifnostreamclosed();False;False;0.988;0.012
metron-platform\metron-writer\src\test\java\org\apache\metron\writer\hdfs\hdfswritertest.java@org.apache.metron.writer.hdfs.hdfswritertest.testwritemultiplefiles();False;False;0.982;0.018
metron-platform\metron-writer\src\test\java\org\apache\metron\writer\hdfs\hdfswritertest.java@org.apache.metron.writer.hdfs.hdfswritertest.testwritenooutputfunction();False;False;0.998;0.002
metron-platform\metron-writer\src\test\java\org\apache\metron\writer\hdfs\hdfswritertest.java@org.apache.metron.writer.hdfs.hdfswritertest.testwritesinglefile();False;False;0.998;0.002
metron-platform\metron-writer\src\test\java\org\apache\metron\writer\hdfs\hdfswritertest.java@org.apache.metron.writer.hdfs.hdfswritertest.testwritesinglefilewithnull();False;False;0.998;0.002
metron-platform\metron-writer\src\test\java\org\apache\metron\writer\hdfs\pathextensionfilenameformattest.java@org.apache.metron.writer.hdfs.pathextensionfilenameformattest.testgetpath();False;False;0.987;0.013
metron-platform\metron-writer\src\test\java\org\apache\metron\writer\hdfs\pathextensionfilenameformattest.java@org.apache.metron.writer.hdfs.pathextensionfilenameformattest.testgetpathemptypathextension();False;False;0.9985;0.0015
metron-platform\metron-writer\src\test\java\org\apache\metron\writer\kafka\kafkawritertest.java@org.apache.metron.writer.kafka.kafkawritertest.createconfiguration(map);False;False;0.9034152775648784;0.09658472243512224
metron-platform\metron-writer\src\test\java\org\apache\metron\writer\kafka\kafkawritertest.java@org.apache.metron.writer.kafka.kafkawritertest.testhappypathglobalconfig();False;False;0.998;0.002
metron-platform\metron-writer\src\test\java\org\apache\metron\writer\kafka\kafkawritertest.java@org.apache.metron.writer.kafka.kafkawritertest.testhappypathglobalconfigwithprefix();False;False;1.0;0.0
metron-platform\metron-zookeeper\src\main\java\org\apache\metron\zookeeper\simpleeventlistener.java@org.apache.metron.zookeeper.builder.build();False;False;0.9851351218008023;0.014864878199197096
metron-platform\metron-zookeeper\src\main\java\org\apache\metron\zookeeper\simpleeventlistener.java@org.apache.metron.zookeeper.builder.with(callback,treecacheevent);False;False;0.9034152775648784;0.09658472243512224
metron-platform\metron-zookeeper\src\main\java\org\apache\metron\zookeeper\simpleeventlistener.java@org.apache.metron.zookeeper.builder.with(iterable,treecacheevent);False;False;0.9034152775648784;0.09658472243512224
metron-platform\metron-zookeeper\src\main\java\org\apache\metron\zookeeper\simpleeventlistener.java@org.apache.metron.zookeeper.simpleeventlistener.simpleeventlistener(enummap);False;False;0.9034152775648784;0.09658472243512224
metron-platform\metron-zookeeper\src\main\java\org\apache\metron\zookeeper\simpleeventlistener.java@org.apache.metron.zookeeper.simpleeventlistener.build();False;False;1.0;0.0
metron-platform\metron-zookeeper\src\main\java\org\apache\metron\zookeeper\simpleeventlistener.java@org.apache.metron.zookeeper.simpleeventlistener.childevent(curatorframework,treecacheevent);False;False;0.9034152775648784;0.09658472243512224
metron-platform\metron-zookeeper\src\main\java\org\apache\metron\zookeeper\simpleeventlistener.java@org.apache.metron.zookeeper.simpleeventlistener.with(callback,treecacheevent);False;False;0.9034152775648784;0.09658472243512224
metron-platform\metron-zookeeper\src\main\java\org\apache\metron\zookeeper\simpleeventlistener.java@org.apache.metron.zookeeper.simpleeventlistener.with(iterable,treecacheevent);False;False;0.9034152775648784;0.09658472243512224
metron-platform\metron-zookeeper\src\main\java\org\apache\metron\zookeeper\zkcache.java@org.apache.metron.zookeeper.builder.build();False;False;1.0;0.0
metron-platform\metron-zookeeper\src\main\java\org\apache\metron\zookeeper\zkcache.java@org.apache.metron.zookeeper.builder.withclient(curatorframework);False;False;0.9034152775648784;0.09658472243512224
metron-platform\metron-zookeeper\src\main\java\org\apache\metron\zookeeper\zkcache.java@org.apache.metron.zookeeper.builder.withclient(string);False;False;0.9034152775648784;0.09658472243512224
metron-platform\metron-zookeeper\src\main\java\org\apache\metron\zookeeper\zkcache.java@org.apache.metron.zookeeper.builder.withclient(string,retrypolicy);False;False;0.9034152775648784;0.09658472243512224
metron-platform\metron-zookeeper\src\main\java\org\apache\metron\zookeeper\zkcache.java@org.apache.metron.zookeeper.builder.withlistener(treecachelistener);False;False;0.9034152775648784;0.09658472243512224
metron-platform\metron-zookeeper\src\main\java\org\apache\metron\zookeeper\zkcache.java@org.apache.metron.zookeeper.builder.withroot(string);False;False;0.9034152775648784;0.09658472243512224
metron-platform\metron-zookeeper\src\main\java\org\apache\metron\zookeeper\zkcache.java@org.apache.metron.zookeeper.zkcache.zkcache(curatorframework,list,string,boolean);False;False;0.9034152775648784;0.09658472243512224
metron-platform\metron-zookeeper\src\main\java\org\apache\metron\zookeeper\zkcache.java@org.apache.metron.zookeeper.zkcache.build();False;False;0.9895;0.0105
metron-platform\metron-zookeeper\src\main\java\org\apache\metron\zookeeper\zkcache.java@org.apache.metron.zookeeper.zkcache.close();False;False;0.9893333333333334;0.010666666666666668
metron-platform\metron-zookeeper\src\main\java\org\apache\metron\zookeeper\zkcache.java@org.apache.metron.zookeeper.zkcache.createclient(string,optional);False;False;0.9034152775648784;0.09658472243512224
metron-platform\metron-zookeeper\src\main\java\org\apache\metron\zookeeper\zkcache.java@org.apache.metron.zookeeper.zkcache.getclient();False;False;1.0;0.0
metron-platform\metron-zookeeper\src\main\java\org\apache\metron\zookeeper\zkcache.java@org.apache.metron.zookeeper.zkcache.start();False;False;0.97425;0.02575
metron-platform\metron-zookeeper\src\main\java\org\apache\metron\zookeeper\zkcache.java@org.apache.metron.zookeeper.zkcache.withclient(curatorframework);False;False;0.98625;0.01375
metron-platform\metron-zookeeper\src\main\java\org\apache\metron\zookeeper\zkcache.java@org.apache.metron.zookeeper.zkcache.withclient(string);False;False;0.997;0.003
metron-platform\metron-zookeeper\src\main\java\org\apache\metron\zookeeper\zkcache.java@org.apache.metron.zookeeper.zkcache.withclient(string,retrypolicy);False;False;0.9034152775648784;0.09658472243512224
metron-platform\metron-zookeeper\src\main\java\org\apache\metron\zookeeper\zkcache.java@org.apache.metron.zookeeper.zkcache.withlistener(treecachelistener);False;False;0.9984333333333334;0.0015666666666666667
metron-platform\metron-zookeeper\src\main\java\org\apache\metron\zookeeper\zkcache.java@org.apache.metron.zookeeper.zkcache.withroot(string);False;False;0.9996666666666667;0.0003333333333333333
metron-stellar\stellar-3rd-party-example\src\main\java\org\apache\metron\stellar\external\timefunction.java@org.apache.metron.stellar.external.now.apply(list,context);False;False;0.9034152775648784;0.09658472243512224
metron-stellar\stellar-3rd-party-example\src\main\java\org\apache\metron\stellar\external\timefunction.java@org.apache.metron.stellar.external.now.isinitialized();False;False;0.9851351218008023;0.014864878199197096
metron-stellar\stellar-3rd-party-example\src\main\java\org\apache\metron\stellar\external\timefunction.java@org.apache.metron.stellar.external.timefunction.apply(list,context);False;False;0.9034152775648784;0.09658472243512224
metron-stellar\stellar-3rd-party-example\src\main\java\org\apache\metron\stellar\external\timefunction.java@org.apache.metron.stellar.external.timefunction.isinitialized();False;False;1.0;0.0
metron-stellar\stellar-common\src\main\java\org\apache\metron\stellar\common\basestellarprocessor.java@org.apache.metron.stellar.common.basestellarprocessor.basestellarprocessor(class);False;False;0.9034152775648784;0.09658472243512224
metron-stellar\stellar-common\src\main\java\org\apache\metron\stellar\common\basestellarprocessor.java@org.apache.metron.stellar.common.basestellarprocessor.basestellarprocessor(class,cache);False;False;0.9034152775648784;0.09658472243512224
metron-stellar\stellar-common\src\main\java\org\apache\metron\stellar\common\basestellarprocessor.java@org.apache.metron.stellar.common.basestellarprocessor.basestellarprocessor(class,int,int,timeunit);False;False;0.9034152775648784;0.09658472243512224
metron-stellar\stellar-common\src\main\java\org\apache\metron\stellar\common\basestellarprocessor.java@org.apache.metron.stellar.common.basestellarprocessor.compile(string);False;False;0.971;0.029
metron-stellar\stellar-common\src\main\java\org\apache\metron\stellar\common\basestellarprocessor.java@org.apache.metron.stellar.common.basestellarprocessor.createcache(int,int,timeunit);False;False;0.9034152775648784;0.09658472243512224
metron-stellar\stellar-common\src\main\java\org\apache\metron\stellar\common\basestellarprocessor.java@org.apache.metron.stellar.common.basestellarprocessor.parse(string,variableresolver,functionresolver,context);False;False;0.9034152775648784;0.09658472243512224
metron-stellar\stellar-common\src\main\java\org\apache\metron\stellar\common\basestellarprocessor.java@org.apache.metron.stellar.common.basestellarprocessor.validate(string);False;False;0.9971666666666666;0.0028333333333333335
metron-stellar\stellar-common\src\main\java\org\apache\metron\stellar\common\basestellarprocessor.java@org.apache.metron.stellar.common.basestellarprocessor.validate(string,context);False;False;0.9034152775648784;0.09658472243512224
metron-stellar\stellar-common\src\main\java\org\apache\metron\stellar\common\basestellarprocessor.java@org.apache.metron.stellar.common.basestellarprocessor.validate(string,boolean,context);False;False;0.9034152775648784;0.09658472243512224
metron-stellar\stellar-common\src\main\java\org\apache\metron\stellar\common\basestellarprocessor.java@org.apache.metron.stellar.common.basestellarprocessor.variablesused(string);False;False;0.9034152775648784;0.09658472243512224
metron-stellar\stellar-common\src\main\java\org\apache\metron\stellar\common\cachingstellarprocessor.java@org.apache.metron.stellar.common.cachingstellarprocessor.key(string,map);False;False;0.9034152775648784;0.09658472243512224
metron-stellar\stellar-common\src\main\java\org\apache\metron\stellar\common\cachingstellarprocessor.java@org.apache.metron.stellar.common.cachingstellarprocessor.createcache(map);False;False;0.9034152775648784;0.09658472243512224
metron-stellar\stellar-common\src\main\java\org\apache\metron\stellar\common\cachingstellarprocessor.java@org.apache.metron.stellar.common.cachingstellarprocessor.equals(object);False;False;0.99;0.01
metron-stellar\stellar-common\src\main\java\org\apache\metron\stellar\common\cachingstellarprocessor.java@org.apache.metron.stellar.common.cachingstellarprocessor.getexpression();False;False;0.999;0.001
metron-stellar\stellar-common\src\main\java\org\apache\metron\stellar\common\cachingstellarprocessor.java@org.apache.metron.stellar.common.cachingstellarprocessor.getinput();False;False;1.0;0.0
metron-stellar\stellar-common\src\main\java\org\apache\metron\stellar\common\cachingstellarprocessor.java@org.apache.metron.stellar.common.cachingstellarprocessor.getparam(map,string,t,class);False;False;0.9034152775648784;0.09658472243512224
metron-stellar\stellar-common\src\main\java\org\apache\metron\stellar\common\cachingstellarprocessor.java@org.apache.metron.stellar.common.cachingstellarprocessor.hashcode();False;False;0.9786666666666666;0.021333333333333333
metron-stellar\stellar-common\src\main\java\org\apache\metron\stellar\common\cachingstellarprocessor.java@org.apache.metron.stellar.common.cachingstellarprocessor.parse(string,variableresolver,functionresolver,context);False;False;0.9034152775648784;0.09658472243512224
metron-stellar\stellar-common\src\main\java\org\apache\metron\stellar\common\cachingstellarprocessor.java@org.apache.metron.stellar.common.cachingstellarprocessor.parseuncached(string,variableresolver,functionresolver,context);False;False;0.9034152775648784;0.09658472243512224
metron-stellar\stellar-common\src\main\java\org\apache\metron\stellar\common\cachingstellarprocessor.java@org.apache.metron.stellar.common.cachingstellarprocessor.tokey(string,variableresolver);False;False;0.9034152775648784;0.09658472243512224
metron-stellar\stellar-common\src\main\java\org\apache\metron\stellar\common\cachingstellarprocessor.java@org.apache.metron.stellar.common.cachingstellarprocessor.tostring();False;False;0.9790833333333333;0.020916666666666667
metron-stellar\stellar-common\src\main\java\org\apache\metron\stellar\common\cachingstellarprocessor.java@org.apache.metron.stellar.common.key.key(string,map);False;False;0.9034152775648784;0.09658472243512224
metron-stellar\stellar-common\src\main\java\org\apache\metron\stellar\common\cachingstellarprocessor.java@org.apache.metron.stellar.common.key.equals(object);False;False;0.9034152775648784;0.09658472243512224
metron-stellar\stellar-common\src\main\java\org\apache\metron\stellar\common\cachingstellarprocessor.java@org.apache.metron.stellar.common.key.getexpression();False;False;0.9851351218008023;0.014864878199197096
metron-stellar\stellar-common\src\main\java\org\apache\metron\stellar\common\cachingstellarprocessor.java@org.apache.metron.stellar.common.key.getinput();False;False;0.9851351218008023;0.014864878199197096
metron-stellar\stellar-common\src\main\java\org\apache\metron\stellar\common\cachingstellarprocessor.java@org.apache.metron.stellar.common.key.hashcode();False;False;0.9851351218008023;0.014864878199197096
metron-stellar\stellar-common\src\main\java\org\apache\metron\stellar\common\cachingstellarprocessor.java@org.apache.metron.stellar.common.key.tostring();False;False;0.9851351218008023;0.014864878199197096
metron-stellar\stellar-common\src\main\java\org\apache\metron\stellar\common\constants.java@org.apache.metron.stellar.common.constants.errorfields(string);False;False;0.9034152775648784;0.09658472243512224
metron-stellar\stellar-common\src\main\java\org\apache\metron\stellar\common\constants.java@org.apache.metron.stellar.common.constants.errortype(string);False;False;0.9034152775648784;0.09658472243512224
metron-stellar\stellar-common\src\main\java\org\apache\metron\stellar\common\constants.java@org.apache.metron.stellar.common.constants.fields(string);False;False;0.9034152775648784;0.09658472243512224
metron-stellar\stellar-common\src\main\java\org\apache\metron\stellar\common\constants.java@org.apache.metron.stellar.common.constants.fromstring(string);False;False;1.0;0.0
metron-stellar\stellar-common\src\main\java\org\apache\metron\stellar\common\constants.java@org.apache.metron.stellar.common.constants.getname();False;False;0.9949850746268658;0.005014925373134329
metron-stellar\stellar-common\src\main\java\org\apache\metron\stellar\common\constants.java@org.apache.metron.stellar.common.constants.gettype();False;False;0.999814993198341;0.0001850068016589953
metron-stellar\stellar-common\src\main\java\org\apache\metron\stellar\common\defaultstellarstatefulexecutor.java@org.apache.metron.stellar.common.defaultstellarstatefulexecutor.defaultstellarstatefulexecutor();False;False;0.9034152775648784;0.09658472243512224
metron-stellar\stellar-common\src\main\java\org\apache\metron\stellar\common\defaultstellarstatefulexecutor.java@org.apache.metron.stellar.common.defaultstellarstatefulexecutor.defaultstellarstatefulexecutor(functionresolver,context);False;False;0.9034152775648784;0.09658472243512224
metron-stellar\stellar-common\src\main\java\org\apache\metron\stellar\common\defaultstellarstatefulexecutor.java@org.apache.metron.stellar.common.defaultstellarstatefulexecutor.defaultstellarstatefulexecutor(map);False;False;0.9034152775648784;0.09658472243512224
metron-stellar\stellar-common\src\main\java\org\apache\metron\stellar\common\defaultstellarstatefulexecutor.java@org.apache.metron.stellar.common.defaultstellarstatefulexecutor.assign(string,object);False;False;0.9034152775648784;0.09658472243512224
metron-stellar\stellar-common\src\main\java\org\apache\metron\stellar\common\defaultstellarstatefulexecutor.java@org.apache.metron.stellar.common.defaultstellarstatefulexecutor.assign(string,string,map);False;False;0.9034152775648784;0.09658472243512224
metron-stellar\stellar-common\src\main\java\org\apache\metron\stellar\common\defaultstellarstatefulexecutor.java@org.apache.metron.stellar.common.defaultstellarstatefulexecutor.clearstate();False;False;0.9976075037018163;0.0023924962981833713
metron-stellar\stellar-common\src\main\java\org\apache\metron\stellar\common\defaultstellarstatefulexecutor.java@org.apache.metron.stellar.common.defaultstellarstatefulexecutor.execute(string,map);False;False;0.9034152775648784;0.09658472243512224
metron-stellar\stellar-common\src\main\java\org\apache\metron\stellar\common\defaultstellarstatefulexecutor.java@org.apache.metron.stellar.common.defaultstellarstatefulexecutor.execute(string,map,class);False;False;0.9034152775648784;0.09658472243512224
metron-stellar\stellar-common\src\main\java\org\apache\metron\stellar\common\defaultstellarstatefulexecutor.java@org.apache.metron.stellar.common.defaultstellarstatefulexecutor.getstate();False;False;0.999;0.001
metron-stellar\stellar-common\src\main\java\org\apache\metron\stellar\common\defaultstellarstatefulexecutor.java@org.apache.metron.stellar.common.defaultstellarstatefulexecutor.setcontext(context);False;False;0.9999734808570424;2.651914295749912e-05
metron-stellar\stellar-common\src\main\java\org\apache\metron\stellar\common\defaultstellarstatefulexecutor.java@org.apache.metron.stellar.common.defaultstellarstatefulexecutor.setfunctionresolver(functionresolver);False;False;1.0;0.0
metron-stellar\stellar-common\src\main\java\org\apache\metron\stellar\common\framecontext.java@org.apache.metron.stellar.common.context.context(framecontext);False;False;0.9034152775648784;0.09658472243512224
metron-stellar\stellar-common\src\main\java\org\apache\metron\stellar\common\framecontext.java@org.apache.metron.stellar.common.context.getvariety();False;False;0.978;0.022
metron-stellar\stellar-common\src\main\java\org\apache\metron\stellar\common\framecontext.java@org.apache.metron.stellar.common.context.tostring();False;False;0.9531660173160172;0.04683398268398271
metron-stellar\stellar-common\src\main\java\org\apache\metron\stellar\common\lambdaexpression.java@org.apache.metron.stellar.common.lambdaexpression.lambdaexpression(list,deque,stellarcompiler);False;False;0.9034152775648784;0.09658472243512224
metron-stellar\stellar-common\src\main\java\org\apache\metron\stellar\common\lambdaexpression.java@org.apache.metron.stellar.common.lambdaexpression.apply(list);False;False;0.9034152775648784;0.09658472243512224
metron-stellar\stellar-common\src\main\java\org\apache\metron\stellar\common\lambdaexpression.java@org.apache.metron.stellar.common.lambdaexpression.gettokendeque();False;False;0.996;0.004
metron-stellar\stellar-common\src\main\java\org\apache\metron\stellar\common\stellarassignment.java@org.apache.metron.stellar.common.stellarassignment.stellarassignment(string,string);False;False;0.9034152775648784;0.09658472243512224
metron-stellar\stellar-common\src\main\java\org\apache\metron\stellar\common\stellarassignment.java@org.apache.metron.stellar.common.stellarassignment.from(string);False;False;0.973;0.027
metron-stellar\stellar-common\src\main\java\org\apache\metron\stellar\common\stellarassignment.java@org.apache.metron.stellar.common.stellarassignment.getkey();False;False;1.0;0.0
metron-stellar\stellar-common\src\main\java\org\apache\metron\stellar\common\stellarassignment.java@org.apache.metron.stellar.common.stellarassignment.getstatement();False;False;0.9870016977227632;0.012998302277236747
metron-stellar\stellar-common\src\main\java\org\apache\metron\stellar\common\stellarassignment.java@org.apache.metron.stellar.common.stellarassignment.getvalue();False;False;0.997;0.003
metron-stellar\stellar-common\src\main\java\org\apache\metron\stellar\common\stellarassignment.java@org.apache.metron.stellar.common.stellarassignment.getvariable();False;False;0.999;0.001
metron-stellar\stellar-common\src\main\java\org\apache\metron\stellar\common\stellarassignment.java@org.apache.metron.stellar.common.stellarassignment.isassignment(string);False;False;0.9508999999999999;0.04910000000000001
metron-stellar\stellar-common\src\main\java\org\apache\metron\stellar\common\stellarassignment.java@org.apache.metron.stellar.common.stellarassignment.setvalue(object);False;False;0.992;0.008
metron-stellar\stellar-common\src\main\java\org\apache\metron\stellar\common\stellarcompiler.java@org.apache.metron.stellar.common.expression.expression(deque);False;False;0.9034152775648784;0.09658472243512224
metron-stellar\stellar-common\src\main\java\org\apache\metron\stellar\common\stellarcompiler.java@org.apache.metron.stellar.common.expression.apply(expressionstate);False;False;0.9034152775648784;0.09658472243512224
metron-stellar\stellar-common\src\main\java\org\apache\metron\stellar\common\stellarcompiler.java@org.apache.metron.stellar.common.expression.clear();False;False;0.9851351218008023;0.014864878199197096
metron-stellar\stellar-common\src\main\java\org\apache\metron\stellar\common\stellarcompiler.java@org.apache.metron.stellar.common.expression.gettokendeque();False;False;0.9851351218008023;0.014864878199197096
metron-stellar\stellar-common\src\main\java\org\apache\metron\stellar\common\stellarcompiler.java@org.apache.metron.stellar.common.expression.shortcircuit(iterator,framecontext);False;False;0.9034152775648784;0.09658472243512224
metron-stellar\stellar-common\src\main\java\org\apache\metron\stellar\common\stellarcompiler.java@org.apache.metron.stellar.common.expressionstate.expressionstate(context,functionresolver,variableresolver);False;False;0.9034152775648784;0.09658472243512224
metron-stellar\stellar-common\src\main\java\org\apache\metron\stellar\common\stellarcompiler.java@org.apache.metron.stellar.common.stellarcompiler.expression(deque);False;False;0.9034152775648784;0.09658472243512224
metron-stellar\stellar-common\src\main\java\org\apache\metron\stellar\common\stellarcompiler.java@org.apache.metron.stellar.common.stellarcompiler.expressionstate(context,functionresolver,variableresolver);False;False;0.9034152775648784;0.09658472243512224
metron-stellar\stellar-common\src\main\java\org\apache\metron\stellar\common\stellarcompiler.java@org.apache.metron.stellar.common.stellarcompiler.stellarcompiler(arithmeticevaluator,numberliteralevaluator,comparisonexpressionwithoperatorevaluator);False;False;0.9034152775648784;0.09658472243512224
metron-stellar\stellar-common\src\main\java\org\apache\metron\stellar\common\stellarcompiler.java@org.apache.metron.stellar.common.stellarcompiler.stellarcompiler(expression,arithmeticevaluator,numberliteralevaluator,comparisonexpressionwithoperatorevaluator);False;False;0.9034152775648784;0.09658472243512224
metron-stellar\stellar-common\src\main\java\org\apache\metron\stellar\common\stellarcompiler.java@org.apache.metron.stellar.common.stellarcompiler.apply(expressionstate);False;False;0.832;0.168
metron-stellar\stellar-common\src\main\java\org\apache\metron\stellar\common\stellarcompiler.java@org.apache.metron.stellar.common.stellarcompiler.booleanop(token,token,booleanop,string);False;False;0.9034152775648784;0.09658472243512224
metron-stellar\stellar-common\src\main\java\org\apache\metron\stellar\common\stellarcompiler.java@org.apache.metron.stellar.common.stellarcompiler.clear();False;False;0.981;0.019
metron-stellar\stellar-common\src\main\java\org\apache\metron\stellar\common\stellarcompiler.java@org.apache.metron.stellar.common.stellarcompiler.enterb_expr(stellarparser);False;False;0.9034152775648784;0.09658472243512224
metron-stellar\stellar-common\src\main\java\org\apache\metron\stellar\common\stellarcompiler.java@org.apache.metron.stellar.common.stellarcompiler.enterelse_expr(stellarparser);False;False;0.9034152775648784;0.09658472243512224
metron-stellar\stellar-common\src\main\java\org\apache\metron\stellar\common\stellarcompiler.java@org.apache.metron.stellar.common.stellarcompiler.enterfunc_args(stellarparser);False;False;0.9034152775648784;0.09658472243512224
metron-stellar\stellar-common\src\main\java\org\apache\metron\stellar\common\stellarcompiler.java@org.apache.metron.stellar.common.stellarcompiler.enterlambda();False;False;1.0;0.0
metron-stellar\stellar-common\src\main\java\org\apache\metron\stellar\common\stellarcompiler.java@org.apache.metron.stellar.common.stellarcompiler.enterlambdavariables();False;False;1.0;0.0
metron-stellar\stellar-common\src\main\java\org\apache\metron\stellar\common\stellarcompiler.java@org.apache.metron.stellar.common.stellarcompiler.enterlambda_variables(stellarparser);False;False;0.9034152775648784;0.09658472243512224
metron-stellar\stellar-common\src\main\java\org\apache\metron\stellar\common\stellarcompiler.java@org.apache.metron.stellar.common.stellarcompiler.enterlambda_with_args(stellarparser);False;False;0.9034152775648784;0.09658472243512224
metron-stellar\stellar-common\src\main\java\org\apache\metron\stellar\common\stellarcompiler.java@org.apache.metron.stellar.common.stellarcompiler.enterlambda_without_args(stellarparser);False;False;0.9034152775648784;0.09658472243512224
metron-stellar\stellar-common\src\main\java\org\apache\metron\stellar\common\stellarcompiler.java@org.apache.metron.stellar.common.stellarcompiler.enterlist_entity(stellarparser);False;False;0.9034152775648784;0.09658472243512224
metron-stellar\stellar-common\src\main\java\org\apache\metron\stellar\common\stellarcompiler.java@org.apache.metron.stellar.common.stellarcompiler.entermap_entity(stellarparser);False;False;0.9034152775648784;0.09658472243512224
metron-stellar\stellar-common\src\main\java\org\apache\metron\stellar\common\stellarcompiler.java@org.apache.metron.stellar.common.stellarcompiler.entersingle_lambda_variable(stellarparser);False;False;0.9034152775648784;0.09658472243512224
metron-stellar\stellar-common\src\main\java\org\apache\metron\stellar\common\stellarcompiler.java@org.apache.metron.stellar.common.stellarcompiler.enterthen_expr(stellarparser);False;False;0.9034152775648784;0.09658472243512224
metron-stellar\stellar-common\src\main\java\org\apache\metron\stellar\common\stellarcompiler.java@org.apache.metron.stellar.common.stellarcompiler.entertransformation(stellarparser);False;False;0.9034152775648784;0.09658472243512224
metron-stellar\stellar-common\src\main\java\org\apache\metron\stellar\common\stellarcompiler.java@org.apache.metron.stellar.common.stellarcompiler.exitarithexpr_div(stellarparser);False;False;0.9034152775648784;0.09658472243512224
metron-stellar\stellar-common\src\main\java\org\apache\metron\stellar\common\stellarcompiler.java@org.apache.metron.stellar.common.stellarcompiler.exitarithexpr_minus(stellarparser);False;False;0.9034152775648784;0.09658472243512224
metron-stellar\stellar-common\src\main\java\org\apache\metron\stellar\common\stellarcompiler.java@org.apache.metron.stellar.common.stellarcompiler.exitarithexpr_mul(stellarparser);False;False;0.9034152775648784;0.09658472243512224
metron-stellar\stellar-common\src\main\java\org\apache\metron\stellar\common\stellarcompiler.java@org.apache.metron.stellar.common.stellarcompiler.exitarithexpr_plus(stellarparser);False;False;0.9034152775648784;0.09658472243512224
metron-stellar\stellar-common\src\main\java\org\apache\metron\stellar\common\stellarcompiler.java@org.apache.metron.stellar.common.stellarcompiler.exitb_expr(stellarparser);False;False;0.9034152775648784;0.09658472243512224
metron-stellar\stellar-common\src\main\java\org\apache\metron\stellar\common\stellarcompiler.java@org.apache.metron.stellar.common.stellarcompiler.exitcomparisonexpressionwithoperator(stellarparser);False;False;0.9034152775648784;0.09658472243512224
metron-stellar\stellar-common\src\main\java\org\apache\metron\stellar\common\stellarcompiler.java@org.apache.metron.stellar.common.stellarcompiler.exitdefault(stellarparser);False;False;0.9034152775648784;0.09658472243512224
metron-stellar\stellar-common\src\main\java\org\apache\metron\stellar\common\stellarcompiler.java@org.apache.metron.stellar.common.stellarcompiler.exitdoubleliteral(stellarparser);False;False;0.9034152775648784;0.09658472243512224
metron-stellar\stellar-common\src\main\java\org\apache\metron\stellar\common\stellarcompiler.java@org.apache.metron.stellar.common.stellarcompiler.exitelse_expr(stellarparser);False;False;0.9034152775648784;0.09658472243512224
metron-stellar\stellar-common\src\main\java\org\apache\metron\stellar\common\stellarcompiler.java@org.apache.metron.stellar.common.stellarcompiler.exitexistsfunc(stellarparser);False;False;0.9034152775648784;0.09658472243512224
metron-stellar\stellar-common\src\main\java\org\apache\metron\stellar\common\stellarcompiler.java@org.apache.metron.stellar.common.stellarcompiler.exitfloatliteral(stellarparser);False;False;0.9034152775648784;0.09658472243512224
metron-stellar\stellar-common\src\main\java\org\apache\metron\stellar\common\stellarcompiler.java@org.apache.metron.stellar.common.stellarcompiler.exitfunc_args(stellarparser);False;False;0.9034152775648784;0.09658472243512224
metron-stellar\stellar-common\src\main\java\org\apache\metron\stellar\common\stellarcompiler.java@org.apache.metron.stellar.common.stellarcompiler.exitif_expr(stellarparser);False;False;0.9034152775648784;0.09658472243512224
metron-stellar\stellar-common\src\main\java\org\apache\metron\stellar\common\stellarcompiler.java@org.apache.metron.stellar.common.stellarcompiler.exitinexpressionstatement(stellarparser);False;False;0.9034152775648784;0.09658472243512224
metron-stellar\stellar-common\src\main\java\org\apache\metron\stellar\common\stellarcompiler.java@org.apache.metron.stellar.common.stellarcompiler.exitintliteral(stellarparser);False;False;0.9034152775648784;0.09658472243512224
metron-stellar\stellar-common\src\main\java\org\apache\metron\stellar\common\stellarcompiler.java@org.apache.metron.stellar.common.stellarcompiler.exitlambda(boolean);False;False;0.9034152775648784;0.09658472243512224
metron-stellar\stellar-common\src\main\java\org\apache\metron\stellar\common\stellarcompiler.java@org.apache.metron.stellar.common.stellarcompiler.exitlambdavariables();False;False;0.9813333333333334;0.018666666666666665
metron-stellar\stellar-common\src\main\java\org\apache\metron\stellar\common\stellarcompiler.java@org.apache.metron.stellar.common.stellarcompiler.exitlambda_variable(stellarparser);False;False;0.9034152775648784;0.09658472243512224
metron-stellar\stellar-common\src\main\java\org\apache\metron\stellar\common\stellarcompiler.java@org.apache.metron.stellar.common.stellarcompiler.exitlambda_variables(stellarparser);False;False;0.9034152775648784;0.09658472243512224
metron-stellar\stellar-common\src\main\java\org\apache\metron\stellar\common\stellarcompiler.java@org.apache.metron.stellar.common.stellarcompiler.exitlambda_with_args(stellarparser);False;False;0.9034152775648784;0.09658472243512224
metron-stellar\stellar-common\src\main\java\org\apache\metron\stellar\common\stellarcompiler.java@org.apache.metron.stellar.common.stellarcompiler.exitlambda_without_args(stellarparser);False;False;0.9034152775648784;0.09658472243512224
metron-stellar\stellar-common\src\main\java\org\apache\metron\stellar\common\stellarcompiler.java@org.apache.metron.stellar.common.stellarcompiler.exitlist_entity(stellarparser);False;False;0.9034152775648784;0.09658472243512224
metron-stellar\stellar-common\src\main\java\org\apache\metron\stellar\common\stellarcompiler.java@org.apache.metron.stellar.common.stellarcompiler.exitlogicalconst(stellarparser);False;False;0.9034152775648784;0.09658472243512224
metron-stellar\stellar-common\src\main\java\org\apache\metron\stellar\common\stellarcompiler.java@org.apache.metron.stellar.common.stellarcompiler.exitlogicalexpressionand(stellarparser);False;False;0.9034152775648784;0.09658472243512224
metron-stellar\stellar-common\src\main\java\org\apache\metron\stellar\common\stellarcompiler.java@org.apache.metron.stellar.common.stellarcompiler.exitlogicalexpressionor(stellarparser);False;False;0.9034152775648784;0.09658472243512224
metron-stellar\stellar-common\src\main\java\org\apache\metron\stellar\common\stellarcompiler.java@org.apache.metron.stellar.common.stellarcompiler.exitlongliteral(stellarparser);False;False;0.9034152775648784;0.09658472243512224
metron-stellar\stellar-common\src\main\java\org\apache\metron\stellar\common\stellarcompiler.java@org.apache.metron.stellar.common.stellarcompiler.exitmap_entity(stellarparser);False;False;0.9034152775648784;0.09658472243512224
metron-stellar\stellar-common\src\main\java\org\apache\metron\stellar\common\stellarcompiler.java@org.apache.metron.stellar.common.stellarcompiler.exitmatchclauseaction(stellarparser);False;False;0.9034152775648784;0.09658472243512224
metron-stellar\stellar-common\src\main\java\org\apache\metron\stellar\common\stellarcompiler.java@org.apache.metron.stellar.common.stellarcompiler.exitmatchclausecheckexpr(stellarparser);False;False;0.9034152775648784;0.09658472243512224
metron-stellar\stellar-common\src\main\java\org\apache\metron\stellar\common\stellarcompiler.java@org.apache.metron.stellar.common.stellarcompiler.exitmatchclauses(stellarparser);False;False;0.9034152775648784;0.09658472243512224
metron-stellar\stellar-common\src\main\java\org\apache\metron\stellar\common\stellarcompiler.java@org.apache.metron.stellar.common.stellarcompiler.exitmatch_clause(stellarparser);False;False;0.9034152775648784;0.09658472243512224
metron-stellar\stellar-common\src\main\java\org\apache\metron\stellar\common\stellarcompiler.java@org.apache.metron.stellar.common.stellarcompiler.exitninexpressionstatement(stellarparser);False;False;0.9034152775648784;0.09658472243512224
metron-stellar\stellar-common\src\main\java\org\apache\metron\stellar\common\stellarcompiler.java@org.apache.metron.stellar.common.stellarcompiler.exitnanarith(stellarparser);False;False;0.9034152775648784;0.09658472243512224
metron-stellar\stellar-common\src\main\java\org\apache\metron\stellar\common\stellarcompiler.java@org.apache.metron.stellar.common.stellarcompiler.exitnotfunc(stellarparser);False;False;0.9034152775648784;0.09658472243512224
metron-stellar\stellar-common\src\main\java\org\apache\metron\stellar\common\stellarcompiler.java@org.apache.metron.stellar.common.stellarcompiler.exitnullconst(stellarparser);False;False;0.9034152775648784;0.09658472243512224
metron-stellar\stellar-common\src\main\java\org\apache\metron\stellar\common\stellarcompiler.java@org.apache.metron.stellar.common.stellarcompiler.exitsingle_lambda_variable(stellarparser);False;False;0.9034152775648784;0.09658472243512224
metron-stellar\stellar-common\src\main\java\org\apache\metron\stellar\common\stellarcompiler.java@org.apache.metron.stellar.common.stellarcompiler.exitstringliteral(stellarparser);False;False;0.9034152775648784;0.09658472243512224
metron-stellar\stellar-common\src\main\java\org\apache\metron\stellar\common\stellarcompiler.java@org.apache.metron.stellar.common.stellarcompiler.exittransformationfunc(stellarparser);False;False;0.9034152775648784;0.09658472243512224
metron-stellar\stellar-common\src\main\java\org\apache\metron\stellar\common\stellarcompiler.java@org.apache.metron.stellar.common.stellarcompiler.exitvariable(stellarparser);False;False;0.9034152775648784;0.09658472243512224
metron-stellar\stellar-common\src\main\java\org\apache\metron\stellar\common\stellarcompiler.java@org.apache.metron.stellar.common.stellarcompiler.getargcontext();False;False;0.9975;0.0025
metron-stellar\stellar-common\src\main\java\org\apache\metron\stellar\common\stellarcompiler.java@org.apache.metron.stellar.common.stellarcompiler.getarithexpressionpair(deque);False;False;0.9034152775648784;0.09658472243512224
metron-stellar\stellar-common\src\main\java\org\apache\metron\stellar\common\stellarcompiler.java@org.apache.metron.stellar.common.stellarcompiler.getexpression();False;False;1.0;0.0
metron-stellar\stellar-common\src\main\java\org\apache\metron\stellar\common\stellarcompiler.java@org.apache.metron.stellar.common.stellarcompiler.getfunctionarguments(token);False;False;0.9034152775648784;0.09658472243512224
metron-stellar\stellar-common\src\main\java\org\apache\metron\stellar\common\stellarcompiler.java@org.apache.metron.stellar.common.stellarcompiler.gettokendeque();False;False;1.0;0.0
metron-stellar\stellar-common\src\main\java\org\apache\metron\stellar\common\stellarcompiler.java@org.apache.metron.stellar.common.stellarcompiler.handlein(token,token);False;False;0.9034152775648784;0.09658472243512224
metron-stellar\stellar-common\src\main\java\org\apache\metron\stellar\common\stellarcompiler.java@org.apache.metron.stellar.common.stellarcompiler.initializefunction(context,stellarfunction,string);False;False;0.9034152775648784;0.09658472243512224
metron-stellar\stellar-common\src\main\java\org\apache\metron\stellar\common\stellarcompiler.java@org.apache.metron.stellar.common.stellarcompiler.popargcontext();False;False;0.992;0.008
metron-stellar\stellar-common\src\main\java\org\apache\metron\stellar\common\stellarcompiler.java@org.apache.metron.stellar.common.stellarcompiler.popdeque(deque);False;False;0.9034152775648784;0.09658472243512224
metron-stellar\stellar-common\src\main\java\org\apache\metron\stellar\common\stellarcompiler.java@org.apache.metron.stellar.common.stellarcompiler.resolvefunction(functionresolver,string);False;False;0.9034152775648784;0.09658472243512224
metron-stellar\stellar-common\src\main\java\org\apache\metron\stellar\common\stellarcompiler.java@org.apache.metron.stellar.common.stellarcompiler.shortcircuit(iterator,framecontext);False;False;0.9034152775648784;0.09658472243512224
metron-stellar\stellar-common\src\main\java\org\apache\metron\stellar\common\stellarpredicateprocessor.java@org.apache.metron.stellar.common.stellarpredicateprocessor.stellarpredicateprocessor();False;False;0.9034152775648784;0.09658472243512224
metron-stellar\stellar-common\src\main\java\org\apache\metron\stellar\common\stellarpredicateprocessor.java@org.apache.metron.stellar.common.stellarpredicateprocessor.stellarpredicateprocessor(int,int,timeunit);False;False;0.9034152775648784;0.09658472243512224
metron-stellar\stellar-common\src\main\java\org\apache\metron\stellar\common\stellarpredicateprocessor.java@org.apache.metron.stellar.common.stellarpredicateprocessor.parse(string,variableresolver,functionresolver,context);False;False;0.9034152775648784;0.09658472243512224
metron-stellar\stellar-common\src\main\java\org\apache\metron\stellar\common\stellarprocessor.java@org.apache.metron.stellar.common.stellarprocessor.stellarprocessor();False;False;0.9034152775648784;0.09658472243512224
metron-stellar\stellar-common\src\main\java\org\apache\metron\stellar\common\stellarprocessor.java@org.apache.metron.stellar.common.stellarprocessor.stellarprocessor(int,int,timeunit);False;False;0.9034152775648784;0.09658472243512224
metron-stellar\stellar-common\src\main\java\org\apache\metron\stellar\common\benchmark\microbenchmark.java@org.apache.metron.stellar.common.benchmark.microbenchmark.describe(descriptivestatistics,double[]);False;False;0.9034152775648784;0.09658472243512224
metron-stellar\stellar-common\src\main\java\org\apache\metron\stellar\common\benchmark\microbenchmark.java@org.apache.metron.stellar.common.benchmark.microbenchmark.run(stellarstatement,int,int);False;False;0.9034152775648784;0.09658472243512224
metron-stellar\stellar-common\src\main\java\org\apache\metron\stellar\common\benchmark\microbenchmark.java@org.apache.metron.stellar.common.benchmark.microbenchmark.run(int,stellarstatement,consumer);False;False;0.9034152775648784;0.09658472243512224
metron-stellar\stellar-common\src\main\java\org\apache\metron\stellar\common\benchmark\stellarmicrobenchmark.java@org.apache.metron.stellar.common.benchmark.stellarmicrobenchmark.benchmarkoptions(string,optionhandler);False;False;0.9034152775648784;0.09658472243512224
metron-stellar\stellar-common\src\main\java\org\apache\metron\stellar\common\benchmark\stellarmicrobenchmark.java@org.apache.metron.stellar.common.benchmark.stellarmicrobenchmark.apply(string);False;False;0.981;0.019
metron-stellar\stellar-common\src\main\java\org\apache\metron\stellar\common\benchmark\stellarmicrobenchmark.java@org.apache.metron.stellar.common.benchmark.stellarmicrobenchmark.createconfig(commandline);False;False;0.998;0.002
metron-stellar\stellar-common\src\main\java\org\apache\metron\stellar\common\benchmark\stellarmicrobenchmark.java@org.apache.metron.stellar.common.benchmark.stellarmicrobenchmark.get(commandline);False;False;1.0;0.0
metron-stellar\stellar-common\src\main\java\org\apache\metron\stellar\common\benchmark\stellarmicrobenchmark.java@org.apache.metron.stellar.common.benchmark.stellarmicrobenchmark.getoptions();False;False;1.0;0.0
metron-stellar\stellar-common\src\main\java\org\apache\metron\stellar\common\benchmark\stellarmicrobenchmark.java@org.apache.metron.stellar.common.benchmark.stellarmicrobenchmark.getvalue(benchmarkoptions,commandline);False;False;0.9034152775648784;0.09658472243512224
metron-stellar\stellar-common\src\main\java\org\apache\metron\stellar\common\benchmark\stellarmicrobenchmark.java@org.apache.metron.stellar.common.benchmark.stellarmicrobenchmark.has(commandline);False;False;0.9970494949494949;0.0029505050505050506
metron-stellar\stellar-common\src\main\java\org\apache\metron\stellar\common\benchmark\stellarmicrobenchmark.java@org.apache.metron.stellar.common.benchmark.stellarmicrobenchmark.main(string);False;False;0.931;0.069
metron-stellar\stellar-common\src\main\java\org\apache\metron\stellar\common\benchmark\stellarmicrobenchmark.java@org.apache.metron.stellar.common.benchmark.stellarmicrobenchmark.parse(commandlineparser,string[]);False;False;0.9034152775648784;0.09658472243512224
metron-stellar\stellar-common\src\main\java\org\apache\metron\stellar\common\benchmark\stellarmicrobenchmark.java@org.apache.metron.stellar.common.benchmark.stellarmicrobenchmark.printhelp();False;False;1.0;0.0
metron-stellar\stellar-common\src\main\java\org\apache\metron\stellar\common\configuration\configurationsutils.java@org.apache.metron.stellar.common.configuration.configurationsutils.dumpconfigs(printstream,curatorframework);False;False;0.9034152775648784;0.09658472243512224
metron-stellar\stellar-common\src\main\java\org\apache\metron\stellar\common\configuration\configurationsutils.java@org.apache.metron.stellar.common.configuration.configurationsutils.getclient(string);False;False;0.995;0.005
metron-stellar\stellar-common\src\main\java\org\apache\metron\stellar\common\configuration\configurationsutils.java@org.apache.metron.stellar.common.configuration.configurationsutils.readconfigbytesfromzookeeper(string,curatorframework);False;False;0.9034152775648784;0.09658472243512224
metron-stellar\stellar-common\src\main\java\org\apache\metron\stellar\common\configuration\configurationsutils.java@org.apache.metron.stellar.common.configuration.configurationsutils.readfromzookeeper(string,curatorframework);False;False;0.9034152775648784;0.09658472243512224
metron-stellar\stellar-common\src\main\java\org\apache\metron\stellar\common\configuration\configurationsutils.java@org.apache.metron.stellar.common.configuration.configurationsutils.readglobalconfigbytesfromzookeeper(curatorframework);False;False;0.993;0.007
metron-stellar\stellar-common\src\main\java\org\apache\metron\stellar\common\configuration\configurationsutils.java@org.apache.metron.stellar.common.configuration.configurationsutils.readglobalconfigfromfile(string);False;False;1.0;0.0
metron-stellar\stellar-common\src\main\java\org\apache\metron\stellar\common\configuration\configurationsutils.java@org.apache.metron.stellar.common.configuration.configurationsutils.setupstellarstatically(curatorframework);False;False;0.9034152775648784;0.09658472243512224
metron-stellar\stellar-common\src\main\java\org\apache\metron\stellar\common\configuration\configurationsutils.java@org.apache.metron.stellar.common.configuration.configurationsutils.setupstellarstatically(curatorframework,optional);False;False;0.9034152775648784;0.09658472243512224
metron-stellar\stellar-common\src\main\java\org\apache\metron\stellar\common\configuration\configurationsutils.java@org.apache.metron.stellar.common.configuration.configurationsutils.visitconfigs(curatorframework,configurationvisitor);False;False;0.9034152775648784;0.09658472243512224
metron-stellar\stellar-common\src\main\java\org\apache\metron\stellar\common\configuration\configurationsutils.java@org.apache.metron.stellar.common.configuration.configurationsutils.visitconfigs(curatorframework,configurationvisitor,configurationtype);False;False;0.9034152775648784;0.09658472243512224
metron-stellar\stellar-common\src\main\java\org\apache\metron\stellar\common\configuration\configurationsutils.java@org.apache.metron.stellar.common.configuration.configurationsutils.writeconfigtozookeeper(string,map,string);False;False;0.9034152775648784;0.09658472243512224
metron-stellar\stellar-common\src\main\java\org\apache\metron\stellar\common\configuration\configurationsutils.java@org.apache.metron.stellar.common.configuration.configurationsutils.writeconfigtozookeeper(string,byte[],string);False;False;0.9034152775648784;0.09658472243512224
metron-stellar\stellar-common\src\main\java\org\apache\metron\stellar\common\configuration\configurationsutils.java@org.apache.metron.stellar.common.configuration.configurationsutils.writeglobalconfigtozookeeper(map,curatorframework);False;False;0.9034152775648784;0.09658472243512224
metron-stellar\stellar-common\src\main\java\org\apache\metron\stellar\common\configuration\configurationsutils.java@org.apache.metron.stellar.common.configuration.configurationsutils.writeglobalconfigtozookeeper(map,string);False;False;0.9034152775648784;0.09658472243512224
metron-stellar\stellar-common\src\main\java\org\apache\metron\stellar\common\configuration\configurationsutils.java@org.apache.metron.stellar.common.configuration.configurationsutils.writeglobalconfigtozookeeper(byte[],curatorframework);False;False;0.9034152775648784;0.09658472243512224
metron-stellar\stellar-common\src\main\java\org\apache\metron\stellar\common\configuration\configurationsutils.java@org.apache.metron.stellar.common.configuration.configurationsutils.writeglobalconfigtozookeeper(byte[],string);False;False;0.9034152775648784;0.09658472243512224
metron-stellar\stellar-common\src\main\java\org\apache\metron\stellar\common\configuration\configurationsutils.java@org.apache.metron.stellar.common.configuration.configurationsutils.writetozookeeper(string,byte[],curatorframework);False;False;0.9034152775648784;0.09658472243512224
metron-stellar\stellar-common\src\main\java\org\apache\metron\stellar\common\evaluators\arithmeticevaluator.java@org.apache.metron.stellar.common.evaluators.arithmeticevaluatorfunctions.addition(framecontext);False;False;0.9034152775648784;0.09658472243512224
metron-stellar\stellar-common\src\main\java\org\apache\metron\stellar\common\evaluators\arithmeticevaluator.java@org.apache.metron.stellar.common.evaluators.arithmeticevaluatorfunctions.division(framecontext);False;False;0.9034152775648784;0.09658472243512224
metron-stellar\stellar-common\src\main\java\org\apache\metron\stellar\common\evaluators\arithmeticevaluator.java@org.apache.metron.stellar.common.evaluators.arithmeticevaluatorfunctions.multiplication(framecontext);False;False;0.9034152775648784;0.09658472243512224
metron-stellar\stellar-common\src\main\java\org\apache\metron\stellar\common\evaluators\arithmeticevaluator.java@org.apache.metron.stellar.common.evaluators.arithmeticevaluatorfunctions.subtraction(framecontext);False;False;0.9034152775648784;0.09658472243512224
metron-stellar\stellar-common\src\main\java\org\apache\metron\stellar\common\evaluators\comparisonoperatorsevaluator.java@org.apache.metron.stellar.common.evaluators.comparisonoperatorsevaluator.compare(t,t,stellarparser);False;False;0.9034152775648784;0.09658472243512224
metron-stellar\stellar-common\src\main\java\org\apache\metron\stellar\common\evaluators\comparisonoperatorsevaluator.java@org.apache.metron.stellar.common.evaluators.comparisonoperatorsevaluator.comparenumbers(number,number,stellarparser);False;False;0.9034152775648784;0.09658472243512224
metron-stellar\stellar-common\src\main\java\org\apache\metron\stellar\common\evaluators\comparisonoperatorsevaluator.java@org.apache.metron.stellar.common.evaluators.comparisonoperatorsevaluator.evaluate(token,token,stellarparser);False;False;0.9034152775648784;0.09658472243512224
metron-stellar\stellar-common\src\main\java\org\apache\metron\stellar\common\evaluators\comparisonoperatorsevaluator.java@org.apache.metron.stellar.common.evaluators.comparisonoperatorsevaluator.greaterthan(number,number);False;False;0.9034152775648784;0.09658472243512224
metron-stellar\stellar-common\src\main\java\org\apache\metron\stellar\common\evaluators\comparisonoperatorsevaluator.java@org.apache.metron.stellar.common.evaluators.comparisonoperatorsevaluator.greaterthanequal(number,number);False;False;0.9034152775648784;0.09658472243512224
metron-stellar\stellar-common\src\main\java\org\apache\metron\stellar\common\evaluators\comparisonoperatorsevaluator.java@org.apache.metron.stellar.common.evaluators.comparisonoperatorsevaluator.lessthan(number,number);False;False;0.9034152775648784;0.09658472243512224
metron-stellar\stellar-common\src\main\java\org\apache\metron\stellar\common\evaluators\comparisonoperatorsevaluator.java@org.apache.metron.stellar.common.evaluators.comparisonoperatorsevaluator.lessthanequal(number,number);False;False;0.9034152775648784;0.09658472243512224
metron-stellar\stellar-common\src\main\java\org\apache\metron\stellar\common\evaluators\doubleliteralevaluator.java@org.apache.metron.stellar.common.evaluators.doubleliteralevaluator.evaluate(stellarparser,framecontext);False;False;0.9034152775648784;0.09658472243512224
metron-stellar\stellar-common\src\main\java\org\apache\metron\stellar\common\evaluators\equalityoperatorsevaluator.java@org.apache.metron.stellar.common.evaluators.equalityoperatorsevaluator.eq(number,number);False;False;0.9034152775648784;0.09658472243512224
metron-stellar\stellar-common\src\main\java\org\apache\metron\stellar\common\evaluators\equalityoperatorsevaluator.java@org.apache.metron.stellar.common.evaluators.equalityoperatorsevaluator.evaluate(token,token,stellarparser);False;False;0.9034152775648784;0.09658472243512224
metron-stellar\stellar-common\src\main\java\org\apache\metron\stellar\common\evaluators\floatliteralevaluator.java@org.apache.metron.stellar.common.evaluators.floatliteralevaluator.evaluate(stellarparser,framecontext);False;False;0.9034152775648784;0.09658472243512224
metron-stellar\stellar-common\src\main\java\org\apache\metron\stellar\common\evaluators\intliteralevaluator.java@org.apache.metron.stellar.common.evaluators.intliteralevaluator.evaluate(stellarparser,framecontext);False;False;0.9034152775648784;0.09658472243512224
metron-stellar\stellar-common\src\main\java\org\apache\metron\stellar\common\evaluators\longliteralevaluator.java@org.apache.metron.stellar.common.evaluators.longliteralevaluator.evaluate(stellarparser,framecontext);False;False;0.9034152775648784;0.09658472243512224
metron-stellar\stellar-common\src\main\java\org\apache\metron\stellar\common\generated\stellarlexer.java@org.apache.metron.stellar.common.generated.stellarlexer.stellarlexer(charstream);False;False;0.9034152775648784;0.09658472243512224
metron-stellar\stellar-common\src\main\java\org\apache\metron\stellar\common\generated\stellarlexer.java@org.apache.metron.stellar.common.generated.stellarlexer.getatn();False;False;0.988;0.012
metron-stellar\stellar-common\src\main\java\org\apache\metron\stellar\common\generated\stellarlexer.java@org.apache.metron.stellar.common.generated.stellarlexer.getgrammarfilename();False;False;1.0;0.0
metron-stellar\stellar-common\src\main\java\org\apache\metron\stellar\common\generated\stellarlexer.java@org.apache.metron.stellar.common.generated.stellarlexer.getmodenames();False;False;1.0;0.0
metron-stellar\stellar-common\src\main\java\org\apache\metron\stellar\common\generated\stellarlexer.java@org.apache.metron.stellar.common.generated.stellarlexer.getrulenames();False;False;1.0;0.0
metron-stellar\stellar-common\src\main\java\org\apache\metron\stellar\common\generated\stellarlexer.java@org.apache.metron.stellar.common.generated.stellarlexer.getserializedatn();False;False;0.9994981060606061;0.0005018939393939394
metron-stellar\stellar-common\src\main\java\org\apache\metron\stellar\common\generated\stellarlexer.java@org.apache.metron.stellar.common.generated.stellarlexer.gettokennames();False;False;0.991;0.009
metron-stellar\stellar-common\src\main\java\org\apache\metron\stellar\common\generated\stellarlexer.java@org.apache.metron.stellar.common.generated.stellarlexer.getvocabulary();False;False;0.999;0.001
metron-stellar\stellar-common\src\main\java\org\apache\metron\stellar\common\generated\stellarparser.java@org.apache.metron.stellar.common.generated.arithexpr_divcontext.arithexpr_divcontext(arithmetic_expr_mulcontext);False;False;0.9034152775648784;0.09658472243512224
metron-stellar\stellar-common\src\main\java\org\apache\metron\stellar\common\generated\stellarparser.java@org.apache.metron.stellar.common.generated.arithexpr_divcontext.div();False;False;1.0;0.0
metron-stellar\stellar-common\src\main\java\org\apache\metron\stellar\common\generated\stellarparser.java@org.apache.metron.stellar.common.generated.arithexpr_divcontext.arithmetic_expr_mul();False;False;1.0;0.0
metron-stellar\stellar-common\src\main\java\org\apache\metron\stellar\common\generated\stellarparser.java@org.apache.metron.stellar.common.generated.arithexpr_divcontext.arithmetic_expr_mul(int);False;False;0.9034152775648784;0.09658472243512224
metron-stellar\stellar-common\src\main\java\org\apache\metron\stellar\common\generated\stellarparser.java@org.apache.metron.stellar.common.generated.arithexpr_divcontext.enterrule(parsetreelistener);False;False;1.0;0.0
metron-stellar\stellar-common\src\main\java\org\apache\metron\stellar\common\generated\stellarparser.java@org.apache.metron.stellar.common.generated.arithexpr_divcontext.exitrule(parsetreelistener);False;False;1.0;0.0
metron-stellar\stellar-common\src\main\java\org\apache\metron\stellar\common\generated\stellarparser.java@org.apache.metron.stellar.common.generated.arithexpr_minuscontext.arithexpr_minuscontext(arithmetic_exprcontext);False;False;0.9034152775648784;0.09658472243512224
metron-stellar\stellar-common\src\main\java\org\apache\metron\stellar\common\generated\stellarparser.java@org.apache.metron.stellar.common.generated.arithexpr_minuscontext.minus();False;False;1.0;0.0
metron-stellar\stellar-common\src\main\java\org\apache\metron\stellar\common\generated\stellarparser.java@org.apache.metron.stellar.common.generated.arithexpr_minuscontext.arithmetic_expr();False;False;1.0;0.0
metron-stellar\stellar-common\src\main\java\org\apache\metron\stellar\common\generated\stellarparser.java@org.apache.metron.stellar.common.generated.arithexpr_minuscontext.arithmetic_expr_mul();False;False;1.0;0.0
metron-stellar\stellar-common\src\main\java\org\apache\metron\stellar\common\generated\stellarparser.java@org.apache.metron.stellar.common.generated.arithexpr_minuscontext.enterrule(parsetreelistener);False;False;0.9034152775648784;0.09658472243512224
metron-stellar\stellar-common\src\main\java\org\apache\metron\stellar\common\generated\stellarparser.java@org.apache.metron.stellar.common.generated.arithexpr_minuscontext.exitrule(parsetreelistener);False;False;1.0;0.0
metron-stellar\stellar-common\src\main\java\org\apache\metron\stellar\common\generated\stellarparser.java@org.apache.metron.stellar.common.generated.arithexpr_mulcontext.arithexpr_mulcontext(arithmetic_expr_mulcontext);False;False;0.9034152775648784;0.09658472243512224
metron-stellar\stellar-common\src\main\java\org\apache\metron\stellar\common\generated\stellarparser.java@org.apache.metron.stellar.common.generated.arithexpr_mulcontext.mul();False;False;1.0;0.0
metron-stellar\stellar-common\src\main\java\org\apache\metron\stellar\common\generated\stellarparser.java@org.apache.metron.stellar.common.generated.arithexpr_mulcontext.arithmetic_expr_mul();False;False;1.0;0.0
metron-stellar\stellar-common\src\main\java\org\apache\metron\stellar\common\generated\stellarparser.java@org.apache.metron.stellar.common.generated.arithexpr_mulcontext.arithmetic_expr_mul(int);False;False;0.9034152775648784;0.09658472243512224
metron-stellar\stellar-common\src\main\java\org\apache\metron\stellar\common\generated\stellarparser.java@org.apache.metron.stellar.common.generated.arithexpr_mulcontext.enterrule(parsetreelistener);False;False;0.9034152775648784;0.09658472243512224
metron-stellar\stellar-common\src\main\java\org\apache\metron\stellar\common\generated\stellarparser.java@org.apache.metron.stellar.common.generated.arithexpr_mulcontext.exitrule(parsetreelistener);False;False;1.0;0.0
metron-stellar\stellar-common\src\main\java\org\apache\metron\stellar\common\generated\stellarparser.java@org.apache.metron.stellar.common.generated.arithexpr_mul_solocontext.arithexpr_mul_solocontext(arithmetic_expr_mulcontext);False;False;0.9034152775648784;0.09658472243512224
metron-stellar\stellar-common\src\main\java\org\apache\metron\stellar\common\generated\stellarparser.java@org.apache.metron.stellar.common.generated.arithexpr_mul_solocontext.arithmetic_operands();False;False;1.0;0.0
metron-stellar\stellar-common\src\main\java\org\apache\metron\stellar\common\generated\stellarparser.java@org.apache.metron.stellar.common.generated.arithexpr_mul_solocontext.enterrule(parsetreelistener);False;False;0.998;0.002
metron-stellar\stellar-common\src\main\java\org\apache\metron\stellar\common\generated\stellarparser.java@org.apache.metron.stellar.common.generated.arithexpr_mul_solocontext.exitrule(parsetreelistener);False;False;1.0;0.0
metron-stellar\stellar-common\src\main\java\org\apache\metron\stellar\common\generated\stellarparser.java@org.apache.metron.stellar.common.generated.arithexpr_pluscontext.arithexpr_pluscontext(arithmetic_exprcontext);False;False;0.9034152775648784;0.09658472243512224
metron-stellar\stellar-common\src\main\java\org\apache\metron\stellar\common\generated\stellarparser.java@org.apache.metron.stellar.common.generated.arithexpr_pluscontext.plus();False;False;1.0;0.0
metron-stellar\stellar-common\src\main\java\org\apache\metron\stellar\common\generated\stellarparser.java@org.apache.metron.stellar.common.generated.arithexpr_pluscontext.arithmetic_expr();False;False;1.0;0.0
metron-stellar\stellar-common\src\main\java\org\apache\metron\stellar\common\generated\stellarparser.java@org.apache.metron.stellar.common.generated.arithexpr_pluscontext.arithmetic_expr_mul();False;False;1.0;0.0
metron-stellar\stellar-common\src\main\java\org\apache\metron\stellar\common\generated\stellarparser.java@org.apache.metron.stellar.common.generated.arithexpr_pluscontext.enterrule(parsetreelistener);False;False;1.0;0.0
metron-stellar\stellar-common\src\main\java\org\apache\metron\stellar\common\generated\stellarparser.java@org.apache.metron.stellar.common.generated.arithexpr_pluscontext.exitrule(parsetreelistener);False;False;1.0;0.0
metron-stellar\stellar-common\src\main\java\org\apache\metron\stellar\common\generated\stellarparser.java@org.apache.metron.stellar.common.generated.arithexpr_solocontext.arithexpr_solocontext(arithmetic_exprcontext);False;False;0.9034152775648784;0.09658472243512224
metron-stellar\stellar-common\src\main\java\org\apache\metron\stellar\common\generated\stellarparser.java@org.apache.metron.stellar.common.generated.arithexpr_solocontext.arithmetic_expr_mul();False;False;1.0;0.0
metron-stellar\stellar-common\src\main\java\org\apache\metron\stellar\common\generated\stellarparser.java@org.apache.metron.stellar.common.generated.arithexpr_solocontext.enterrule(parsetreelistener);False;False;1.0;0.0
metron-stellar\stellar-common\src\main\java\org\apache\metron\stellar\common\generated\stellarparser.java@org.apache.metron.stellar.common.generated.arithexpr_solocontext.exitrule(parsetreelistener);False;False;1.0;0.0
metron-stellar\stellar-common\src\main\java\org\apache\metron\stellar\common\generated\stellarparser.java@org.apache.metron.stellar.common.generated.arithexpressioncontext.arithexpressioncontext(transformation_exprcontext);False;False;0.9034152775648784;0.09658472243512224
metron-stellar\stellar-common\src\main\java\org\apache\metron\stellar\common\generated\stellarparser.java@org.apache.metron.stellar.common.generated.arithexpressioncontext.arithmetic_expr();False;False;1.0;0.0
metron-stellar\stellar-common\src\main\java\org\apache\metron\stellar\common\generated\stellarparser.java@org.apache.metron.stellar.common.generated.arithexpressioncontext.enterrule(parsetreelistener);False;False;1.0;0.0
metron-stellar\stellar-common\src\main\java\org\apache\metron\stellar\common\generated\stellarparser.java@org.apache.metron.stellar.common.generated.arithexpressioncontext.exitrule(parsetreelistener);False;False;1.0;0.0
metron-stellar\stellar-common\src\main\java\org\apache\metron\stellar\common\generated\stellarparser.java@org.apache.metron.stellar.common.generated.arithmeticoperandscontext.arithmeticoperandscontext(identifier_operandcontext);False;False;0.9034152775648784;0.09658472243512224
metron-stellar\stellar-common\src\main\java\org\apache\metron\stellar\common\generated\stellarparser.java@org.apache.metron.stellar.common.generated.arithmeticoperandscontext.arithmetic_expr();False;False;1.0;0.0
metron-stellar\stellar-common\src\main\java\org\apache\metron\stellar\common\generated\stellarparser.java@org.apache.metron.stellar.common.generated.arithmeticoperandscontext.enterrule(parsetreelistener);False;False;0.9034152775648784;0.09658472243512224
metron-stellar\stellar-common\src\main\java\org\apache\metron\stellar\common\generated\stellarparser.java@org.apache.metron.stellar.common.generated.arithmeticoperandscontext.exitrule(parsetreelistener);False;False;0.9034152775648784;0.09658472243512224
metron-stellar\stellar-common\src\main\java\org\apache\metron\stellar\common\generated\stellarparser.java@org.apache.metron.stellar.common.generated.arithmetic_exprcontext.arithmetic_exprcontext(parserrulecontext,int);False;False;0.9034152775648784;0.09658472243512224
metron-stellar\stellar-common\src\main\java\org\apache\metron\stellar\common\generated\stellarparser.java@org.apache.metron.stellar.common.generated.arithmetic_exprcontext.copyfrom(arithmetic_exprcontext);False;False;1.0;0.0
metron-stellar\stellar-common\src\main\java\org\apache\metron\stellar\common\generated\stellarparser.java@org.apache.metron.stellar.common.generated.arithmetic_exprcontext.getruleindex();False;False;1.0;0.0
metron-stellar\stellar-common\src\main\java\org\apache\metron\stellar\common\generated\stellarparser.java@org.apache.metron.stellar.common.generated.arithmetic_expr_mulcontext.arithmetic_expr_mulcontext(parserrulecontext,int);False;False;0.9034152775648784;0.09658472243512224
metron-stellar\stellar-common\src\main\java\org\apache\metron\stellar\common\generated\stellarparser.java@org.apache.metron.stellar.common.generated.arithmetic_expr_mulcontext.copyfrom(arithmetic_expr_mulcontext);False;False;0.9989382822277848;0.0010617177722152692
metron-stellar\stellar-common\src\main\java\org\apache\metron\stellar\common\generated\stellarparser.java@org.apache.metron.stellar.common.generated.arithmetic_expr_mulcontext.getruleindex();False;False;1.0;0.0
metron-stellar\stellar-common\src\main\java\org\apache\metron\stellar\common\generated\stellarparser.java@org.apache.metron.stellar.common.generated.arithmetic_operandscontext.arithmetic_operandscontext(parserrulecontext,int);False;False;0.9034152775648784;0.09658472243512224
metron-stellar\stellar-common\src\main\java\org\apache\metron\stellar\common\generated\stellarparser.java@org.apache.metron.stellar.common.generated.arithmetic_operandscontext.copyfrom(arithmetic_operandscontext);False;False;0.9034152775648784;0.09658472243512224
metron-stellar\stellar-common\src\main\java\org\apache\metron\stellar\common\generated\stellarparser.java@org.apache.metron.stellar.common.generated.arithmetic_operandscontext.getruleindex();False;False;1.0;0.0
metron-stellar\stellar-common\src\main\java\org\apache\metron\stellar\common\generated\stellarparser.java@org.apache.metron.stellar.common.generated.b_exprcontext.b_exprcontext(parserrulecontext,int);False;False;0.9034152775648784;0.09658472243512224
metron-stellar\stellar-common\src\main\java\org\apache\metron\stellar\common\generated\stellarparser.java@org.apache.metron.stellar.common.generated.b_exprcontext.comparison_expr();False;False;1.0;0.0
metron-stellar\stellar-common\src\main\java\org\apache\metron\stellar\common\generated\stellarparser.java@org.apache.metron.stellar.common.generated.b_exprcontext.enterrule(parsetreelistener);False;False;1.0;0.0
metron-stellar\stellar-common\src\main\java\org\apache\metron\stellar\common\generated\stellarparser.java@org.apache.metron.stellar.common.generated.b_exprcontext.exitrule(parsetreelistener);False;False;1.0;0.0
metron-stellar\stellar-common\src\main\java\org\apache\metron\stellar\common\generated\stellarparser.java@org.apache.metron.stellar.common.generated.b_exprcontext.getruleindex();False;False;1.0;0.0
metron-stellar\stellar-common\src\main\java\org\apache\metron\stellar\common\generated\stellarparser.java@org.apache.metron.stellar.common.generated.b_exprcontext.in_expr();False;False;0.995;0.005
metron-stellar\stellar-common\src\main\java\org\apache\metron\stellar\common\generated\stellarparser.java@org.apache.metron.stellar.common.generated.boleanexpressioncontext.boleanexpressioncontext(logical_exprcontext);False;False;0.9034152775648784;0.09658472243512224
metron-stellar\stellar-common\src\main\java\org\apache\metron\stellar\common\generated\stellarparser.java@org.apache.metron.stellar.common.generated.boleanexpressioncontext.b_expr();False;False;1.0;0.0
metron-stellar\stellar-common\src\main\java\org\apache\metron\stellar\common\generated\stellarparser.java@org.apache.metron.stellar.common.generated.boleanexpressioncontext.enterrule(parsetreelistener);False;False;1.0;0.0
metron-stellar\stellar-common\src\main\java\org\apache\metron\stellar\common\generated\stellarparser.java@org.apache.metron.stellar.common.generated.boleanexpressioncontext.exitrule(parsetreelistener);False;False;1.0;0.0
metron-stellar\stellar-common\src\main\java\org\apache\metron\stellar\common\generated\stellarparser.java@org.apache.metron.stellar.common.generated.comp_operatorcontext.comp_operatorcontext(parserrulecontext,int);False;False;0.9034152775648784;0.09658472243512224
metron-stellar\stellar-common\src\main\java\org\apache\metron\stellar\common\generated\stellarparser.java@org.apache.metron.stellar.common.generated.comp_operatorcontext.copyfrom(comp_operatorcontext);False;False;0.9034152775648784;0.09658472243512224
metron-stellar\stellar-common\src\main\java\org\apache\metron\stellar\common\generated\stellarparser.java@org.apache.metron.stellar.common.generated.comp_operatorcontext.getruleindex();False;False;0.9994711018466688;0.0005288981533313555
metron-stellar\stellar-common\src\main\java\org\apache\metron\stellar\common\generated\stellarparser.java@org.apache.metron.stellar.common.generated.comparisonexpressioncontext.comparisonexpressioncontext(transformation_exprcontext);False;False;0.9034152775648784;0.09658472243512224
metron-stellar\stellar-common\src\main\java\org\apache\metron\stellar\common\generated\stellarparser.java@org.apache.metron.stellar.common.generated.comparisonexpressioncontext.comparison_expr();False;False;1.0;0.0
metron-stellar\stellar-common\src\main\java\org\apache\metron\stellar\common\generated\stellarparser.java@org.apache.metron.stellar.common.generated.comparisonexpressioncontext.enterrule(parsetreelistener);False;False;1.0;0.0
metron-stellar\stellar-common\src\main\java\org\apache\metron\stellar\common\generated\stellarparser.java@org.apache.metron.stellar.common.generated.comparisonexpressioncontext.exitrule(parsetreelistener);False;False;1.0;0.0
metron-stellar\stellar-common\src\main\java\org\apache\metron\stellar\common\generated\stellarparser.java@org.apache.metron.stellar.common.generated.comparisonexpressionparenscontext.comparisonexpressionparenscontext(comparison_exprcontext);False;False;0.9034152775648784;0.09658472243512224
metron-stellar\stellar-common\src\main\java\org\apache\metron\stellar\common\generated\stellarparser.java@org.apache.metron.stellar.common.generated.comparisonexpressionparenscontext.lparen();False;False;1.0;0.0
metron-stellar\stellar-common\src\main\java\org\apache\metron\stellar\common\generated\stellarparser.java@org.apache.metron.stellar.common.generated.comparisonexpressionparenscontext.rparen();False;False;1.0;0.0
metron-stellar\stellar-common\src\main\java\org\apache\metron\stellar\common\generated\stellarparser.java@org.apache.metron.stellar.common.generated.comparisonexpressionparenscontext.enterrule(parsetreelistener);False;False;1.0;0.0
metron-stellar\stellar-common\src\main\java\org\apache\metron\stellar\common\generated\stellarparser.java@org.apache.metron.stellar.common.generated.comparisonexpressionparenscontext.exitrule(parsetreelistener);False;False;1.0;0.0
metron-stellar\stellar-common\src\main\java\org\apache\metron\stellar\common\generated\stellarparser.java@org.apache.metron.stellar.common.generated.comparisonexpressionparenscontext.logical_expr();False;False;1.0;0.0
metron-stellar\stellar-common\src\main\java\org\apache\metron\stellar\common\generated\stellarparser.java@org.apache.metron.stellar.common.generated.comparisonexpressionwithoperatorcontext.comparisonexpressionwithoperatorcontext(comparison_exprcontext);False;False;0.9034152775648784;0.09658472243512224
metron-stellar\stellar-common\src\main\java\org\apache\metron\stellar\common\generated\stellarparser.java@org.apache.metron.stellar.common.generated.comparisonexpressionwithoperatorcontext.comp_operator();False;False;0.9851351218008023;0.014864878199197096
metron-stellar\stellar-common\src\main\java\org\apache\metron\stellar\common\generated\stellarparser.java@org.apache.metron.stellar.common.generated.comparisonexpressionwithoperatorcontext.comparison_expr();False;False;1.0;0.0
metron-stellar\stellar-common\src\main\java\org\apache\metron\stellar\common\generated\stellarparser.java@org.apache.metron.stellar.common.generated.comparisonexpressionwithoperatorcontext.comparison_expr(int);False;False;1.0;0.0
metron-stellar\stellar-common\src\main\java\org\apache\metron\stellar\common\generated\stellarparser.java@org.apache.metron.stellar.common.generated.comparisonexpressionwithoperatorcontext.enterrule(parsetreelistener);False;False;1.0;0.0
metron-stellar\stellar-common\src\main\java\org\apache\metron\stellar\common\generated\stellarparser.java@org.apache.metron.stellar.common.generated.comparisonexpressionwithoperatorcontext.exitrule(parsetreelistener);False;False;1.0;0.0
metron-stellar\stellar-common\src\main\java\org\apache\metron\stellar\common\generated\stellarparser.java@org.apache.metron.stellar.common.generated.comparisonopcontext.comparisonopcontext(comp_operatorcontext);False;False;0.9034152775648784;0.09658472243512224
metron-stellar\stellar-common\src\main\java\org\apache\metron\stellar\common\generated\stellarparser.java@org.apache.metron.stellar.common.generated.comparisonopcontext.eq();False;False;1.0;0.0
metron-stellar\stellar-common\src\main\java\org\apache\metron\stellar\common\generated\stellarparser.java@org.apache.metron.stellar.common.generated.comparisonopcontext.gt();False;False;1.0;0.0
metron-stellar\stellar-common\src\main\java\org\apache\metron\stellar\common\generated\stellarparser.java@org.apache.metron.stellar.common.generated.comparisonopcontext.gte();False;False;1.0;0.0
metron-stellar\stellar-common\src\main\java\org\apache\metron\stellar\common\generated\stellarparser.java@org.apache.metron.stellar.common.generated.comparisonopcontext.lt();False;False;1.0;0.0
metron-stellar\stellar-common\src\main\java\org\apache\metron\stellar\common\generated\stellarparser.java@org.apache.metron.stellar.common.generated.comparisonopcontext.lte();False;False;1.0;0.0
metron-stellar\stellar-common\src\main\java\org\apache\metron\stellar\common\generated\stellarparser.java@org.apache.metron.stellar.common.generated.comparisonopcontext.neq();False;False;1.0;0.0
metron-stellar\stellar-common\src\main\java\org\apache\metron\stellar\common\generated\stellarparser.java@org.apache.metron.stellar.common.generated.comparisonopcontext.enterrule(parsetreelistener);False;False;1.0;0.0
metron-stellar\stellar-common\src\main\java\org\apache\metron\stellar\common\generated\stellarparser.java@org.apache.metron.stellar.common.generated.comparisonopcontext.exitrule(parsetreelistener);False;False;0.9034152775648784;0.09658472243512224
metron-stellar\stellar-common\src\main\java\org\apache\metron\stellar\common\generated\stellarparser.java@org.apache.metron.stellar.common.generated.comparison_exprcontext.comparison_exprcontext(parserrulecontext,int);False;False;0.9034152775648784;0.09658472243512224
metron-stellar\stellar-common\src\main\java\org\apache\metron\stellar\common\generated\stellarparser.java@org.apache.metron.stellar.common.generated.comparison_exprcontext.copyfrom(comparison_exprcontext);False;False;1.0;0.0
metron-stellar\stellar-common\src\main\java\org\apache\metron\stellar\common\generated\stellarparser.java@org.apache.metron.stellar.common.generated.comparison_exprcontext.getruleindex();False;False;1.0;0.0
metron-stellar\stellar-common\src\main\java\org\apache\metron\stellar\common\generated\stellarparser.java@org.apache.metron.stellar.common.generated.condexprcontext.condexprcontext(arithmetic_operandscontext);False;False;0.9034152775648784;0.09658472243512224
metron-stellar\stellar-common\src\main\java\org\apache\metron\stellar\common\generated\stellarparser.java@org.apache.metron.stellar.common.generated.condexprcontext.lparen();False;False;1.0;0.0
metron-stellar\stellar-common\src\main\java\org\apache\metron\stellar\common\generated\stellarparser.java@org.apache.metron.stellar.common.generated.condexprcontext.rparen();False;False;1.0;0.0
metron-stellar\stellar-common\src\main\java\org\apache\metron\stellar\common\generated\stellarparser.java@org.apache.metron.stellar.common.generated.condexprcontext.conditional_expr();False;False;1.0;0.0
metron-stellar\stellar-common\src\main\java\org\apache\metron\stellar\common\generated\stellarparser.java@org.apache.metron.stellar.common.generated.condexprcontext.enterrule(parsetreelistener);False;False;1.0;0.0
metron-stellar\stellar-common\src\main\java\org\apache\metron\stellar\common\generated\stellarparser.java@org.apache.metron.stellar.common.generated.condexprcontext.exitrule(parsetreelistener);False;False;0.9034152775648784;0.09658472243512224
metron-stellar\stellar-common\src\main\java\org\apache\metron\stellar\common\generated\stellarparser.java@org.apache.metron.stellar.common.generated.condexpr_parencontext.condexpr_parencontext(identifier_operandcontext);False;False;0.9034152775648784;0.09658472243512224
metron-stellar\stellar-common\src\main\java\org\apache\metron\stellar\common\generated\stellarparser.java@org.apache.metron.stellar.common.generated.condexpr_parencontext.lparen();False;False;1.0;0.0
metron-stellar\stellar-common\src\main\java\org\apache\metron\stellar\common\generated\stellarparser.java@org.apache.metron.stellar.common.generated.condexpr_parencontext.rparen();False;False;1.0;0.0
metron-stellar\stellar-common\src\main\java\org\apache\metron\stellar\common\generated\stellarparser.java@org.apache.metron.stellar.common.generated.condexpr_parencontext.conditional_expr();False;False;1.0;0.0
metron-stellar\stellar-common\src\main\java\org\apache\metron\stellar\common\generated\stellarparser.java@org.apache.metron.stellar.common.generated.condexpr_parencontext.enterrule(parsetreelistener);False;False;1.0;0.0
metron-stellar\stellar-common\src\main\java\org\apache\metron\stellar\common\generated\stellarparser.java@org.apache.metron.stellar.common.generated.condexpr_parencontext.exitrule(parsetreelistener);False;False;1.0;0.0
metron-stellar\stellar-common\src\main\java\org\apache\metron\stellar\common\generated\stellarparser.java@org.apache.metron.stellar.common.generated.conditionalexprcontext.conditionalexprcontext(transformation_exprcontext);False;False;0.9034152775648784;0.09658472243512224
metron-stellar\stellar-common\src\main\java\org\apache\metron\stellar\common\generated\stellarparser.java@org.apache.metron.stellar.common.generated.conditionalexprcontext.conditional_expr();False;False;1.0;0.0
metron-stellar\stellar-common\src\main\java\org\apache\metron\stellar\common\generated\stellarparser.java@org.apache.metron.stellar.common.generated.conditionalexprcontext.enterrule(parsetreelistener);False;False;0.998;0.002
metron-stellar\stellar-common\src\main\java\org\apache\metron\stellar\common\generated\stellarparser.java@org.apache.metron.stellar.common.generated.conditionalexprcontext.exitrule(parsetreelistener);False;False;0.9034152775648784;0.09658472243512224
metron-stellar\stellar-common\src\main\java\org\apache\metron\stellar\common\generated\stellarparser.java@org.apache.metron.stellar.common.generated.conditional_exprcontext.conditional_exprcontext(parserrulecontext,int);False;False;0.9034152775648784;0.09658472243512224
metron-stellar\stellar-common\src\main\java\org\apache\metron\stellar\common\generated\stellarparser.java@org.apache.metron.stellar.common.generated.conditional_exprcontext.copyfrom(conditional_exprcontext);False;False;1.0;0.0
metron-stellar\stellar-common\src\main\java\org\apache\metron\stellar\common\generated\stellarparser.java@org.apache.metron.stellar.common.generated.conditional_exprcontext.getruleindex();False;False;0.999;0.001
metron-stellar\stellar-common\src\main\java\org\apache\metron\stellar\common\generated\stellarparser.java@org.apache.metron.stellar.common.generated.defaultcontext.default();False;False;1.0;0.0
metron-stellar\stellar-common\src\main\java\org\apache\metron\stellar\common\generated\stellarparser.java@org.apache.metron.stellar.common.generated.defaultcontext.defaultcontext(default_operandcontext);False;False;0.9034152775648784;0.09658472243512224
metron-stellar\stellar-common\src\main\java\org\apache\metron\stellar\common\generated\stellarparser.java@org.apache.metron.stellar.common.generated.defaultcontext.enterrule(parsetreelistener);False;False;1.0;0.0
metron-stellar\stellar-common\src\main\java\org\apache\metron\stellar\common\generated\stellarparser.java@org.apache.metron.stellar.common.generated.defaultcontext.exitrule(parsetreelistener);False;False;1.0;0.0
metron-stellar\stellar-common\src\main\java\org\apache\metron\stellar\common\generated\stellarparser.java@org.apache.metron.stellar.common.generated.default_operandcontext.default_operandcontext(parserrulecontext,int);False;False;0.9034152775648784;0.09658472243512224
metron-stellar\stellar-common\src\main\java\org\apache\metron\stellar\common\generated\stellarparser.java@org.apache.metron.stellar.common.generated.default_operandcontext.copyfrom(default_operandcontext);False;False;1.0;0.0
metron-stellar\stellar-common\src\main\java\org\apache\metron\stellar\common\generated\stellarparser.java@org.apache.metron.stellar.common.generated.default_operandcontext.getruleindex();False;False;1.0;0.0
metron-stellar\stellar-common\src\main\java\org\apache\metron\stellar\common\generated\stellarparser.java@org.apache.metron.stellar.common.generated.doubleliteralcontext.double_literal();False;False;1.0;0.0
metron-stellar\stellar-common\src\main\java\org\apache\metron\stellar\common\generated\stellarparser.java@org.apache.metron.stellar.common.generated.doubleliteralcontext.doubleliteralcontext(arithmetic_operandscontext);False;False;0.9034152775648784;0.09658472243512224
metron-stellar\stellar-common\src\main\java\org\apache\metron\stellar\common\generated\stellarparser.java@org.apache.metron.stellar.common.generated.doubleliteralcontext.enterrule(parsetreelistener);False;False;0.9034152775648784;0.09658472243512224
metron-stellar\stellar-common\src\main\java\org\apache\metron\stellar\common\generated\stellarparser.java@org.apache.metron.stellar.common.generated.doubleliteralcontext.exitrule(parsetreelistener);False;False;0.9034152775648784;0.09658472243512224
metron-stellar\stellar-common\src\main\java\org\apache\metron\stellar\common\generated\stellarparser.java@org.apache.metron.stellar.common.generated.else_exprcontext.else_exprcontext(parserrulecontext,int);False;False;0.9034152775648784;0.09658472243512224
metron-stellar\stellar-common\src\main\java\org\apache\metron\stellar\common\generated\stellarparser.java@org.apache.metron.stellar.common.generated.else_exprcontext.enterrule(parsetreelistener);False;False;1.0;0.0
metron-stellar\stellar-common\src\main\java\org\apache\metron\stellar\common\generated\stellarparser.java@org.apache.metron.stellar.common.generated.else_exprcontext.exitrule(parsetreelistener);False;False;1.0;0.0
metron-stellar\stellar-common\src\main\java\org\apache\metron\stellar\common\generated\stellarparser.java@org.apache.metron.stellar.common.generated.else_exprcontext.getruleindex();False;False;1.0;0.0
metron-stellar\stellar-common\src\main\java\org\apache\metron\stellar\common\generated\stellarparser.java@org.apache.metron.stellar.common.generated.else_exprcontext.transformation_expr();False;False;1.0;0.0
metron-stellar\stellar-common\src\main\java\org\apache\metron\stellar\common\generated\stellarparser.java@org.apache.metron.stellar.common.generated.existsfunccontext.exists();False;False;1.0;0.0
metron-stellar\stellar-common\src\main\java\org\apache\metron\stellar\common\generated\stellarparser.java@org.apache.metron.stellar.common.generated.existsfunccontext.existsfunccontext(identifier_operandcontext);False;False;0.9034152775648784;0.09658472243512224
metron-stellar\stellar-common\src\main\java\org\apache\metron\stellar\common\generated\stellarparser.java@org.apache.metron.stellar.common.generated.existsfunccontext.identifier();False;False;1.0;0.0
metron-stellar\stellar-common\src\main\java\org\apache\metron\stellar\common\generated\stellarparser.java@org.apache.metron.stellar.common.generated.existsfunccontext.lparen();False;False;1.0;0.0
metron-stellar\stellar-common\src\main\java\org\apache\metron\stellar\common\generated\stellarparser.java@org.apache.metron.stellar.common.generated.existsfunccontext.rparen();False;False;1.0;0.0
metron-stellar\stellar-common\src\main\java\org\apache\metron\stellar\common\generated\stellarparser.java@org.apache.metron.stellar.common.generated.existsfunccontext.enterrule(parsetreelistener);False;False;1.0;0.0
metron-stellar\stellar-common\src\main\java\org\apache\metron\stellar\common\generated\stellarparser.java@org.apache.metron.stellar.common.generated.existsfunccontext.exitrule(parsetreelistener);False;False;0.9034152775648784;0.09658472243512224
metron-stellar\stellar-common\src\main\java\org\apache\metron\stellar\common\generated\stellarparser.java@org.apache.metron.stellar.common.generated.floatliteralcontext.float_literal();False;False;1.0;0.0
metron-stellar\stellar-common\src\main\java\org\apache\metron\stellar\common\generated\stellarparser.java@org.apache.metron.stellar.common.generated.floatliteralcontext.floatliteralcontext(arithmetic_operandscontext);False;False;0.9034152775648784;0.09658472243512224
metron-stellar\stellar-common\src\main\java\org\apache\metron\stellar\common\generated\stellarparser.java@org.apache.metron.stellar.common.generated.floatliteralcontext.enterrule(parsetreelistener);False;False;1.0;0.0
metron-stellar\stellar-common\src\main\java\org\apache\metron\stellar\common\generated\stellarparser.java@org.apache.metron.stellar.common.generated.floatliteralcontext.exitrule(parsetreelistener);False;False;0.9034152775648784;0.09658472243512224
metron-stellar\stellar-common\src\main\java\org\apache\metron\stellar\common\generated\stellarparser.java@org.apache.metron.stellar.common.generated.funccontext.funccontext(identifier_operandcontext);False;False;0.9034152775648784;0.09658472243512224
metron-stellar\stellar-common\src\main\java\org\apache\metron\stellar\common\generated\stellarparser.java@org.apache.metron.stellar.common.generated.funccontext.enterrule(parsetreelistener);False;False;0.9034152775648784;0.09658472243512224
metron-stellar\stellar-common\src\main\java\org\apache\metron\stellar\common\generated\stellarparser.java@org.apache.metron.stellar.common.generated.funccontext.exitrule(parsetreelistener);False;False;1.0;0.0
metron-stellar\stellar-common\src\main\java\org\apache\metron\stellar\common\generated\stellarparser.java@org.apache.metron.stellar.common.generated.funccontext.functions();False;False;1.0;0.0
metron-stellar\stellar-common\src\main\java\org\apache\metron\stellar\common\generated\stellarparser.java@org.apache.metron.stellar.common.generated.func_argscontext.func_argscontext(parserrulecontext,int);False;False;0.9034152775648784;0.09658472243512224
metron-stellar\stellar-common\src\main\java\org\apache\metron\stellar\common\generated\stellarparser.java@org.apache.metron.stellar.common.generated.func_argscontext.lparen();False;False;1.0;0.0
metron-stellar\stellar-common\src\main\java\org\apache\metron\stellar\common\generated\stellarparser.java@org.apache.metron.stellar.common.generated.func_argscontext.rparen();False;False;0.9851351218008023;0.014864878199197096
metron-stellar\stellar-common\src\main\java\org\apache\metron\stellar\common\generated\stellarparser.java@org.apache.metron.stellar.common.generated.func_argscontext.enterrule(parsetreelistener);False;False;0.9034152775648784;0.09658472243512224
metron-stellar\stellar-common\src\main\java\org\apache\metron\stellar\common\generated\stellarparser.java@org.apache.metron.stellar.common.generated.func_argscontext.exitrule(parsetreelistener);False;False;1.0;0.0
metron-stellar\stellar-common\src\main\java\org\apache\metron\stellar\common\generated\stellarparser.java@org.apache.metron.stellar.common.generated.func_argscontext.getruleindex();False;False;0.9997836413416893;0.00021635865831075364
metron-stellar\stellar-common\src\main\java\org\apache\metron\stellar\common\generated\stellarparser.java@org.apache.metron.stellar.common.generated.func_argscontext.op_list();False;False;1.0;0.0
metron-stellar\stellar-common\src\main\java\org\apache\metron\stellar\common\generated\stellarparser.java@org.apache.metron.stellar.common.generated.functionscontext.functionscontext(parserrulecontext,int);False;False;0.9034152775648784;0.09658472243512224
metron-stellar\stellar-common\src\main\java\org\apache\metron\stellar\common\generated\stellarparser.java@org.apache.metron.stellar.common.generated.functionscontext.copyfrom(functionscontext);False;False;1.0;0.0
metron-stellar\stellar-common\src\main\java\org\apache\metron\stellar\common\generated\stellarparser.java@org.apache.metron.stellar.common.generated.functionscontext.getruleindex();False;False;1.0;0.0
metron-stellar\stellar-common\src\main\java\org\apache\metron\stellar\common\generated\stellarparser.java@org.apache.metron.stellar.common.generated.identifier_operandcontext.identifier_operandcontext(parserrulecontext,int);False;False;0.9034152775648784;0.09658472243512224
metron-stellar\stellar-common\src\main\java\org\apache\metron\stellar\common\generated\stellarparser.java@org.apache.metron.stellar.common.generated.identifier_operandcontext.copyfrom(identifier_operandcontext);False;False;1.0;0.0
metron-stellar\stellar-common\src\main\java\org\apache\metron\stellar\common\generated\stellarparser.java@org.apache.metron.stellar.common.generated.identifier_operandcontext.getruleindex();False;False;1.0;0.0
metron-stellar\stellar-common\src\main\java\org\apache\metron\stellar\common\generated\stellarparser.java@org.apache.metron.stellar.common.generated.if_exprcontext.if_exprcontext(parserrulecontext,int);False;False;0.9034152775648784;0.09658472243512224
metron-stellar\stellar-common\src\main\java\org\apache\metron\stellar\common\generated\stellarparser.java@org.apache.metron.stellar.common.generated.if_exprcontext.enterrule(parsetreelistener);False;False;0.9034152775648784;0.09658472243512224
metron-stellar\stellar-common\src\main\java\org\apache\metron\stellar\common\generated\stellarparser.java@org.apache.metron.stellar.common.generated.if_exprcontext.exitrule(parsetreelistener);False;False;0.9034152775648784;0.09658472243512224
metron-stellar\stellar-common\src\main\java\org\apache\metron\stellar\common\generated\stellarparser.java@org.apache.metron.stellar.common.generated.if_exprcontext.getruleindex();False;False;0.9851351218008023;0.014864878199197096
metron-stellar\stellar-common\src\main\java\org\apache\metron\stellar\common\generated\stellarparser.java@org.apache.metron.stellar.common.generated.if_exprcontext.logical_expr();False;False;0.9851351218008023;0.014864878199197096
metron-stellar\stellar-common\src\main\java\org\apache\metron\stellar\common\generated\stellarparser.java@org.apache.metron.stellar.common.generated.inexpressioncontext.inexpressioncontext(transformation_exprcontext);False;False;0.9034152775648784;0.09658472243512224
metron-stellar\stellar-common\src\main\java\org\apache\metron\stellar\common\generated\stellarparser.java@org.apache.metron.stellar.common.generated.inexpressioncontext.enterrule(parsetreelistener);False;False;1.0;0.0
metron-stellar\stellar-common\src\main\java\org\apache\metron\stellar\common\generated\stellarparser.java@org.apache.metron.stellar.common.generated.inexpressioncontext.exitrule(parsetreelistener);False;False;0.9034152775648784;0.09658472243512224
metron-stellar\stellar-common\src\main\java\org\apache\metron\stellar\common\generated\stellarparser.java@org.apache.metron.stellar.common.generated.inexpressioncontext.in_expr();False;False;0.9851351218008023;0.014864878199197096
metron-stellar\stellar-common\src\main\java\org\apache\metron\stellar\common\generated\stellarparser.java@org.apache.metron.stellar.common.generated.inexpressionstatementcontext.in();False;False;0.9851351218008023;0.014864878199197096
metron-stellar\stellar-common\src\main\java\org\apache\metron\stellar\common\generated\stellarparser.java@org.apache.metron.stellar.common.generated.inexpressionstatementcontext.inexpressionstatementcontext(in_exprcontext);False;False;0.9034152775648784;0.09658472243512224
metron-stellar\stellar-common\src\main\java\org\apache\metron\stellar\common\generated\stellarparser.java@org.apache.metron.stellar.common.generated.inexpressionstatementcontext.b_expr();False;False;1.0;0.0
metron-stellar\stellar-common\src\main\java\org\apache\metron\stellar\common\generated\stellarparser.java@org.apache.metron.stellar.common.generated.inexpressionstatementcontext.enterrule(parsetreelistener);False;False;1.0;0.0
metron-stellar\stellar-common\src\main\java\org\apache\metron\stellar\common\generated\stellarparser.java@org.apache.metron.stellar.common.generated.inexpressionstatementcontext.exitrule(parsetreelistener);False;False;0.9034152775648784;0.09658472243512224
metron-stellar\stellar-common\src\main\java\org\apache\metron\stellar\common\generated\stellarparser.java@org.apache.metron.stellar.common.generated.inexpressionstatementcontext.identifier_operand();False;False;1.0;0.0
metron-stellar\stellar-common\src\main\java\org\apache\metron\stellar\common\generated\stellarparser.java@org.apache.metron.stellar.common.generated.in_exprcontext.in_exprcontext(parserrulecontext,int);False;False;0.9034152775648784;0.09658472243512224
metron-stellar\stellar-common\src\main\java\org\apache\metron\stellar\common\generated\stellarparser.java@org.apache.metron.stellar.common.generated.in_exprcontext.copyfrom(in_exprcontext);False;False;1.0;0.0
metron-stellar\stellar-common\src\main\java\org\apache\metron\stellar\common\generated\stellarparser.java@org.apache.metron.stellar.common.generated.in_exprcontext.getruleindex();False;False;1.0;0.0
metron-stellar\stellar-common\src\main\java\org\apache\metron\stellar\common\generated\stellarparser.java@org.apache.metron.stellar.common.generated.intliteralcontext.int_literal();False;False;0.999;0.001
metron-stellar\stellar-common\src\main\java\org\apache\metron\stellar\common\generated\stellarparser.java@org.apache.metron.stellar.common.generated.intliteralcontext.intliteralcontext(arithmetic_operandscontext);False;False;0.9034152775648784;0.09658472243512224
metron-stellar\stellar-common\src\main\java\org\apache\metron\stellar\common\generated\stellarparser.java@org.apache.metron.stellar.common.generated.intliteralcontext.enterrule(parsetreelistener);False;False;1.0;0.0
metron-stellar\stellar-common\src\main\java\org\apache\metron\stellar\common\generated\stellarparser.java@org.apache.metron.stellar.common.generated.intliteralcontext.exitrule(parsetreelistener);False;False;1.0;0.0
metron-stellar\stellar-common\src\main\java\org\apache\metron\stellar\common\generated\stellarparser.java@org.apache.metron.stellar.common.generated.kv_listcontext.colon();False;False;1.0;0.0
metron-stellar\stellar-common\src\main\java\org\apache\metron\stellar\common\generated\stellarparser.java@org.apache.metron.stellar.common.generated.kv_listcontext.comma();False;False;1.0;0.0
metron-stellar\stellar-common\src\main\java\org\apache\metron\stellar\common\generated\stellarparser.java@org.apache.metron.stellar.common.generated.kv_listcontext.kv_listcontext(parserrulecontext,int);False;False;0.9034152775648784;0.09658472243512224
metron-stellar\stellar-common\src\main\java\org\apache\metron\stellar\common\generated\stellarparser.java@org.apache.metron.stellar.common.generated.kv_listcontext.comparison_expr();False;False;1.0;0.0
metron-stellar\stellar-common\src\main\java\org\apache\metron\stellar\common\generated\stellarparser.java@org.apache.metron.stellar.common.generated.kv_listcontext.enterrule(parsetreelistener);False;False;1.0;0.0
metron-stellar\stellar-common\src\main\java\org\apache\metron\stellar\common\generated\stellarparser.java@org.apache.metron.stellar.common.generated.kv_listcontext.exitrule(parsetreelistener);False;False;0.9034152775648784;0.09658472243512224
metron-stellar\stellar-common\src\main\java\org\apache\metron\stellar\common\generated\stellarparser.java@org.apache.metron.stellar.common.generated.kv_listcontext.getruleindex();False;False;1.0;0.0
metron-stellar\stellar-common\src\main\java\org\apache\metron\stellar\common\generated\stellarparser.java@org.apache.metron.stellar.common.generated.kv_listcontext.identifier_operand();False;False;0.997;0.003
metron-stellar\stellar-common\src\main\java\org\apache\metron\stellar\common\generated\stellarparser.java@org.apache.metron.stellar.common.generated.kv_listcontext.kv_list();False;False;1.0;0.0
metron-stellar\stellar-common\src\main\java\org\apache\metron\stellar\common\generated\stellarparser.java@org.apache.metron.stellar.common.generated.kv_listcontext.transformation_expr();False;False;1.0;0.0
metron-stellar\stellar-common\src\main\java\org\apache\metron\stellar\common\generated\stellarparser.java@org.apache.metron.stellar.common.generated.lambdawithargsexprcontext.lambdawithargsexprcontext(identifier_operandcontext);False;False;0.9034152775648784;0.09658472243512224
metron-stellar\stellar-common\src\main\java\org\apache\metron\stellar\common\generated\stellarparser.java@org.apache.metron.stellar.common.generated.lambdawithargsexprcontext.enterrule(parsetreelistener);False;False;1.0;0.0
metron-stellar\stellar-common\src\main\java\org\apache\metron\stellar\common\generated\stellarparser.java@org.apache.metron.stellar.common.generated.lambdawithargsexprcontext.exitrule(parsetreelistener);False;False;0.9034152775648784;0.09658472243512224
metron-stellar\stellar-common\src\main\java\org\apache\metron\stellar\common\generated\stellarparser.java@org.apache.metron.stellar.common.generated.lambdawithargsexprcontext.lambda_with_args();False;False;1.0;0.0
metron-stellar\stellar-common\src\main\java\org\apache\metron\stellar\common\generated\stellarparser.java@org.apache.metron.stellar.common.generated.lambdawithoutargsexprcontext.lambdawithoutargsexprcontext(identifier_operandcontext);False;False;0.9034152775648784;0.09658472243512224
metron-stellar\stellar-common\src\main\java\org\apache\metron\stellar\common\generated\stellarparser.java@org.apache.metron.stellar.common.generated.lambdawithoutargsexprcontext.enterrule(parsetreelistener);False;False;1.0;0.0
metron-stellar\stellar-common\src\main\java\org\apache\metron\stellar\common\generated\stellarparser.java@org.apache.metron.stellar.common.generated.lambdawithoutargsexprcontext.exitrule(parsetreelistener);False;False;1.0;0.0
metron-stellar\stellar-common\src\main\java\org\apache\metron\stellar\common\generated\stellarparser.java@org.apache.metron.stellar.common.generated.lambdawithoutargsexprcontext.lambda_without_args();False;False;1.0;0.0
metron-stellar\stellar-common\src\main\java\org\apache\metron\stellar\common\generated\stellarparser.java@org.apache.metron.stellar.common.generated.lambda_variablecontext.identifier();False;False;1.0;0.0
metron-stellar\stellar-common\src\main\java\org\apache\metron\stellar\common\generated\stellarparser.java@org.apache.metron.stellar.common.generated.lambda_variablecontext.lambda_variablecontext(parserrulecontext,int);False;False;0.9034152775648784;0.09658472243512224
metron-stellar\stellar-common\src\main\java\org\apache\metron\stellar\common\generated\stellarparser.java@org.apache.metron.stellar.common.generated.lambda_variablecontext.enterrule(parsetreelistener);False;False;1.0;0.0
metron-stellar\stellar-common\src\main\java\org\apache\metron\stellar\common\generated\stellarparser.java@org.apache.metron.stellar.common.generated.lambda_variablecontext.exitrule(parsetreelistener);False;False;1.0;0.0
metron-stellar\stellar-common\src\main\java\org\apache\metron\stellar\common\generated\stellarparser.java@org.apache.metron.stellar.common.generated.lambda_variablecontext.getruleindex();False;False;1.0;0.0
metron-stellar\stellar-common\src\main\java\org\apache\metron\stellar\common\generated\stellarparser.java@org.apache.metron.stellar.common.generated.lambda_variablescontext.comma();False;False;1.0;0.0
metron-stellar\stellar-common\src\main\java\org\apache\metron\stellar\common\generated\stellarparser.java@org.apache.metron.stellar.common.generated.lambda_variablescontext.comma(int);False;False;0.9034152775648784;0.09658472243512224
metron-stellar\stellar-common\src\main\java\org\apache\metron\stellar\common\generated\stellarparser.java@org.apache.metron.stellar.common.generated.lambda_variablescontext.lambda_variablescontext(parserrulecontext,int);False;False;0.9034152775648784;0.09658472243512224
metron-stellar\stellar-common\src\main\java\org\apache\metron\stellar\common\generated\stellarparser.java@org.apache.metron.stellar.common.generated.lambda_variablescontext.enterrule(parsetreelistener);False;False;1.0;0.0
metron-stellar\stellar-common\src\main\java\org\apache\metron\stellar\common\generated\stellarparser.java@org.apache.metron.stellar.common.generated.lambda_variablescontext.exitrule(parsetreelistener);False;False;1.0;0.0
metron-stellar\stellar-common\src\main\java\org\apache\metron\stellar\common\generated\stellarparser.java@org.apache.metron.stellar.common.generated.lambda_variablescontext.getruleindex();False;False;1.0;0.0
metron-stellar\stellar-common\src\main\java\org\apache\metron\stellar\common\generated\stellarparser.java@org.apache.metron.stellar.common.generated.lambda_variablescontext.lambda_variable();False;False;0.999;0.001
metron-stellar\stellar-common\src\main\java\org\apache\metron\stellar\common\generated\stellarparser.java@org.apache.metron.stellar.common.generated.lambda_variablescontext.lambda_variable(int);False;False;0.9034152775648784;0.09658472243512224
metron-stellar\stellar-common\src\main\java\org\apache\metron\stellar\common\generated\stellarparser.java@org.apache.metron.stellar.common.generated.lambda_with_argscontext.lambda_op();False;False;1.0;0.0
metron-stellar\stellar-common\src\main\java\org\apache\metron\stellar\common\generated\stellarparser.java@org.apache.metron.stellar.common.generated.lambda_with_argscontext.lparen();False;False;0.997;0.003
metron-stellar\stellar-common\src\main\java\org\apache\metron\stellar\common\generated\stellarparser.java@org.apache.metron.stellar.common.generated.lambda_with_argscontext.lambda_with_argscontext(parserrulecontext,int);False;False;0.9034152775648784;0.09658472243512224
metron-stellar\stellar-common\src\main\java\org\apache\metron\stellar\common\generated\stellarparser.java@org.apache.metron.stellar.common.generated.lambda_with_argscontext.rparen();False;False;1.0;0.0
metron-stellar\stellar-common\src\main\java\org\apache\metron\stellar\common\generated\stellarparser.java@org.apache.metron.stellar.common.generated.lambda_with_argscontext.enterrule(parsetreelistener);False;False;1.0;0.0
metron-stellar\stellar-common\src\main\java\org\apache\metron\stellar\common\generated\stellarparser.java@org.apache.metron.stellar.common.generated.lambda_with_argscontext.exitrule(parsetreelistener);False;False;0.9034152775648784;0.09658472243512224
metron-stellar\stellar-common\src\main\java\org\apache\metron\stellar\common\generated\stellarparser.java@org.apache.metron.stellar.common.generated.lambda_with_argscontext.getruleindex();False;False;1.0;0.0
metron-stellar\stellar-common\src\main\java\org\apache\metron\stellar\common\generated\stellarparser.java@org.apache.metron.stellar.common.generated.lambda_with_argscontext.lambda_variables();False;False;1.0;0.0
metron-stellar\stellar-common\src\main\java\org\apache\metron\stellar\common\generated\stellarparser.java@org.apache.metron.stellar.common.generated.lambda_with_argscontext.single_lambda_variable();False;False;1.0;0.0
metron-stellar\stellar-common\src\main\java\org\apache\metron\stellar\common\generated\stellarparser.java@org.apache.metron.stellar.common.generated.lambda_with_argscontext.transformation_expr();False;False;1.0;0.0
metron-stellar\stellar-common\src\main\java\org\apache\metron\stellar\common\generated\stellarparser.java@org.apache.metron.stellar.common.generated.lambda_without_argscontext.lambda_op();False;False;1.0;0.0
metron-stellar\stellar-common\src\main\java\org\apache\metron\stellar\common\generated\stellarparser.java@org.apache.metron.stellar.common.generated.lambda_without_argscontext.lparen();False;False;1.0;0.0
metron-stellar\stellar-common\src\main\java\org\apache\metron\stellar\common\generated\stellarparser.java@org.apache.metron.stellar.common.generated.lambda_without_argscontext.lambda_without_argscontext(parserrulecontext,int);False;False;0.9034152775648784;0.09658472243512224
metron-stellar\stellar-common\src\main\java\org\apache\metron\stellar\common\generated\stellarparser.java@org.apache.metron.stellar.common.generated.lambda_without_argscontext.rparen();False;False;1.0;0.0
metron-stellar\stellar-common\src\main\java\org\apache\metron\stellar\common\generated\stellarparser.java@org.apache.metron.stellar.common.generated.lambda_without_argscontext.enterrule(parsetreelistener);False;False;0.9034152775648784;0.09658472243512224
metron-stellar\stellar-common\src\main\java\org\apache\metron\stellar\common\generated\stellarparser.java@org.apache.metron.stellar.common.generated.lambda_without_argscontext.exitrule(parsetreelistener);False;False;1.0;0.0
metron-stellar\stellar-common\src\main\java\org\apache\metron\stellar\common\generated\stellarparser.java@org.apache.metron.stellar.common.generated.lambda_without_argscontext.getruleindex();False;False;1.0;0.0
metron-stellar\stellar-common\src\main\java\org\apache\metron\stellar\common\generated\stellarparser.java@org.apache.metron.stellar.common.generated.lambda_without_argscontext.transformation_expr();False;False;1.0;0.0
metron-stellar\stellar-common\src\main\java\org\apache\metron\stellar\common\generated\stellarparser.java@org.apache.metron.stellar.common.generated.listcontext.listcontext(identifier_operandcontext);False;False;0.9034152775648784;0.09658472243512224
metron-stellar\stellar-common\src\main\java\org\apache\metron\stellar\common\generated\stellarparser.java@org.apache.metron.stellar.common.generated.listcontext.enterrule(parsetreelistener);False;False;1.0;0.0
metron-stellar\stellar-common\src\main\java\org\apache\metron\stellar\common\generated\stellarparser.java@org.apache.metron.stellar.common.generated.listcontext.exitrule(parsetreelistener);False;False;0.9034152775648784;0.09658472243512224
metron-stellar\stellar-common\src\main\java\org\apache\metron\stellar\common\generated\stellarparser.java@org.apache.metron.stellar.common.generated.listcontext.list_entity();False;False;1.0;0.0
metron-stellar\stellar-common\src\main\java\org\apache\metron\stellar\common\generated\stellarparser.java@org.apache.metron.stellar.common.generated.list_entitycontext.lbracket();False;False;1.0;0.0
metron-stellar\stellar-common\src\main\java\org\apache\metron\stellar\common\generated\stellarparser.java@org.apache.metron.stellar.common.generated.list_entitycontext.list_entitycontext(parserrulecontext,int);False;False;0.9034152775648784;0.09658472243512224
metron-stellar\stellar-common\src\main\java\org\apache\metron\stellar\common\generated\stellarparser.java@org.apache.metron.stellar.common.generated.list_entitycontext.rbracket();False;False;0.999;0.001
metron-stellar\stellar-common\src\main\java\org\apache\metron\stellar\common\generated\stellarparser.java@org.apache.metron.stellar.common.generated.list_entitycontext.enterrule(parsetreelistener);False;False;0.9034152775648784;0.09658472243512224
metron-stellar\stellar-common\src\main\java\org\apache\metron\stellar\common\generated\stellarparser.java@org.apache.metron.stellar.common.generated.list_entitycontext.exitrule(parsetreelistener);False;False;1.0;0.0
metron-stellar\stellar-common\src\main\java\org\apache\metron\stellar\common\generated\stellarparser.java@org.apache.metron.stellar.common.generated.list_entitycontext.getruleindex();False;False;1.0;0.0
metron-stellar\stellar-common\src\main\java\org\apache\metron\stellar\common\generated\stellarparser.java@org.apache.metron.stellar.common.generated.list_entitycontext.op_list();False;False;0.999;0.001
metron-stellar\stellar-common\src\main\java\org\apache\metron\stellar\common\generated\stellarparser.java@org.apache.metron.stellar.common.generated.logicalconstcontext.false();False;False;1.0;0.0
metron-stellar\stellar-common\src\main\java\org\apache\metron\stellar\common\generated\stellarparser.java@org.apache.metron.stellar.common.generated.logicalconstcontext.logicalconstcontext(identifier_operandcontext);False;False;0.9034152775648784;0.09658472243512224
metron-stellar\stellar-common\src\main\java\org\apache\metron\stellar\common\generated\stellarparser.java@org.apache.metron.stellar.common.generated.logicalconstcontext.true();False;False;1.0;0.0
metron-stellar\stellar-common\src\main\java\org\apache\metron\stellar\common\generated\stellarparser.java@org.apache.metron.stellar.common.generated.logicalconstcontext.enterrule(parsetreelistener);False;False;1.0;0.0
metron-stellar\stellar-common\src\main\java\org\apache\metron\stellar\common\generated\stellarparser.java@org.apache.metron.stellar.common.generated.logicalconstcontext.exitrule(parsetreelistener);False;False;0.9034152775648784;0.09658472243512224
metron-stellar\stellar-common\src\main\java\org\apache\metron\stellar\common\generated\stellarparser.java@org.apache.metron.stellar.common.generated.logicalexpressionandcontext.and();False;False;1.0;0.0
metron-stellar\stellar-common\src\main\java\org\apache\metron\stellar\common\generated\stellarparser.java@org.apache.metron.stellar.common.generated.logicalexpressionandcontext.logicalexpressionandcontext(logical_exprcontext);False;False;0.9034152775648784;0.09658472243512224
metron-stellar\stellar-common\src\main\java\org\apache\metron\stellar\common\generated\stellarparser.java@org.apache.metron.stellar.common.generated.logicalexpressionandcontext.b_expr();False;False;1.0;0.0
metron-stellar\stellar-common\src\main\java\org\apache\metron\stellar\common\generated\stellarparser.java@org.apache.metron.stellar.common.generated.logicalexpressionandcontext.enterrule(parsetreelistener);False;False;1.0;0.0
metron-stellar\stellar-common\src\main\java\org\apache\metron\stellar\common\generated\stellarparser.java@org.apache.metron.stellar.common.generated.logicalexpressionandcontext.exitrule(parsetreelistener);False;False;0.9034152775648784;0.09658472243512224
metron-stellar\stellar-common\src\main\java\org\apache\metron\stellar\common\generated\stellarparser.java@org.apache.metron.stellar.common.generated.logicalexpressionandcontext.logical_expr();False;False;1.0;0.0
metron-stellar\stellar-common\src\main\java\org\apache\metron\stellar\common\generated\stellarparser.java@org.apache.metron.stellar.common.generated.logicalexpressioncontext.logicalexpressioncontext(transformation_exprcontext);False;False;0.9034152775648784;0.09658472243512224
metron-stellar\stellar-common\src\main\java\org\apache\metron\stellar\common\generated\stellarparser.java@org.apache.metron.stellar.common.generated.logicalexpressioncontext.enterrule(parsetreelistener);False;False;1.0;0.0
metron-stellar\stellar-common\src\main\java\org\apache\metron\stellar\common\generated\stellarparser.java@org.apache.metron.stellar.common.generated.logicalexpressioncontext.exitrule(parsetreelistener);False;False;1.0;0.0
metron-stellar\stellar-common\src\main\java\org\apache\metron\stellar\common\generated\stellarparser.java@org.apache.metron.stellar.common.generated.logicalexpressioncontext.logical_expr();False;False;1.0;0.0
metron-stellar\stellar-common\src\main\java\org\apache\metron\stellar\common\generated\stellarparser.java@org.apache.metron.stellar.common.generated.logicalexpressionorcontext.logicalexpressionorcontext(logical_exprcontext);False;False;0.9034152775648784;0.09658472243512224
metron-stellar\stellar-common\src\main\java\org\apache\metron\stellar\common\generated\stellarparser.java@org.apache.metron.stellar.common.generated.logicalexpressionorcontext.or();False;False;1.0;0.0
metron-stellar\stellar-common\src\main\java\org\apache\metron\stellar\common\generated\stellarparser.java@org.apache.metron.stellar.common.generated.logicalexpressionorcontext.b_expr();False;False;1.0;0.0
metron-stellar\stellar-common\src\main\java\org\apache\metron\stellar\common\generated\stellarparser.java@org.apache.metron.stellar.common.generated.logicalexpressionorcontext.enterrule(parsetreelistener);False;False;0.9034152775648784;0.09658472243512224
metron-stellar\stellar-common\src\main\java\org\apache\metron\stellar\common\generated\stellarparser.java@org.apache.metron.stellar.common.generated.logicalexpressionorcontext.exitrule(parsetreelistener);False;False;1.0;0.0
metron-stellar\stellar-common\src\main\java\org\apache\metron\stellar\common\generated\stellarparser.java@org.apache.metron.stellar.common.generated.logicalexpressionorcontext.logical_expr();False;False;1.0;0.0
metron-stellar\stellar-common\src\main\java\org\apache\metron\stellar\common\generated\stellarparser.java@org.apache.metron.stellar.common.generated.logical_exprcontext.logical_exprcontext(parserrulecontext,int);False;False;0.9034152775648784;0.09658472243512224
metron-stellar\stellar-common\src\main\java\org\apache\metron\stellar\common\generated\stellarparser.java@org.apache.metron.stellar.common.generated.logical_exprcontext.copyfrom(logical_exprcontext);False;False;0.9034152775648784;0.09658472243512224
metron-stellar\stellar-common\src\main\java\org\apache\metron\stellar\common\generated\stellarparser.java@org.apache.metron.stellar.common.generated.logical_exprcontext.getruleindex();False;False;0.9994711018466688;0.0005288981533313555
metron-stellar\stellar-common\src\main\java\org\apache\metron\stellar\common\generated\stellarparser.java@org.apache.metron.stellar.common.generated.longliteralcontext.long_literal();False;False;1.0;0.0
metron-stellar\stellar-common\src\main\java\org\apache\metron\stellar\common\generated\stellarparser.java@org.apache.metron.stellar.common.generated.longliteralcontext.longliteralcontext(arithmetic_operandscontext);False;False;0.9034152775648784;0.09658472243512224
metron-stellar\stellar-common\src\main\java\org\apache\metron\stellar\common\generated\stellarparser.java@org.apache.metron.stellar.common.generated.longliteralcontext.enterrule(parsetreelistener);False;False;0.9034152775648784;0.09658472243512224
metron-stellar\stellar-common\src\main\java\org\apache\metron\stellar\common\generated\stellarparser.java@org.apache.metron.stellar.common.generated.longliteralcontext.exitrule(parsetreelistener);False;False;1.0;0.0
metron-stellar\stellar-common\src\main\java\org\apache\metron\stellar\common\generated\stellarparser.java@org.apache.metron.stellar.common.generated.mapconstcontext.mapconstcontext(identifier_operandcontext);False;False;0.9034152775648784;0.09658472243512224
metron-stellar\stellar-common\src\main\java\org\apache\metron\stellar\common\generated\stellarparser.java@org.apache.metron.stellar.common.generated.mapconstcontext.enterrule(parsetreelistener);False;False;0.9034152775648784;0.09658472243512224
metron-stellar\stellar-common\src\main\java\org\apache\metron\stellar\common\generated\stellarparser.java@org.apache.metron.stellar.common.generated.mapconstcontext.exitrule(parsetreelistener);False;False;0.9034152775648784;0.09658472243512224
metron-stellar\stellar-common\src\main\java\org\apache\metron\stellar\common\generated\stellarparser.java@org.apache.metron.stellar.common.generated.mapconstcontext.map_entity();False;False;1.0;0.0
metron-stellar\stellar-common\src\main\java\org\apache\metron\stellar\common\generated\stellarparser.java@org.apache.metron.stellar.common.generated.map_entitycontext.lbrace();False;False;1.0;0.0
metron-stellar\stellar-common\src\main\java\org\apache\metron\stellar\common\generated\stellarparser.java@org.apache.metron.stellar.common.generated.map_entitycontext.map_entitycontext(parserrulecontext,int);False;False;0.9034152775648784;0.09658472243512224
metron-stellar\stellar-common\src\main\java\org\apache\metron\stellar\common\generated\stellarparser.java@org.apache.metron.stellar.common.generated.map_entitycontext.rbrace();False;False;1.0;0.0
metron-stellar\stellar-common\src\main\java\org\apache\metron\stellar\common\generated\stellarparser.java@org.apache.metron.stellar.common.generated.map_entitycontext.enterrule(parsetreelistener);False;False;1.0;0.0
metron-stellar\stellar-common\src\main\java\org\apache\metron\stellar\common\generated\stellarparser.java@org.apache.metron.stellar.common.generated.map_entitycontext.exitrule(parsetreelistener);False;False;1.0;0.0
metron-stellar\stellar-common\src\main\java\org\apache\metron\stellar\common\generated\stellarparser.java@org.apache.metron.stellar.common.generated.map_entitycontext.getruleindex();False;False;1.0;0.0
metron-stellar\stellar-common\src\main\java\org\apache\metron\stellar\common\generated\stellarparser.java@org.apache.metron.stellar.common.generated.map_entitycontext.kv_list();False;False;1.0;0.0
metron-stellar\stellar-common\src\main\java\org\apache\metron\stellar\common\generated\stellarparser.java@org.apache.metron.stellar.common.generated.matchclauseactioncontext.matchclauseactioncontext(match_clause_actioncontext);False;False;0.9034152775648784;0.09658472243512224
metron-stellar\stellar-common\src\main\java\org\apache\metron\stellar\common\generated\stellarparser.java@org.apache.metron.stellar.common.generated.matchclauseactioncontext.enterrule(parsetreelistener);False;False;1.0;0.0
metron-stellar\stellar-common\src\main\java\org\apache\metron\stellar\common\generated\stellarparser.java@org.apache.metron.stellar.common.generated.matchclauseactioncontext.exitrule(parsetreelistener);False;False;0.9034152775648784;0.09658472243512224
metron-stellar\stellar-common\src\main\java\org\apache\metron\stellar\common\generated\stellarparser.java@org.apache.metron.stellar.common.generated.matchclauseactioncontext.transformation_expr();False;False;1.0;0.0
metron-stellar\stellar-common\src\main\java\org\apache\metron\stellar\common\generated\stellarparser.java@org.apache.metron.stellar.common.generated.matchclausecheckexprcontext.matchclausecheckexprcontext(match_clause_checkcontext);False;False;0.9034152775648784;0.09658472243512224
metron-stellar\stellar-common\src\main\java\org\apache\metron\stellar\common\generated\stellarparser.java@org.apache.metron.stellar.common.generated.matchclausecheckexprcontext.conditional_expr();False;False;1.0;0.0
metron-stellar\stellar-common\src\main\java\org\apache\metron\stellar\common\generated\stellarparser.java@org.apache.metron.stellar.common.generated.matchclausecheckexprcontext.enterrule(parsetreelistener);False;False;1.0;0.0
metron-stellar\stellar-common\src\main\java\org\apache\metron\stellar\common\generated\stellarparser.java@org.apache.metron.stellar.common.generated.matchclausecheckexprcontext.exitrule(parsetreelistener);False;False;1.0;0.0
metron-stellar\stellar-common\src\main\java\org\apache\metron\stellar\common\generated\stellarparser.java@org.apache.metron.stellar.common.generated.matchclausecheckexprcontext.logical_expr();False;False;1.0;0.0
metron-stellar\stellar-common\src\main\java\org\apache\metron\stellar\common\generated\stellarparser.java@org.apache.metron.stellar.common.generated.matchclausescontext.comma();False;False;1.0;0.0
metron-stellar\stellar-common\src\main\java\org\apache\metron\stellar\common\generated\stellarparser.java@org.apache.metron.stellar.common.generated.matchclausescontext.default();False;False;0.999;0.001
metron-stellar\stellar-common\src\main\java\org\apache\metron\stellar\common\generated\stellarparser.java@org.apache.metron.stellar.common.generated.matchclausescontext.lbrace();False;False;1.0;0.0
metron-stellar\stellar-common\src\main\java\org\apache\metron\stellar\common\generated\stellarparser.java@org.apache.metron.stellar.common.generated.matchclausescontext.match();False;False;1.0;0.0
metron-stellar\stellar-common\src\main\java\org\apache\metron\stellar\common\generated\stellarparser.java@org.apache.metron.stellar.common.generated.matchclausescontext.match_action();False;False;1.0;0.0
metron-stellar\stellar-common\src\main\java\org\apache\metron\stellar\common\generated\stellarparser.java@org.apache.metron.stellar.common.generated.matchclausescontext.matchclausescontext(match_exprcontext);False;False;0.9034152775648784;0.09658472243512224
metron-stellar\stellar-common\src\main\java\org\apache\metron\stellar\common\generated\stellarparser.java@org.apache.metron.stellar.common.generated.matchclausescontext.rbrace();False;False;1.0;0.0
metron-stellar\stellar-common\src\main\java\org\apache\metron\stellar\common\generated\stellarparser.java@org.apache.metron.stellar.common.generated.matchclausescontext.enterrule(parsetreelistener);False;False;1.0;0.0
metron-stellar\stellar-common\src\main\java\org\apache\metron\stellar\common\generated\stellarparser.java@org.apache.metron.stellar.common.generated.matchclausescontext.exitrule(parsetreelistener);False;False;0.9034152775648784;0.09658472243512224
metron-stellar\stellar-common\src\main\java\org\apache\metron\stellar\common\generated\stellarparser.java@org.apache.metron.stellar.common.generated.matchclausescontext.match_clause_action();False;False;1.0;0.0
metron-stellar\stellar-common\src\main\java\org\apache\metron\stellar\common\generated\stellarparser.java@org.apache.metron.stellar.common.generated.matchclausescontext.match_clauses();False;False;1.0;0.0
metron-stellar\stellar-common\src\main\java\org\apache\metron\stellar\common\generated\stellarparser.java@org.apache.metron.stellar.common.generated.matchexprcontext.matchexprcontext(transformation_exprcontext);False;False;0.9034152775648784;0.09658472243512224
metron-stellar\stellar-common\src\main\java\org\apache\metron\stellar\common\generated\stellarparser.java@org.apache.metron.stellar.common.generated.matchexprcontext.enterrule(parsetreelistener);False;False;1.0;0.0
metron-stellar\stellar-common\src\main\java\org\apache\metron\stellar\common\generated\stellarparser.java@org.apache.metron.stellar.common.generated.matchexprcontext.exitrule(parsetreelistener);False;False;1.0;0.0
metron-stellar\stellar-common\src\main\java\org\apache\metron\stellar\common\generated\stellarparser.java@org.apache.metron.stellar.common.generated.matchexprcontext.match_expr();False;False;1.0;0.0
metron-stellar\stellar-common\src\main\java\org\apache\metron\stellar\common\generated\stellarparser.java@org.apache.metron.stellar.common.generated.match_clausecontext.match_action();False;False;1.0;0.0
metron-stellar\stellar-common\src\main\java\org\apache\metron\stellar\common\generated\stellarparser.java@org.apache.metron.stellar.common.generated.match_clausecontext.match_clausecontext(parserrulecontext,int);False;False;0.9034152775648784;0.09658472243512224
metron-stellar\stellar-common\src\main\java\org\apache\metron\stellar\common\generated\stellarparser.java@org.apache.metron.stellar.common.generated.match_clausecontext.enterrule(parsetreelistener);False;False;0.9034152775648784;0.09658472243512224
metron-stellar\stellar-common\src\main\java\org\apache\metron\stellar\common\generated\stellarparser.java@org.apache.metron.stellar.common.generated.match_clausecontext.exitrule(parsetreelistener);False;False;0.9034152775648784;0.09658472243512224
metron-stellar\stellar-common\src\main\java\org\apache\metron\stellar\common\generated\stellarparser.java@org.apache.metron.stellar.common.generated.match_clausecontext.getruleindex();False;False;1.0;0.0
metron-stellar\stellar-common\src\main\java\org\apache\metron\stellar\common\generated\stellarparser.java@org.apache.metron.stellar.common.generated.match_clausecontext.match_clause_action();False;False;1.0;0.0
metron-stellar\stellar-common\src\main\java\org\apache\metron\stellar\common\generated\stellarparser.java@org.apache.metron.stellar.common.generated.match_clausecontext.match_clause_check();False;False;1.0;0.0
metron-stellar\stellar-common\src\main\java\org\apache\metron\stellar\common\generated\stellarparser.java@org.apache.metron.stellar.common.generated.match_clause_actioncontext.match_clause_actioncontext(parserrulecontext,int);False;False;0.9034152775648784;0.09658472243512224
metron-stellar\stellar-common\src\main\java\org\apache\metron\stellar\common\generated\stellarparser.java@org.apache.metron.stellar.common.generated.match_clause_actioncontext.copyfrom(match_clause_actioncontext);False;False;0.952;0.048
metron-stellar\stellar-common\src\main\java\org\apache\metron\stellar\common\generated\stellarparser.java@org.apache.metron.stellar.common.generated.match_clause_actioncontext.getruleindex();False;False;1.0;0.0
metron-stellar\stellar-common\src\main\java\org\apache\metron\stellar\common\generated\stellarparser.java@org.apache.metron.stellar.common.generated.match_clause_checkcontext.match_clause_checkcontext(parserrulecontext,int);False;False;0.9034152775648784;0.09658472243512224
metron-stellar\stellar-common\src\main\java\org\apache\metron\stellar\common\generated\stellarparser.java@org.apache.metron.stellar.common.generated.match_clause_checkcontext.copyfrom(match_clause_checkcontext);False;False;0.9989382822277848;0.0010617177722152692
metron-stellar\stellar-common\src\main\java\org\apache\metron\stellar\common\generated\stellarparser.java@org.apache.metron.stellar.common.generated.match_clause_checkcontext.getruleindex();False;False;1.0;0.0
metron-stellar\stellar-common\src\main\java\org\apache\metron\stellar\common\generated\stellarparser.java@org.apache.metron.stellar.common.generated.match_clausescontext.comma();False;False;1.0;0.0
metron-stellar\stellar-common\src\main\java\org\apache\metron\stellar\common\generated\stellarparser.java@org.apache.metron.stellar.common.generated.match_clausescontext.comma(int);False;False;1.0;0.0
metron-stellar\stellar-common\src\main\java\org\apache\metron\stellar\common\generated\stellarparser.java@org.apache.metron.stellar.common.generated.match_clausescontext.match_clausescontext(parserrulecontext,int);False;False;0.9034152775648784;0.09658472243512224
metron-stellar\stellar-common\src\main\java\org\apache\metron\stellar\common\generated\stellarparser.java@org.apache.metron.stellar.common.generated.match_clausescontext.enterrule(parsetreelistener);False;False;1.0;0.0
metron-stellar\stellar-common\src\main\java\org\apache\metron\stellar\common\generated\stellarparser.java@org.apache.metron.stellar.common.generated.match_clausescontext.exitrule(parsetreelistener);False;False;0.9034152775648784;0.09658472243512224
metron-stellar\stellar-common\src\main\java\org\apache\metron\stellar\common\generated\stellarparser.java@org.apache.metron.stellar.common.generated.match_clausescontext.getruleindex();False;False;0.999;0.001
metron-stellar\stellar-common\src\main\java\org\apache\metron\stellar\common\generated\stellarparser.java@org.apache.metron.stellar.common.generated.match_clausescontext.match_clause();False;False;0.999;0.001
metron-stellar\stellar-common\src\main\java\org\apache\metron\stellar\common\generated\stellarparser.java@org.apache.metron.stellar.common.generated.match_clausescontext.match_clause(int);False;False;1.0;0.0
metron-stellar\stellar-common\src\main\java\org\apache\metron\stellar\common\generated\stellarparser.java@org.apache.metron.stellar.common.generated.match_exprcontext.match_exprcontext(parserrulecontext,int);False;False;0.9034152775648784;0.09658472243512224
metron-stellar\stellar-common\src\main\java\org\apache\metron\stellar\common\generated\stellarparser.java@org.apache.metron.stellar.common.generated.match_exprcontext.copyfrom(match_exprcontext);False;False;0.9034152775648784;0.09658472243512224
metron-stellar\stellar-common\src\main\java\org\apache\metron\stellar\common\generated\stellarparser.java@org.apache.metron.stellar.common.generated.match_exprcontext.getruleindex();False;False;1.0;0.0
metron-stellar\stellar-common\src\main\java\org\apache\metron\stellar\common\generated\stellarparser.java@org.apache.metron.stellar.common.generated.ninexpressionstatementcontext.nin();False;False;0.9851351218008023;0.014864878199197096
metron-stellar\stellar-common\src\main\java\org\apache\metron\stellar\common\generated\stellarparser.java@org.apache.metron.stellar.common.generated.ninexpressionstatementcontext.ninexpressionstatementcontext(in_exprcontext);False;False;0.9034152775648784;0.09658472243512224
metron-stellar\stellar-common\src\main\java\org\apache\metron\stellar\common\generated\stellarparser.java@org.apache.metron.stellar.common.generated.ninexpressionstatementcontext.b_expr();False;False;1.0;0.0
metron-stellar\stellar-common\src\main\java\org\apache\metron\stellar\common\generated\stellarparser.java@org.apache.metron.stellar.common.generated.ninexpressionstatementcontext.enterrule(parsetreelistener);False;False;1.0;0.0
metron-stellar\stellar-common\src\main\java\org\apache\metron\stellar\common\generated\stellarparser.java@org.apache.metron.stellar.common.generated.ninexpressionstatementcontext.exitrule(parsetreelistener);False;False;1.0;0.0
metron-stellar\stellar-common\src\main\java\org\apache\metron\stellar\common\generated\stellarparser.java@org.apache.metron.stellar.common.generated.ninexpressionstatementcontext.identifier_operand();False;False;1.0;0.0
metron-stellar\stellar-common\src\main\java\org\apache\metron\stellar\common\generated\stellarparser.java@org.apache.metron.stellar.common.generated.nanarithcontext.nan();False;False;1.0;0.0
metron-stellar\stellar-common\src\main\java\org\apache\metron\stellar\common\generated\stellarparser.java@org.apache.metron.stellar.common.generated.nanarithcontext.nanarithcontext(arithmetic_operandscontext);False;False;0.9034152775648784;0.09658472243512224
metron-stellar\stellar-common\src\main\java\org\apache\metron\stellar\common\generated\stellarparser.java@org.apache.metron.stellar.common.generated.nanarithcontext.enterrule(parsetreelistener);False;False;0.9034152775648784;0.09658472243512224
metron-stellar\stellar-common\src\main\java\org\apache\metron\stellar\common\generated\stellarparser.java@org.apache.metron.stellar.common.generated.nanarithcontext.exitrule(parsetreelistener);False;False;1.0;0.0
metron-stellar\stellar-common\src\main\java\org\apache\metron\stellar\common\generated\stellarparser.java@org.apache.metron.stellar.common.generated.notfunccontext.lparen();False;False;0.9851351218008023;0.014864878199197096
metron-stellar\stellar-common\src\main\java\org\apache\metron\stellar\common\generated\stellarparser.java@org.apache.metron.stellar.common.generated.notfunccontext.not();False;False;0.9851351218008023;0.014864878199197096
metron-stellar\stellar-common\src\main\java\org\apache\metron\stellar\common\generated\stellarparser.java@org.apache.metron.stellar.common.generated.notfunccontext.notfunccontext(comparison_exprcontext);False;False;0.9034152775648784;0.09658472243512224
metron-stellar\stellar-common\src\main\java\org\apache\metron\stellar\common\generated\stellarparser.java@org.apache.metron.stellar.common.generated.notfunccontext.rparen();False;False;1.0;0.0
metron-stellar\stellar-common\src\main\java\org\apache\metron\stellar\common\generated\stellarparser.java@org.apache.metron.stellar.common.generated.notfunccontext.enterrule(parsetreelistener);False;False;1.0;0.0
metron-stellar\stellar-common\src\main\java\org\apache\metron\stellar\common\generated\stellarparser.java@org.apache.metron.stellar.common.generated.notfunccontext.exitrule(parsetreelistener);False;False;1.0;0.0
metron-stellar\stellar-common\src\main\java\org\apache\metron\stellar\common\generated\stellarparser.java@org.apache.metron.stellar.common.generated.notfunccontext.logical_expr();False;False;0.9851351218008023;0.014864878199197096
metron-stellar\stellar-common\src\main\java\org\apache\metron\stellar\common\generated\stellarparser.java@org.apache.metron.stellar.common.generated.nullconstcontext.null();False;False;0.9034152775648784;0.09658472243512224
metron-stellar\stellar-common\src\main\java\org\apache\metron\stellar\common\generated\stellarparser.java@org.apache.metron.stellar.common.generated.nullconstcontext.nullconstcontext(identifier_operandcontext);False;False;0.9034152775648784;0.09658472243512224
metron-stellar\stellar-common\src\main\java\org\apache\metron\stellar\common\generated\stellarparser.java@org.apache.metron.stellar.common.generated.nullconstcontext.enterrule(parsetreelistener);False;False;1.0;0.0
metron-stellar\stellar-common\src\main\java\org\apache\metron\stellar\common\generated\stellarparser.java@org.apache.metron.stellar.common.generated.nullconstcontext.exitrule(parsetreelistener);False;False;1.0;0.0
metron-stellar\stellar-common\src\main\java\org\apache\metron\stellar\common\generated\stellarparser.java@org.apache.metron.stellar.common.generated.numericfunctionscontext.numericfunctionscontext(arithmetic_operandscontext);False;False;0.9034152775648784;0.09658472243512224
metron-stellar\stellar-common\src\main\java\org\apache\metron\stellar\common\generated\stellarparser.java@org.apache.metron.stellar.common.generated.numericfunctionscontext.enterrule(parsetreelistener);False;False;1.0;0.0
metron-stellar\stellar-common\src\main\java\org\apache\metron\stellar\common\generated\stellarparser.java@org.apache.metron.stellar.common.generated.numericfunctionscontext.exitrule(parsetreelistener);False;False;1.0;0.0
metron-stellar\stellar-common\src\main\java\org\apache\metron\stellar\common\generated\stellarparser.java@org.apache.metron.stellar.common.generated.numericfunctionscontext.functions();False;False;1.0;0.0
metron-stellar\stellar-common\src\main\java\org\apache\metron\stellar\common\generated\stellarparser.java@org.apache.metron.stellar.common.generated.op_listcontext.comma();False;False;1.0;0.0
metron-stellar\stellar-common\src\main\java\org\apache\metron\stellar\common\generated\stellarparser.java@org.apache.metron.stellar.common.generated.op_listcontext.op_listcontext(parserrulecontext,int);False;False;0.9034152775648784;0.09658472243512224
metron-stellar\stellar-common\src\main\java\org\apache\metron\stellar\common\generated\stellarparser.java@org.apache.metron.stellar.common.generated.op_listcontext.comparison_expr();False;False;0.9851351218008023;0.014864878199197096
metron-stellar\stellar-common\src\main\java\org\apache\metron\stellar\common\generated\stellarparser.java@org.apache.metron.stellar.common.generated.op_listcontext.conditional_expr();False;False;1.0;0.0
metron-stellar\stellar-common\src\main\java\org\apache\metron\stellar\common\generated\stellarparser.java@org.apache.metron.stellar.common.generated.op_listcontext.enterrule(parsetreelistener);False;False;0.9034152775648784;0.09658472243512224
metron-stellar\stellar-common\src\main\java\org\apache\metron\stellar\common\generated\stellarparser.java@org.apache.metron.stellar.common.generated.op_listcontext.exitrule(parsetreelistener);False;False;0.9034152775648784;0.09658472243512224
metron-stellar\stellar-common\src\main\java\org\apache\metron\stellar\common\generated\stellarparser.java@org.apache.metron.stellar.common.generated.op_listcontext.getruleindex();False;False;1.0;0.0
metron-stellar\stellar-common\src\main\java\org\apache\metron\stellar\common\generated\stellarparser.java@org.apache.metron.stellar.common.generated.op_listcontext.identifier_operand();False;False;0.9851351218008023;0.014864878199197096
metron-stellar\stellar-common\src\main\java\org\apache\metron\stellar\common\generated\stellarparser.java@org.apache.metron.stellar.common.generated.op_listcontext.op_list();False;False;0.9851351218008023;0.014864878199197096
metron-stellar\stellar-common\src\main\java\org\apache\metron\stellar\common\generated\stellarparser.java@org.apache.metron.stellar.common.generated.operandcontext.operandcontext(comparison_exprcontext);False;False;0.9034152775648784;0.09658472243512224
metron-stellar\stellar-common\src\main\java\org\apache\metron\stellar\common\generated\stellarparser.java@org.apache.metron.stellar.common.generated.operandcontext.enterrule(parsetreelistener);False;False;0.9034152775648784;0.09658472243512224
metron-stellar\stellar-common\src\main\java\org\apache\metron\stellar\common\generated\stellarparser.java@org.apache.metron.stellar.common.generated.operandcontext.exitrule(parsetreelistener);False;False;1.0;0.0
metron-stellar\stellar-common\src\main\java\org\apache\metron\stellar\common\generated\stellarparser.java@org.apache.metron.stellar.common.generated.operandcontext.identifier_operand();False;False;0.9851351218008023;0.014864878199197096
metron-stellar\stellar-common\src\main\java\org\apache\metron\stellar\common\generated\stellarparser.java@org.apache.metron.stellar.common.generated.parenarithcontext.lparen();False;False;1.0;0.0
metron-stellar\stellar-common\src\main\java\org\apache\metron\stellar\common\generated\stellarparser.java@org.apache.metron.stellar.common.generated.parenarithcontext.parenarithcontext(arithmetic_operandscontext);False;False;0.9034152775648784;0.09658472243512224
metron-stellar\stellar-common\src\main\java\org\apache\metron\stellar\common\generated\stellarparser.java@org.apache.metron.stellar.common.generated.parenarithcontext.rparen();False;False;1.0;0.0
metron-stellar\stellar-common\src\main\java\org\apache\metron\stellar\common\generated\stellarparser.java@org.apache.metron.stellar.common.generated.parenarithcontext.arithmetic_expr();False;False;1.0;0.0
metron-stellar\stellar-common\src\main\java\org\apache\metron\stellar\common\generated\stellarparser.java@org.apache.metron.stellar.common.generated.parenarithcontext.enterrule(parsetreelistener);False;False;0.9034152775648784;0.09658472243512224
metron-stellar\stellar-common\src\main\java\org\apache\metron\stellar\common\generated\stellarparser.java@org.apache.metron.stellar.common.generated.parenarithcontext.exitrule(parsetreelistener);False;False;0.9034152775648784;0.09658472243512224
metron-stellar\stellar-common\src\main\java\org\apache\metron\stellar\common\generated\stellarparser.java@org.apache.metron.stellar.common.generated.single_lambda_variablecontext.single_lambda_variablecontext(parserrulecontext,int);False;False;0.9034152775648784;0.09658472243512224
metron-stellar\stellar-common\src\main\java\org\apache\metron\stellar\common\generated\stellarparser.java@org.apache.metron.stellar.common.generated.single_lambda_variablecontext.enterrule(parsetreelistener);False;False;1.0;0.0
metron-stellar\stellar-common\src\main\java\org\apache\metron\stellar\common\generated\stellarparser.java@org.apache.metron.stellar.common.generated.single_lambda_variablecontext.exitrule(parsetreelistener);False;False;1.0;0.0
metron-stellar\stellar-common\src\main\java\org\apache\metron\stellar\common\generated\stellarparser.java@org.apache.metron.stellar.common.generated.single_lambda_variablecontext.getruleindex();False;False;1.0;0.0
metron-stellar\stellar-common\src\main\java\org\apache\metron\stellar\common\generated\stellarparser.java@org.apache.metron.stellar.common.generated.single_lambda_variablecontext.lambda_variable();False;False;1.0;0.0
metron-stellar\stellar-common\src\main\java\org\apache\metron\stellar\common\generated\stellarparser.java@org.apache.metron.stellar.common.generated.stellarparser.and();False;False;0.9034152775648784;0.09658472243512224
metron-stellar\stellar-common\src\main\java\org\apache\metron\stellar\common\generated\stellarparser.java@org.apache.metron.stellar.common.generated.stellarparser.arithexpr_divcontext(arithmetic_expr_mulcontext);False;False;0.9034152775648784;0.09658472243512224
metron-stellar\stellar-common\src\main\java\org\apache\metron\stellar\common\generated\stellarparser.java@org.apache.metron.stellar.common.generated.stellarparser.arithexpr_minuscontext(arithmetic_exprcontext);False;False;0.9034152775648784;0.09658472243512224
metron-stellar\stellar-common\src\main\java\org\apache\metron\stellar\common\generated\stellarparser.java@org.apache.metron.stellar.common.generated.stellarparser.arithexpr_mulcontext(arithmetic_expr_mulcontext);False;False;0.9034152775648784;0.09658472243512224
metron-stellar\stellar-common\src\main\java\org\apache\metron\stellar\common\generated\stellarparser.java@org.apache.metron.stellar.common.generated.stellarparser.arithexpr_mul_solocontext(arithmetic_expr_mulcontext);False;False;0.9034152775648784;0.09658472243512224
metron-stellar\stellar-common\src\main\java\org\apache\metron\stellar\common\generated\stellarparser.java@org.apache.metron.stellar.common.generated.stellarparser.arithexpr_pluscontext(arithmetic_exprcontext);False;False;0.9034152775648784;0.09658472243512224
metron-stellar\stellar-common\src\main\java\org\apache\metron\stellar\common\generated\stellarparser.java@org.apache.metron.stellar.common.generated.stellarparser.arithexpr_solocontext(arithmetic_exprcontext);False;False;0.9034152775648784;0.09658472243512224
metron-stellar\stellar-common\src\main\java\org\apache\metron\stellar\common\generated\stellarparser.java@org.apache.metron.stellar.common.generated.stellarparser.arithexpressioncontext(transformation_exprcontext);False;False;0.9034152775648784;0.09658472243512224
metron-stellar\stellar-common\src\main\java\org\apache\metron\stellar\common\generated\stellarparser.java@org.apache.metron.stellar.common.generated.stellarparser.arithmeticoperandscontext(identifier_operandcontext);False;False;0.9034152775648784;0.09658472243512224
metron-stellar\stellar-common\src\main\java\org\apache\metron\stellar\common\generated\stellarparser.java@org.apache.metron.stellar.common.generated.stellarparser.arithmetic_exprcontext(parserrulecontext,int);False;False;0.9034152775648784;0.09658472243512224
metron-stellar\stellar-common\src\main\java\org\apache\metron\stellar\common\generated\stellarparser.java@org.apache.metron.stellar.common.generated.stellarparser.arithmetic_expr_mulcontext(parserrulecontext,int);False;False;0.9034152775648784;0.09658472243512224
metron-stellar\stellar-common\src\main\java\org\apache\metron\stellar\common\generated\stellarparser.java@org.apache.metron.stellar.common.generated.stellarparser.arithmetic_operandscontext(parserrulecontext,int);False;False;0.9034152775648784;0.09658472243512224
metron-stellar\stellar-common\src\main\java\org\apache\metron\stellar\common\generated\stellarparser.java@org.apache.metron.stellar.common.generated.stellarparser.b_exprcontext(parserrulecontext,int);False;False;0.9034152775648784;0.09658472243512224
metron-stellar\stellar-common\src\main\java\org\apache\metron\stellar\common\generated\stellarparser.java@org.apache.metron.stellar.common.generated.stellarparser.boleanexpressioncontext(logical_exprcontext);False;False;0.9034152775648784;0.09658472243512224
metron-stellar\stellar-common\src\main\java\org\apache\metron\stellar\common\generated\stellarparser.java@org.apache.metron.stellar.common.generated.stellarparser.colon();False;False;1.0;0.0
metron-stellar\stellar-common\src\main\java\org\apache\metron\stellar\common\generated\stellarparser.java@org.apache.metron.stellar.common.generated.stellarparser.comma();False;False;0.995;0.005
metron-stellar\stellar-common\src\main\java\org\apache\metron\stellar\common\generated\stellarparser.java@org.apache.metron.stellar.common.generated.stellarparser.comma(int);False;False;1.0;0.0
metron-stellar\stellar-common\src\main\java\org\apache\metron\stellar\common\generated\stellarparser.java@org.apache.metron.stellar.common.generated.stellarparser.comp_operatorcontext(parserrulecontext,int);False;False;0.9034152775648784;0.09658472243512224
metron-stellar\stellar-common\src\main\java\org\apache\metron\stellar\common\generated\stellarparser.java@org.apache.metron.stellar.common.generated.stellarparser.comparisonexpressioncontext(transformation_exprcontext);False;False;0.9034152775648784;0.09658472243512224
metron-stellar\stellar-common\src\main\java\org\apache\metron\stellar\common\generated\stellarparser.java@org.apache.metron.stellar.common.generated.stellarparser.comparisonexpressionparenscontext(comparison_exprcontext);False;False;0.9034152775648784;0.09658472243512224
metron-stellar\stellar-common\src\main\java\org\apache\metron\stellar\common\generated\stellarparser.java@org.apache.metron.stellar.common.generated.stellarparser.comparisonexpressionwithoperatorcontext(comparison_exprcontext);False;False;0.9034152775648784;0.09658472243512224
metron-stellar\stellar-common\src\main\java\org\apache\metron\stellar\common\generated\stellarparser.java@org.apache.metron.stellar.common.generated.stellarparser.comparisonopcontext(comp_operatorcontext);False;False;0.9034152775648784;0.09658472243512224
metron-stellar\stellar-common\src\main\java\org\apache\metron\stellar\common\generated\stellarparser.java@org.apache.metron.stellar.common.generated.stellarparser.comparison_exprcontext(parserrulecontext,int);False;False;0.9034152775648784;0.09658472243512224
metron-stellar\stellar-common\src\main\java\org\apache\metron\stellar\common\generated\stellarparser.java@org.apache.metron.stellar.common.generated.stellarparser.condexprcontext(arithmetic_operandscontext);False;False;0.9034152775648784;0.09658472243512224
metron-stellar\stellar-common\src\main\java\org\apache\metron\stellar\common\generated\stellarparser.java@org.apache.metron.stellar.common.generated.stellarparser.condexpr_parencontext(identifier_operandcontext);False;False;0.9034152775648784;0.09658472243512224
metron-stellar\stellar-common\src\main\java\org\apache\metron\stellar\common\generated\stellarparser.java@org.apache.metron.stellar.common.generated.stellarparser.conditionalexprcontext(transformation_exprcontext);False;False;0.9034152775648784;0.09658472243512224
metron-stellar\stellar-common\src\main\java\org\apache\metron\stellar\common\generated\stellarparser.java@org.apache.metron.stellar.common.generated.stellarparser.conditional_exprcontext(parserrulecontext,int);False;False;0.9034152775648784;0.09658472243512224
metron-stellar\stellar-common\src\main\java\org\apache\metron\stellar\common\generated\stellarparser.java@org.apache.metron.stellar.common.generated.stellarparser.default();False;False;0.9034152775648784;0.09658472243512224
metron-stellar\stellar-common\src\main\java\org\apache\metron\stellar\common\generated\stellarparser.java@org.apache.metron.stellar.common.generated.stellarparser.div();False;False;0.999;0.001
metron-stellar\stellar-common\src\main\java\org\apache\metron\stellar\common\generated\stellarparser.java@org.apache.metron.stellar.common.generated.stellarparser.double_literal();False;False;1.0;0.0
metron-stellar\stellar-common\src\main\java\org\apache\metron\stellar\common\generated\stellarparser.java@org.apache.metron.stellar.common.generated.stellarparser.defaultcontext(default_operandcontext);False;False;0.9034152775648784;0.09658472243512224
metron-stellar\stellar-common\src\main\java\org\apache\metron\stellar\common\generated\stellarparser.java@org.apache.metron.stellar.common.generated.stellarparser.default_operandcontext(parserrulecontext,int);False;False;0.9034152775648784;0.09658472243512224
metron-stellar\stellar-common\src\main\java\org\apache\metron\stellar\common\generated\stellarparser.java@org.apache.metron.stellar.common.generated.stellarparser.doubleliteralcontext(arithmetic_operandscontext);False;False;0.9034152775648784;0.09658472243512224
metron-stellar\stellar-common\src\main\java\org\apache\metron\stellar\common\generated\stellarparser.java@org.apache.metron.stellar.common.generated.stellarparser.else();False;False;0.9034152775648784;0.09658472243512224
metron-stellar\stellar-common\src\main\java\org\apache\metron\stellar\common\generated\stellarparser.java@org.apache.metron.stellar.common.generated.stellarparser.eof();False;False;1.0;0.0
metron-stellar\stellar-common\src\main\java\org\apache\metron\stellar\common\generated\stellarparser.java@org.apache.metron.stellar.common.generated.stellarparser.eq();False;False;1.0;0.0
metron-stellar\stellar-common\src\main\java\org\apache\metron\stellar\common\generated\stellarparser.java@org.apache.metron.stellar.common.generated.stellarparser.exists();False;False;1.0;0.0
metron-stellar\stellar-common\src\main\java\org\apache\metron\stellar\common\generated\stellarparser.java@org.apache.metron.stellar.common.generated.stellarparser.else_exprcontext(parserrulecontext,int);False;False;0.9034152775648784;0.09658472243512224
metron-stellar\stellar-common\src\main\java\org\apache\metron\stellar\common\generated\stellarparser.java@org.apache.metron.stellar.common.generated.stellarparser.existsfunccontext(identifier_operandcontext);False;False;0.9034152775648784;0.09658472243512224
metron-stellar\stellar-common\src\main\java\org\apache\metron\stellar\common\generated\stellarparser.java@org.apache.metron.stellar.common.generated.stellarparser.false();False;False;1.0;0.0
metron-stellar\stellar-common\src\main\java\org\apache\metron\stellar\common\generated\stellarparser.java@org.apache.metron.stellar.common.generated.stellarparser.float_literal();False;False;0.9034152775648784;0.09658472243512224
metron-stellar\stellar-common\src\main\java\org\apache\metron\stellar\common\generated\stellarparser.java@org.apache.metron.stellar.common.generated.stellarparser.floatliteralcontext(arithmetic_operandscontext);False;False;0.9034152775648784;0.09658472243512224
metron-stellar\stellar-common\src\main\java\org\apache\metron\stellar\common\generated\stellarparser.java@org.apache.metron.stellar.common.generated.stellarparser.funccontext(identifier_operandcontext);False;False;0.9034152775648784;0.09658472243512224
metron-stellar\stellar-common\src\main\java\org\apache\metron\stellar\common\generated\stellarparser.java@org.apache.metron.stellar.common.generated.stellarparser.func_argscontext(parserrulecontext,int);False;False;0.9034152775648784;0.09658472243512224
metron-stellar\stellar-common\src\main\java\org\apache\metron\stellar\common\generated\stellarparser.java@org.apache.metron.stellar.common.generated.stellarparser.functionscontext(parserrulecontext,int);False;False;0.9034152775648784;0.09658472243512224
metron-stellar\stellar-common\src\main\java\org\apache\metron\stellar\common\generated\stellarparser.java@org.apache.metron.stellar.common.generated.stellarparser.gt();False;False;0.9034152775648784;0.09658472243512224
metron-stellar\stellar-common\src\main\java\org\apache\metron\stellar\common\generated\stellarparser.java@org.apache.metron.stellar.common.generated.stellarparser.gte();False;False;0.9034152775648784;0.09658472243512224
metron-stellar\stellar-common\src\main\java\org\apache\metron\stellar\common\generated\stellarparser.java@org.apache.metron.stellar.common.generated.stellarparser.identifier();False;False;1.0;0.0
metron-stellar\stellar-common\src\main\java\org\apache\metron\stellar\common\generated\stellarparser.java@org.apache.metron.stellar.common.generated.stellarparser.if();False;False;1.0;0.0
metron-stellar\stellar-common\src\main\java\org\apache\metron\stellar\common\generated\stellarparser.java@org.apache.metron.stellar.common.generated.stellarparser.in();False;False;1.0;0.0
metron-stellar\stellar-common\src\main\java\org\apache\metron\stellar\common\generated\stellarparser.java@org.apache.metron.stellar.common.generated.stellarparser.int_literal();False;False;1.0;0.0
metron-stellar\stellar-common\src\main\java\org\apache\metron\stellar\common\generated\stellarparser.java@org.apache.metron.stellar.common.generated.stellarparser.identifier_operandcontext(parserrulecontext,int);False;False;0.9034152775648784;0.09658472243512224
metron-stellar\stellar-common\src\main\java\org\apache\metron\stellar\common\generated\stellarparser.java@org.apache.metron.stellar.common.generated.stellarparser.if_exprcontext(parserrulecontext,int);False;False;0.9034152775648784;0.09658472243512224
metron-stellar\stellar-common\src\main\java\org\apache\metron\stellar\common\generated\stellarparser.java@org.apache.metron.stellar.common.generated.stellarparser.inexpressioncontext(transformation_exprcontext);False;False;0.9034152775648784;0.09658472243512224
metron-stellar\stellar-common\src\main\java\org\apache\metron\stellar\common\generated\stellarparser.java@org.apache.metron.stellar.common.generated.stellarparser.inexpressionstatementcontext(in_exprcontext);False;False;0.9034152775648784;0.09658472243512224
metron-stellar\stellar-common\src\main\java\org\apache\metron\stellar\common\generated\stellarparser.java@org.apache.metron.stellar.common.generated.stellarparser.in_exprcontext(parserrulecontext,int);False;False;0.9034152775648784;0.09658472243512224
metron-stellar\stellar-common\src\main\java\org\apache\metron\stellar\common\generated\stellarparser.java@org.apache.metron.stellar.common.generated.stellarparser.intliteralcontext(arithmetic_operandscontext);False;False;0.9034152775648784;0.09658472243512224
metron-stellar\stellar-common\src\main\java\org\apache\metron\stellar\common\generated\stellarparser.java@org.apache.metron.stellar.common.generated.stellarparser.kv_listcontext(parserrulecontext,int);False;False;0.9034152775648784;0.09658472243512224
metron-stellar\stellar-common\src\main\java\org\apache\metron\stellar\common\generated\stellarparser.java@org.apache.metron.stellar.common.generated.stellarparser.lambda_op();False;False;0.9034152775648784;0.09658472243512224
metron-stellar\stellar-common\src\main\java\org\apache\metron\stellar\common\generated\stellarparser.java@org.apache.metron.stellar.common.generated.stellarparser.lbrace();False;False;0.9643576684937729;0.03564233150622684
metron-stellar\stellar-common\src\main\java\org\apache\metron\stellar\common\generated\stellarparser.java@org.apache.metron.stellar.common.generated.stellarparser.lbracket();False;False;1.0;0.0
metron-stellar\stellar-common\src\main\java\org\apache\metron\stellar\common\generated\stellarparser.java@org.apache.metron.stellar.common.generated.stellarparser.long_literal();False;False;1.0;0.0
metron-stellar\stellar-common\src\main\java\org\apache\metron\stellar\common\generated\stellarparser.java@org.apache.metron.stellar.common.generated.stellarparser.lparen();False;False;1.0;0.0
metron-stellar\stellar-common\src\main\java\org\apache\metron\stellar\common\generated\stellarparser.java@org.apache.metron.stellar.common.generated.stellarparser.lt();False;False;0.9034152775648784;0.09658472243512224
metron-stellar\stellar-common\src\main\java\org\apache\metron\stellar\common\generated\stellarparser.java@org.apache.metron.stellar.common.generated.stellarparser.lte();False;False;0.9034152775648784;0.09658472243512224
metron-stellar\stellar-common\src\main\java\org\apache\metron\stellar\common\generated\stellarparser.java@org.apache.metron.stellar.common.generated.stellarparser.lambdawithargsexprcontext(identifier_operandcontext);False;False;0.9034152775648784;0.09658472243512224
metron-stellar\stellar-common\src\main\java\org\apache\metron\stellar\common\generated\stellarparser.java@org.apache.metron.stellar.common.generated.stellarparser.lambdawithoutargsexprcontext(identifier_operandcontext);False;False;0.9034152775648784;0.09658472243512224
metron-stellar\stellar-common\src\main\java\org\apache\metron\stellar\common\generated\stellarparser.java@org.apache.metron.stellar.common.generated.stellarparser.lambda_variablecontext(parserrulecontext,int);False;False;0.9034152775648784;0.09658472243512224
metron-stellar\stellar-common\src\main\java\org\apache\metron\stellar\common\generated\stellarparser.java@org.apache.metron.stellar.common.generated.stellarparser.lambda_variablescontext(parserrulecontext,int);False;False;0.9034152775648784;0.09658472243512224
metron-stellar\stellar-common\src\main\java\org\apache\metron\stellar\common\generated\stellarparser.java@org.apache.metron.stellar.common.generated.stellarparser.lambda_with_argscontext(parserrulecontext,int);False;False;0.9034152775648784;0.09658472243512224
metron-stellar\stellar-common\src\main\java\org\apache\metron\stellar\common\generated\stellarparser.java@org.apache.metron.stellar.common.generated.stellarparser.lambda_without_argscontext(parserrulecontext,int);False;False;0.9034152775648784;0.09658472243512224
metron-stellar\stellar-common\src\main\java\org\apache\metron\stellar\common\generated\stellarparser.java@org.apache.metron.stellar.common.generated.stellarparser.listcontext(identifier_operandcontext);False;False;0.9034152775648784;0.09658472243512224
metron-stellar\stellar-common\src\main\java\org\apache\metron\stellar\common\generated\stellarparser.java@org.apache.metron.stellar.common.generated.stellarparser.list_entitycontext(parserrulecontext,int);False;False;0.9034152775648784;0.09658472243512224
metron-stellar\stellar-common\src\main\java\org\apache\metron\stellar\common\generated\stellarparser.java@org.apache.metron.stellar.common.generated.stellarparser.logicalconstcontext(identifier_operandcontext);False;False;0.9034152775648784;0.09658472243512224
metron-stellar\stellar-common\src\main\java\org\apache\metron\stellar\common\generated\stellarparser.java@org.apache.metron.stellar.common.generated.stellarparser.logicalexpressionandcontext(logical_exprcontext);False;False;0.9034152775648784;0.09658472243512224
metron-stellar\stellar-common\src\main\java\org\apache\metron\stellar\common\generated\stellarparser.java@org.apache.metron.stellar.common.generated.stellarparser.logicalexpressioncontext(transformation_exprcontext);False;False;0.9034152775648784;0.09658472243512224
metron-stellar\stellar-common\src\main\java\org\apache\metron\stellar\common\generated\stellarparser.java@org.apache.metron.stellar.common.generated.stellarparser.logicalexpressionorcontext(logical_exprcontext);False;False;0.9034152775648784;0.09658472243512224
metron-stellar\stellar-common\src\main\java\org\apache\metron\stellar\common\generated\stellarparser.java@org.apache.metron.stellar.common.generated.stellarparser.logical_exprcontext(parserrulecontext,int);False;False;0.9034152775648784;0.09658472243512224
metron-stellar\stellar-common\src\main\java\org\apache\metron\stellar\common\generated\stellarparser.java@org.apache.metron.stellar.common.generated.stellarparser.longliteralcontext(arithmetic_operandscontext);False;False;0.9034152775648784;0.09658472243512224
metron-stellar\stellar-common\src\main\java\org\apache\metron\stellar\common\generated\stellarparser.java@org.apache.metron.stellar.common.generated.stellarparser.match();False;False;1.0;0.0
metron-stellar\stellar-common\src\main\java\org\apache\metron\stellar\common\generated\stellarparser.java@org.apache.metron.stellar.common.generated.stellarparser.match_action();False;False;1.0;0.0
metron-stellar\stellar-common\src\main\java\org\apache\metron\stellar\common\generated\stellarparser.java@org.apache.metron.stellar.common.generated.stellarparser.minus();False;False;0.9034152775648784;0.09658472243512224
metron-stellar\stellar-common\src\main\java\org\apache\metron\stellar\common\generated\stellarparser.java@org.apache.metron.stellar.common.generated.stellarparser.mul();False;False;1.0;0.0
metron-stellar\stellar-common\src\main\java\org\apache\metron\stellar\common\generated\stellarparser.java@org.apache.metron.stellar.common.generated.stellarparser.mapconstcontext(identifier_operandcontext);False;False;0.9034152775648784;0.09658472243512224
metron-stellar\stellar-common\src\main\java\org\apache\metron\stellar\common\generated\stellarparser.java@org.apache.metron.stellar.common.generated.stellarparser.map_entitycontext(parserrulecontext,int);False;False;0.9034152775648784;0.09658472243512224
metron-stellar\stellar-common\src\main\java\org\apache\metron\stellar\common\generated\stellarparser.java@org.apache.metron.stellar.common.generated.stellarparser.matchclauseactioncontext(match_clause_actioncontext);False;False;0.9034152775648784;0.09658472243512224
metron-stellar\stellar-common\src\main\java\org\apache\metron\stellar\common\generated\stellarparser.java@org.apache.metron.stellar.common.generated.stellarparser.matchclausecheckexprcontext(match_clause_checkcontext);False;False;0.9034152775648784;0.09658472243512224
metron-stellar\stellar-common\src\main\java\org\apache\metron\stellar\common\generated\stellarparser.java@org.apache.metron.stellar.common.generated.stellarparser.matchclausescontext(match_exprcontext);False;False;0.9034152775648784;0.09658472243512224
metron-stellar\stellar-common\src\main\java\org\apache\metron\stellar\common\generated\stellarparser.java@org.apache.metron.stellar.common.generated.stellarparser.matchexprcontext(transformation_exprcontext);False;False;0.9034152775648784;0.09658472243512224
metron-stellar\stellar-common\src\main\java\org\apache\metron\stellar\common\generated\stellarparser.java@org.apache.metron.stellar.common.generated.stellarparser.match_clausecontext(parserrulecontext,int);False;False;0.9034152775648784;0.09658472243512224
metron-stellar\stellar-common\src\main\java\org\apache\metron\stellar\common\generated\stellarparser.java@org.apache.metron.stellar.common.generated.stellarparser.match_clause_actioncontext(parserrulecontext,int);False;False;0.9034152775648784;0.09658472243512224
metron-stellar\stellar-common\src\main\java\org\apache\metron\stellar\common\generated\stellarparser.java@org.apache.metron.stellar.common.generated.stellarparser.match_clause_checkcontext(parserrulecontext,int);False;False;0.9034152775648784;0.09658472243512224
metron-stellar\stellar-common\src\main\java\org\apache\metron\stellar\common\generated\stellarparser.java@org.apache.metron.stellar.common.generated.stellarparser.match_clausescontext(parserrulecontext,int);False;False;0.9034152775648784;0.09658472243512224
metron-stellar\stellar-common\src\main\java\org\apache\metron\stellar\common\generated\stellarparser.java@org.apache.metron.stellar.common.generated.stellarparser.match_exprcontext(parserrulecontext,int);False;False;0.9034152775648784;0.09658472243512224
metron-stellar\stellar-common\src\main\java\org\apache\metron\stellar\common\generated\stellarparser.java@org.apache.metron.stellar.common.generated.stellarparser.nan();False;False;1.0;0.0
metron-stellar\stellar-common\src\main\java\org\apache\metron\stellar\common\generated\stellarparser.java@org.apache.metron.stellar.common.generated.stellarparser.neq();False;False;0.9034152775648784;0.09658472243512224
metron-stellar\stellar-common\src\main\java\org\apache\metron\stellar\common\generated\stellarparser.java@org.apache.metron.stellar.common.generated.stellarparser.nin();False;False;1.0;0.0
metron-stellar\stellar-common\src\main\java\org\apache\metron\stellar\common\generated\stellarparser.java@org.apache.metron.stellar.common.generated.stellarparser.ninexpressionstatementcontext(in_exprcontext);False;False;0.9034152775648784;0.09658472243512224
metron-stellar\stellar-common\src\main\java\org\apache\metron\stellar\common\generated\stellarparser.java@org.apache.metron.stellar.common.generated.stellarparser.not();False;False;1.0;0.0
metron-stellar\stellar-common\src\main\java\org\apache\metron\stellar\common\generated\stellarparser.java@org.apache.metron.stellar.common.generated.stellarparser.null();False;False;0.9034152775648784;0.09658472243512224
metron-stellar\stellar-common\src\main\java\org\apache\metron\stellar\common\generated\stellarparser.java@org.apache.metron.stellar.common.generated.stellarparser.nanarithcontext(arithmetic_operandscontext);False;False;0.9034152775648784;0.09658472243512224
metron-stellar\stellar-common\src\main\java\org\apache\metron\stellar\common\generated\stellarparser.java@org.apache.metron.stellar.common.generated.stellarparser.notfunccontext(comparison_exprcontext);False;False;0.9034152775648784;0.09658472243512224
metron-stellar\stellar-common\src\main\java\org\apache\metron\stellar\common\generated\stellarparser.java@org.apache.metron.stellar.common.generated.stellarparser.nullconstcontext(identifier_operandcontext);False;False;0.9034152775648784;0.09658472243512224
metron-stellar\stellar-common\src\main\java\org\apache\metron\stellar\common\generated\stellarparser.java@org.apache.metron.stellar.common.generated.stellarparser.numericfunctionscontext(arithmetic_operandscontext);False;False;0.9034152775648784;0.09658472243512224
metron-stellar\stellar-common\src\main\java\org\apache\metron\stellar\common\generated\stellarparser.java@org.apache.metron.stellar.common.generated.stellarparser.or();False;False;0.9034152775648784;0.09658472243512224
metron-stellar\stellar-common\src\main\java\org\apache\metron\stellar\common\generated\stellarparser.java@org.apache.metron.stellar.common.generated.stellarparser.op_listcontext(parserrulecontext,int);False;False;0.9034152775648784;0.09658472243512224
metron-stellar\stellar-common\src\main\java\org\apache\metron\stellar\common\generated\stellarparser.java@org.apache.metron.stellar.common.generated.stellarparser.operandcontext(comparison_exprcontext);False;False;0.9034152775648784;0.09658472243512224
metron-stellar\stellar-common\src\main\java\org\apache\metron\stellar\common\generated\stellarparser.java@org.apache.metron.stellar.common.generated.stellarparser.plus();False;False;0.9034152775648784;0.09658472243512224
metron-stellar\stellar-common\src\main\java\org\apache\metron\stellar\common\generated\stellarparser.java@org.apache.metron.stellar.common.generated.stellarparser.parenarithcontext(arithmetic_operandscontext);False;False;0.9034152775648784;0.09658472243512224
metron-stellar\stellar-common\src\main\java\org\apache\metron\stellar\common\generated\stellarparser.java@org.apache.metron.stellar.common.generated.stellarparser.question();False;False;0.9034152775648784;0.09658472243512224
metron-stellar\stellar-common\src\main\java\org\apache\metron\stellar\common\generated\stellarparser.java@org.apache.metron.stellar.common.generated.stellarparser.rbrace();False;False;1.0;0.0
metron-stellar\stellar-common\src\main\java\org\apache\metron\stellar\common\generated\stellarparser.java@org.apache.metron.stellar.common.generated.stellarparser.rbracket();False;False;0.9034152775648784;0.09658472243512224
metron-stellar\stellar-common\src\main\java\org\apache\metron\stellar\common\generated\stellarparser.java@org.apache.metron.stellar.common.generated.stellarparser.rparen();False;False;1.0;0.0
metron-stellar\stellar-common\src\main\java\org\apache\metron\stellar\common\generated\stellarparser.java@org.apache.metron.stellar.common.generated.stellarparser.string_literal();False;False;0.9974082912255214;0.002591708774478542
metron-stellar\stellar-common\src\main\java\org\apache\metron\stellar\common\generated\stellarparser.java@org.apache.metron.stellar.common.generated.stellarparser.single_lambda_variablecontext(parserrulecontext,int);False;False;0.9034152775648784;0.09658472243512224
metron-stellar\stellar-common\src\main\java\org\apache\metron\stellar\common\generated\stellarparser.java@org.apache.metron.stellar.common.generated.stellarparser.stellarparser(tokenstream);False;False;0.9034152775648784;0.09658472243512224
metron-stellar\stellar-common\src\main\java\org\apache\metron\stellar\common\generated\stellarparser.java@org.apache.metron.stellar.common.generated.stellarparser.stringliteralcontext(identifier_operandcontext);False;False;0.9034152775648784;0.09658472243512224
metron-stellar\stellar-common\src\main\java\org\apache\metron\stellar\common\generated\stellarparser.java@org.apache.metron.stellar.common.generated.stellarparser.then();False;False;0.9034152775648784;0.09658472243512224
metron-stellar\stellar-common\src\main\java\org\apache\metron\stellar\common\generated\stellarparser.java@org.apache.metron.stellar.common.generated.stellarparser.true();False;False;0.9034152775648784;0.09658472243512224
metron-stellar\stellar-common\src\main\java\org\apache\metron\stellar\common\generated\stellarparser.java@org.apache.metron.stellar.common.generated.stellarparser.ternaryfuncwithifcontext(conditional_exprcontext);False;False;0.9034152775648784;0.09658472243512224
metron-stellar\stellar-common\src\main\java\org\apache\metron\stellar\common\generated\stellarparser.java@org.apache.metron.stellar.common.generated.stellarparser.ternaryfuncwithoutifcontext(conditional_exprcontext);False;False;0.9034152775648784;0.09658472243512224
metron-stellar\stellar-common\src\main\java\org\apache\metron\stellar\common\generated\stellarparser.java@org.apache.metron.stellar.common.generated.stellarparser.then_exprcontext(parserrulecontext,int);False;False;0.9034152775648784;0.09658472243512224
metron-stellar\stellar-common\src\main\java\org\apache\metron\stellar\common\generated\stellarparser.java@org.apache.metron.stellar.common.generated.stellarparser.transformationcontext(parserrulecontext,int);False;False;0.9034152775648784;0.09658472243512224
metron-stellar\stellar-common\src\main\java\org\apache\metron\stellar\common\generated\stellarparser.java@org.apache.metron.stellar.common.generated.stellarparser.transformationentitycontext(transformation_exprcontext);False;False;0.9034152775648784;0.09658472243512224
metron-stellar\stellar-common\src\main\java\org\apache\metron\stellar\common\generated\stellarparser.java@org.apache.metron.stellar.common.generated.stellarparser.transformationexprcontext(transformation_exprcontext);False;False;0.9034152775648784;0.09658472243512224
metron-stellar\stellar-common\src\main\java\org\apache\metron\stellar\common\generated\stellarparser.java@org.apache.metron.stellar.common.generated.stellarparser.transformationfunccontext(functionscontext);False;False;0.9034152775648784;0.09658472243512224
metron-stellar\stellar-common\src\main\java\org\apache\metron\stellar\common\generated\stellarparser.java@org.apache.metron.stellar.common.generated.stellarparser.transformation_entitycontext(parserrulecontext,int);False;False;0.9034152775648784;0.09658472243512224
metron-stellar\stellar-common\src\main\java\org\apache\metron\stellar\common\generated\stellarparser.java@org.apache.metron.stellar.common.generated.stellarparser.transformation_exprcontext(parserrulecontext,int);False;False;0.9034152775648784;0.09658472243512224
metron-stellar\stellar-common\src\main\java\org\apache\metron\stellar\common\generated\stellarparser.java@org.apache.metron.stellar.common.generated.stellarparser.variablecontext(arithmetic_operandscontext);False;False;0.9034152775648784;0.09658472243512224
metron-stellar\stellar-common\src\main\java\org\apache\metron\stellar\common\generated\stellarparser.java@org.apache.metron.stellar.common.generated.stellarparser.arithmetic_expr();False;False;0.998;0.002
metron-stellar\stellar-common\src\main\java\org\apache\metron\stellar\common\generated\stellarparser.java@org.apache.metron.stellar.common.generated.stellarparser.arithmetic_expr(int);False;False;0.9034152775648784;0.09658472243512224
metron-stellar\stellar-common\src\main\java\org\apache\metron\stellar\common\generated\stellarparser.java@org.apache.metron.stellar.common.generated.stellarparser.arithmetic_expr_mul();False;False;0.998;0.002
metron-stellar\stellar-common\src\main\java\org\apache\metron\stellar\common\generated\stellarparser.java@org.apache.metron.stellar.common.generated.stellarparser.arithmetic_expr_mul(int);False;False;1.0;0.0
metron-stellar\stellar-common\src\main\java\org\apache\metron\stellar\common\generated\stellarparser.java@org.apache.metron.stellar.common.generated.stellarparser.arithmetic_expr_mul_sempred(arithmetic_expr_mulcontext,int);False;False;0.9034152775648784;0.09658472243512224
metron-stellar\stellar-common\src\main\java\org\apache\metron\stellar\common\generated\stellarparser.java@org.apache.metron.stellar.common.generated.stellarparser.arithmetic_expr_sempred(arithmetic_exprcontext,int);False;False;0.9034152775648784;0.09658472243512224
metron-stellar\stellar-common\src\main\java\org\apache\metron\stellar\common\generated\stellarparser.java@org.apache.metron.stellar.common.generated.stellarparser.arithmetic_operands();False;False;0.9034152775648784;0.09658472243512224
metron-stellar\stellar-common\src\main\java\org\apache\metron\stellar\common\generated\stellarparser.java@org.apache.metron.stellar.common.generated.stellarparser.b_expr();False;False;1.0;0.0
metron-stellar\stellar-common\src\main\java\org\apache\metron\stellar\common\generated\stellarparser.java@org.apache.metron.stellar.common.generated.stellarparser.comp_operator();False;False;1.0;0.0
metron-stellar\stellar-common\src\main\java\org\apache\metron\stellar\common\generated\stellarparser.java@org.apache.metron.stellar.common.generated.stellarparser.comparison_expr();False;False;1.0;0.0
metron-stellar\stellar-common\src\main\java\org\apache\metron\stellar\common\generated\stellarparser.java@org.apache.metron.stellar.common.generated.stellarparser.comparison_expr(int);False;False;0.9034152775648784;0.09658472243512224
metron-stellar\stellar-common\src\main\java\org\apache\metron\stellar\common\generated\stellarparser.java@org.apache.metron.stellar.common.generated.stellarparser.comparison_expr_sempred(comparison_exprcontext,int);False;False;0.9034152775648784;0.09658472243512224
metron-stellar\stellar-common\src\main\java\org\apache\metron\stellar\common\generated\stellarparser.java@org.apache.metron.stellar.common.generated.stellarparser.conditional_expr();False;False;1.0;0.0
metron-stellar\stellar-common\src\main\java\org\apache\metron\stellar\common\generated\stellarparser.java@org.apache.metron.stellar.common.generated.stellarparser.copyfrom(arithmetic_exprcontext);False;False;0.9034152775648784;0.09658472243512224
metron-stellar\stellar-common\src\main\java\org\apache\metron\stellar\common\generated\stellarparser.java@org.apache.metron.stellar.common.generated.stellarparser.copyfrom(arithmetic_expr_mulcontext);False;False;0.9034152775648784;0.09658472243512224
metron-stellar\stellar-common\src\main\java\org\apache\metron\stellar\common\generated\stellarparser.java@org.apache.metron.stellar.common.generated.stellarparser.copyfrom(arithmetic_operandscontext);False;False;1.0;0.0
metron-stellar\stellar-common\src\main\java\org\apache\metron\stellar\common\generated\stellarparser.java@org.apache.metron.stellar.common.generated.stellarparser.copyfrom(comp_operatorcontext);False;False;1.0;0.0
metron-stellar\stellar-common\src\main\java\org\apache\metron\stellar\common\generated\stellarparser.java@org.apache.metron.stellar.common.generated.stellarparser.copyfrom(comparison_exprcontext);False;False;1.0;0.0
metron-stellar\stellar-common\src\main\java\org\apache\metron\stellar\common\generated\stellarparser.java@org.apache.metron.stellar.common.generated.stellarparser.copyfrom(conditional_exprcontext);False;False;1.0;0.0
metron-stellar\stellar-common\src\main\java\org\apache\metron\stellar\common\generated\stellarparser.java@org.apache.metron.stellar.common.generated.stellarparser.copyfrom(default_operandcontext);False;False;1.0;0.0
metron-stellar\stellar-common\src\main\java\org\apache\metron\stellar\common\generated\stellarparser.java@org.apache.metron.stellar.common.generated.stellarparser.copyfrom(functionscontext);False;False;1.0;0.0
metron-stellar\stellar-common\src\main\java\org\apache\metron\stellar\common\generated\stellarparser.java@org.apache.metron.stellar.common.generated.stellarparser.copyfrom(identifier_operandcontext);False;False;0.9034152775648784;0.09658472243512224
metron-stellar\stellar-common\src\main\java\org\apache\metron\stellar\common\generated\stellarparser.java@org.apache.metron.stellar.common.generated.stellarparser.copyfrom(in_exprcontext);False;False;1.0;0.0
metron-stellar\stellar-common\src\main\java\org\apache\metron\stellar\common\generated\stellarparser.java@org.apache.metron.stellar.common.generated.stellarparser.copyfrom(logical_exprcontext);False;False;1.0;0.0
metron-stellar\stellar-common\src\main\java\org\apache\metron\stellar\common\generated\stellarparser.java@org.apache.metron.stellar.common.generated.stellarparser.copyfrom(match_clause_actioncontext);False;False;0.9034152775648784;0.09658472243512224
metron-stellar\stellar-common\src\main\java\org\apache\metron\stellar\common\generated\stellarparser.java@org.apache.metron.stellar.common.generated.stellarparser.copyfrom(match_clause_checkcontext);False;False;0.9034152775648784;0.09658472243512224
metron-stellar\stellar-common\src\main\java\org\apache\metron\stellar\common\generated\stellarparser.java@org.apache.metron.stellar.common.generated.stellarparser.copyfrom(match_exprcontext);False;False;1.0;0.0
metron-stellar\stellar-common\src\main\java\org\apache\metron\stellar\common\generated\stellarparser.java@org.apache.metron.stellar.common.generated.stellarparser.copyfrom(transformation_exprcontext);False;False;1.0;0.0
metron-stellar\stellar-common\src\main\java\org\apache\metron\stellar\common\generated\stellarparser.java@org.apache.metron.stellar.common.generated.stellarparser.default_operand();False;False;0.9034152775648784;0.09658472243512224
metron-stellar\stellar-common\src\main\java\org\apache\metron\stellar\common\generated\stellarparser.java@org.apache.metron.stellar.common.generated.stellarparser.else_expr();False;False;1.0;0.0
metron-stellar\stellar-common\src\main\java\org\apache\metron\stellar\common\generated\stellarparser.java@org.apache.metron.stellar.common.generated.stellarparser.enterrule(parsetreelistener);False;False;1.0;0.0
metron-stellar\stellar-common\src\main\java\org\apache\metron\stellar\common\generated\stellarparser.java@org.apache.metron.stellar.common.generated.stellarparser.exitrule(parsetreelistener);False;False;1.0;0.0
metron-stellar\stellar-common\src\main\java\org\apache\metron\stellar\common\generated\stellarparser.java@org.apache.metron.stellar.common.generated.stellarparser.func_args();False;False;1.0;0.0
metron-stellar\stellar-common\src\main\java\org\apache\metron\stellar\common\generated\stellarparser.java@org.apache.metron.stellar.common.generated.stellarparser.functions();False;False;1.0;0.0
metron-stellar\stellar-common\src\main\java\org\apache\metron\stellar\common\generated\stellarparser.java@org.apache.metron.stellar.common.generated.stellarparser.getatn();False;False;0.9948333333333332;0.005166666666666666
metron-stellar\stellar-common\src\main\java\org\apache\metron\stellar\common\generated\stellarparser.java@org.apache.metron.stellar.common.generated.stellarparser.getgrammarfilename();False;False;1.0;0.0
metron-stellar\stellar-common\src\main\java\org\apache\metron\stellar\common\generated\stellarparser.java@org.apache.metron.stellar.common.generated.stellarparser.getruleindex();False;False;1.0;0.0
metron-stellar\stellar-common\src\main\java\org\apache\metron\stellar\common\generated\stellarparser.java@org.apache.metron.stellar.common.generated.stellarparser.getrulenames();False;False;1.0;0.0
metron-stellar\stellar-common\src\main\java\org\apache\metron\stellar\common\generated\stellarparser.java@org.apache.metron.stellar.common.generated.stellarparser.getserializedatn();False;False;0.9994981060606061;0.0005018939393939394
metron-stellar\stellar-common\src\main\java\org\apache\metron\stellar\common\generated\stellarparser.java@org.apache.metron.stellar.common.generated.stellarparser.gettokennames();False;False;0.979;0.021
metron-stellar\stellar-common\src\main\java\org\apache\metron\stellar\common\generated\stellarparser.java@org.apache.metron.stellar.common.generated.stellarparser.getvocabulary();False;False;1.0;0.0
metron-stellar\stellar-common\src\main\java\org\apache\metron\stellar\common\generated\stellarparser.java@org.apache.metron.stellar.common.generated.stellarparser.identifier_operand();False;False;0.989;0.011
metron-stellar\stellar-common\src\main\java\org\apache\metron\stellar\common\generated\stellarparser.java@org.apache.metron.stellar.common.generated.stellarparser.if_expr();False;False;1.0;0.0
metron-stellar\stellar-common\src\main\java\org\apache\metron\stellar\common\generated\stellarparser.java@org.apache.metron.stellar.common.generated.stellarparser.in_expr();False;False;1.0;0.0
metron-stellar\stellar-common\src\main\java\org\apache\metron\stellar\common\generated\stellarparser.java@org.apache.metron.stellar.common.generated.stellarparser.kv_list();False;False;1.0;0.0
metron-stellar\stellar-common\src\main\java\org\apache\metron\stellar\common\generated\stellarparser.java@org.apache.metron.stellar.common.generated.stellarparser.kv_list(int);False;False;0.9034152775648784;0.09658472243512224
metron-stellar\stellar-common\src\main\java\org\apache\metron\stellar\common\generated\stellarparser.java@org.apache.metron.stellar.common.generated.stellarparser.kv_list_sempred(kv_listcontext,int);False;False;0.9034152775648784;0.09658472243512224
metron-stellar\stellar-common\src\main\java\org\apache\metron\stellar\common\generated\stellarparser.java@org.apache.metron.stellar.common.generated.stellarparser.lambda_variable();False;False;0.9034152775648784;0.09658472243512224
metron-stellar\stellar-common\src\main\java\org\apache\metron\stellar\common\generated\stellarparser.java@org.apache.metron.stellar.common.generated.stellarparser.lambda_variable(int);False;False;1.0;0.0
metron-stellar\stellar-common\src\main\java\org\apache\metron\stellar\common\generated\stellarparser.java@org.apache.metron.stellar.common.generated.stellarparser.lambda_variables();False;False;1.0;0.0
metron-stellar\stellar-common\src\main\java\org\apache\metron\stellar\common\generated\stellarparser.java@org.apache.metron.stellar.common.generated.stellarparser.lambda_with_args();False;False;0.9974082912255214;0.002591708774478542
metron-stellar\stellar-common\src\main\java\org\apache\metron\stellar\common\generated\stellarparser.java@org.apache.metron.stellar.common.generated.stellarparser.lambda_without_args();False;False;0.9034152775648784;0.09658472243512224
metron-stellar\stellar-common\src\main\java\org\apache\metron\stellar\common\generated\stellarparser.java@org.apache.metron.stellar.common.generated.stellarparser.list_entity();False;False;0.9034152775648784;0.09658472243512224
metron-stellar\stellar-common\src\main\java\org\apache\metron\stellar\common\generated\stellarparser.java@org.apache.metron.stellar.common.generated.stellarparser.logical_expr();False;False;1.0;0.0
metron-stellar\stellar-common\src\main\java\org\apache\metron\stellar\common\generated\stellarparser.java@org.apache.metron.stellar.common.generated.stellarparser.map_entity();False;False;1.0;0.0
metron-stellar\stellar-common\src\main\java\org\apache\metron\stellar\common\generated\stellarparser.java@org.apache.metron.stellar.common.generated.stellarparser.match_clause();False;False;0.9034152775648784;0.09658472243512224
metron-stellar\stellar-common\src\main\java\org\apache\metron\stellar\common\generated\stellarparser.java@org.apache.metron.stellar.common.generated.stellarparser.match_clause(int);False;False;0.9034152775648784;0.09658472243512224
metron-stellar\stellar-common\src\main\java\org\apache\metron\stellar\common\generated\stellarparser.java@org.apache.metron.stellar.common.generated.stellarparser.match_clause_action();False;False;1.0;0.0
metron-stellar\stellar-common\src\main\java\org\apache\metron\stellar\common\generated\stellarparser.java@org.apache.metron.stellar.common.generated.stellarparser.match_clause_check();False;False;1.0;0.0
metron-stellar\stellar-common\src\main\java\org\apache\metron\stellar\common\generated\stellarparser.java@org.apache.metron.stellar.common.generated.stellarparser.match_clauses();False;False;1.0;0.0
metron-stellar\stellar-common\src\main\java\org\apache\metron\stellar\common\generated\stellarparser.java@org.apache.metron.stellar.common.generated.stellarparser.match_expr();False;False;0.9034152775648784;0.09658472243512224
metron-stellar\stellar-common\src\main\java\org\apache\metron\stellar\common\generated\stellarparser.java@org.apache.metron.stellar.common.generated.stellarparser.op_list();False;False;1.0;0.0
metron-stellar\stellar-common\src\main\java\org\apache\metron\stellar\common\generated\stellarparser.java@org.apache.metron.stellar.common.generated.stellarparser.op_list(int);False;False;0.9034152775648784;0.09658472243512224
metron-stellar\stellar-common\src\main\java\org\apache\metron\stellar\common\generated\stellarparser.java@org.apache.metron.stellar.common.generated.stellarparser.op_list_sempred(op_listcontext,int);False;False;0.9034152775648784;0.09658472243512224
metron-stellar\stellar-common\src\main\java\org\apache\metron\stellar\common\generated\stellarparser.java@org.apache.metron.stellar.common.generated.stellarparser.sempred(rulecontext,int,int);False;False;0.9034152775648784;0.09658472243512224
metron-stellar\stellar-common\src\main\java\org\apache\metron\stellar\common\generated\stellarparser.java@org.apache.metron.stellar.common.generated.stellarparser.single_lambda_variable();False;False;0.966;0.034
metron-stellar\stellar-common\src\main\java\org\apache\metron\stellar\common\generated\stellarparser.java@org.apache.metron.stellar.common.generated.stellarparser.then_expr();False;False;1.0;0.0
metron-stellar\stellar-common\src\main\java\org\apache\metron\stellar\common\generated\stellarparser.java@org.apache.metron.stellar.common.generated.stellarparser.transformation();False;False;0.9034152775648784;0.09658472243512224
metron-stellar\stellar-common\src\main\java\org\apache\metron\stellar\common\generated\stellarparser.java@org.apache.metron.stellar.common.generated.stellarparser.transformation_entity();False;False;1.0;0.0
metron-stellar\stellar-common\src\main\java\org\apache\metron\stellar\common\generated\stellarparser.java@org.apache.metron.stellar.common.generated.stellarparser.transformation_expr();False;False;1.0;0.0
metron-stellar\stellar-common\src\main\java\org\apache\metron\stellar\common\generated\stellarparser.java@org.apache.metron.stellar.common.generated.stringliteralcontext.string_literal();False;False;1.0;0.0
metron-stellar\stellar-common\src\main\java\org\apache\metron\stellar\common\generated\stellarparser.java@org.apache.metron.stellar.common.generated.stringliteralcontext.stringliteralcontext(identifier_operandcontext);False;False;0.9034152775648784;0.09658472243512224
metron-stellar\stellar-common\src\main\java\org\apache\metron\stellar\common\generated\stellarparser.java@org.apache.metron.stellar.common.generated.stringliteralcontext.enterrule(parsetreelistener);False;False;0.9034152775648784;0.09658472243512224
metron-stellar\stellar-common\src\main\java\org\apache\metron\stellar\common\generated\stellarparser.java@org.apache.metron.stellar.common.generated.stringliteralcontext.exitrule(parsetreelistener);False;False;1.0;0.0
metron-stellar\stellar-common\src\main\java\org\apache\metron\stellar\common\generated\stellarparser.java@org.apache.metron.stellar.common.generated.ternaryfuncwithifcontext.else();False;False;1.0;0.0
metron-stellar\stellar-common\src\main\java\org\apache\metron\stellar\common\generated\stellarparser.java@org.apache.metron.stellar.common.generated.ternaryfuncwithifcontext.if();False;False;0.999;0.001
metron-stellar\stellar-common\src\main\java\org\apache\metron\stellar\common\generated\stellarparser.java@org.apache.metron.stellar.common.generated.ternaryfuncwithifcontext.then();False;False;1.0;0.0
metron-stellar\stellar-common\src\main\java\org\apache\metron\stellar\common\generated\stellarparser.java@org.apache.metron.stellar.common.generated.ternaryfuncwithifcontext.ternaryfuncwithifcontext(conditional_exprcontext);False;False;0.9034152775648784;0.09658472243512224
metron-stellar\stellar-common\src\main\java\org\apache\metron\stellar\common\generated\stellarparser.java@org.apache.metron.stellar.common.generated.ternaryfuncwithifcontext.else_expr();False;False;1.0;0.0
metron-stellar\stellar-common\src\main\java\org\apache\metron\stellar\common\generated\stellarparser.java@org.apache.metron.stellar.common.generated.ternaryfuncwithifcontext.enterrule(parsetreelistener);False;False;1.0;0.0
metron-stellar\stellar-common\src\main\java\org\apache\metron\stellar\common\generated\stellarparser.java@org.apache.metron.stellar.common.generated.ternaryfuncwithifcontext.exitrule(parsetreelistener);False;False;1.0;0.0
metron-stellar\stellar-common\src\main\java\org\apache\metron\stellar\common\generated\stellarparser.java@org.apache.metron.stellar.common.generated.ternaryfuncwithifcontext.if_expr();False;False;1.0;0.0
metron-stellar\stellar-common\src\main\java\org\apache\metron\stellar\common\generated\stellarparser.java@org.apache.metron.stellar.common.generated.ternaryfuncwithifcontext.then_expr();False;False;1.0;0.0
metron-stellar\stellar-common\src\main\java\org\apache\metron\stellar\common\generated\stellarparser.java@org.apache.metron.stellar.common.generated.ternaryfuncwithoutifcontext.colon();False;False;1.0;0.0
metron-stellar\stellar-common\src\main\java\org\apache\metron\stellar\common\generated\stellarparser.java@org.apache.metron.stellar.common.generated.ternaryfuncwithoutifcontext.question();False;False;1.0;0.0
metron-stellar\stellar-common\src\main\java\org\apache\metron\stellar\common\generated\stellarparser.java@org.apache.metron.stellar.common.generated.ternaryfuncwithoutifcontext.ternaryfuncwithoutifcontext(conditional_exprcontext);False;False;0.9034152775648784;0.09658472243512224
metron-stellar\stellar-common\src\main\java\org\apache\metron\stellar\common\generated\stellarparser.java@org.apache.metron.stellar.common.generated.ternaryfuncwithoutifcontext.else_expr();False;False;0.9851351218008023;0.014864878199197096
metron-stellar\stellar-common\src\main\java\org\apache\metron\stellar\common\generated\stellarparser.java@org.apache.metron.stellar.common.generated.ternaryfuncwithoutifcontext.enterrule(parsetreelistener);False;False;1.0;0.0
metron-stellar\stellar-common\src\main\java\org\apache\metron\stellar\common\generated\stellarparser.java@org.apache.metron.stellar.common.generated.ternaryfuncwithoutifcontext.exitrule(parsetreelistener);False;False;1.0;0.0
metron-stellar\stellar-common\src\main\java\org\apache\metron\stellar\common\generated\stellarparser.java@org.apache.metron.stellar.common.generated.ternaryfuncwithoutifcontext.if_expr();False;False;1.0;0.0
metron-stellar\stellar-common\src\main\java\org\apache\metron\stellar\common\generated\stellarparser.java@org.apache.metron.stellar.common.generated.ternaryfuncwithoutifcontext.then_expr();False;False;1.0;0.0
metron-stellar\stellar-common\src\main\java\org\apache\metron\stellar\common\generated\stellarparser.java@org.apache.metron.stellar.common.generated.then_exprcontext.then_exprcontext(parserrulecontext,int);False;False;0.9034152775648784;0.09658472243512224
metron-stellar\stellar-common\src\main\java\org\apache\metron\stellar\common\generated\stellarparser.java@org.apache.metron.stellar.common.generated.then_exprcontext.enterrule(parsetreelistener);False;False;1.0;0.0
metron-stellar\stellar-common\src\main\java\org\apache\metron\stellar\common\generated\stellarparser.java@org.apache.metron.stellar.common.generated.then_exprcontext.exitrule(parsetreelistener);False;False;0.9034152775648784;0.09658472243512224
metron-stellar\stellar-common\src\main\java\org\apache\metron\stellar\common\generated\stellarparser.java@org.apache.metron.stellar.common.generated.then_exprcontext.getruleindex();False;False;0.999;0.001
metron-stellar\stellar-common\src\main\java\org\apache\metron\stellar\common\generated\stellarparser.java@org.apache.metron.stellar.common.generated.then_exprcontext.transformation_expr();False;False;1.0;0.0
metron-stellar\stellar-common\src\main\java\org\apache\metron\stellar\common\generated\stellarparser.java@org.apache.metron.stellar.common.generated.transformationcontext.eof();False;False;0.9851351218008023;0.014864878199197096
metron-stellar\stellar-common\src\main\java\org\apache\metron\stellar\common\generated\stellarparser.java@org.apache.metron.stellar.common.generated.transformationcontext.transformationcontext(parserrulecontext,int);False;False;0.9034152775648784;0.09658472243512224
metron-stellar\stellar-common\src\main\java\org\apache\metron\stellar\common\generated\stellarparser.java@org.apache.metron.stellar.common.generated.transformationcontext.enterrule(parsetreelistener);False;False;1.0;0.0
metron-stellar\stellar-common\src\main\java\org\apache\metron\stellar\common\generated\stellarparser.java@org.apache.metron.stellar.common.generated.transformationcontext.exitrule(parsetreelistener);False;False;1.0;0.0
metron-stellar\stellar-common\src\main\java\org\apache\metron\stellar\common\generated\stellarparser.java@org.apache.metron.stellar.common.generated.transformationcontext.getruleindex();False;False;0.9851351218008023;0.014864878199197096
metron-stellar\stellar-common\src\main\java\org\apache\metron\stellar\common\generated\stellarparser.java@org.apache.metron.stellar.common.generated.transformationcontext.transformation_expr();False;False;1.0;0.0
metron-stellar\stellar-common\src\main\java\org\apache\metron\stellar\common\generated\stellarparser.java@org.apache.metron.stellar.common.generated.transformationentitycontext.transformationentitycontext(transformation_exprcontext);False;False;0.9034152775648784;0.09658472243512224
metron-stellar\stellar-common\src\main\java\org\apache\metron\stellar\common\generated\stellarparser.java@org.apache.metron.stellar.common.generated.transformationentitycontext.enterrule(parsetreelistener);False;False;1.0;0.0
metron-stellar\stellar-common\src\main\java\org\apache\metron\stellar\common\generated\stellarparser.java@org.apache.metron.stellar.common.generated.transformationentitycontext.exitrule(parsetreelistener);False;False;0.9034152775648784;0.09658472243512224
metron-stellar\stellar-common\src\main\java\org\apache\metron\stellar\common\generated\stellarparser.java@org.apache.metron.stellar.common.generated.transformationentitycontext.transformation_entity();False;False;1.0;0.0
metron-stellar\stellar-common\src\main\java\org\apache\metron\stellar\common\generated\stellarparser.java@org.apache.metron.stellar.common.generated.transformationexprcontext.lparen();False;False;1.0;0.0
metron-stellar\stellar-common\src\main\java\org\apache\metron\stellar\common\generated\stellarparser.java@org.apache.metron.stellar.common.generated.transformationexprcontext.rparen();False;False;0.9851351218008023;0.014864878199197096
metron-stellar\stellar-common\src\main\java\org\apache\metron\stellar\common\generated\stellarparser.java@org.apache.metron.stellar.common.generated.transformationexprcontext.transformationexprcontext(transformation_exprcontext);False;False;0.9034152775648784;0.09658472243512224
metron-stellar\stellar-common\src\main\java\org\apache\metron\stellar\common\generated\stellarparser.java@org.apache.metron.stellar.common.generated.transformationexprcontext.enterrule(parsetreelistener);False;False;0.9034152775648784;0.09658472243512224
metron-stellar\stellar-common\src\main\java\org\apache\metron\stellar\common\generated\stellarparser.java@org.apache.metron.stellar.common.generated.transformationexprcontext.exitrule(parsetreelistener);False;False;1.0;0.0
metron-stellar\stellar-common\src\main\java\org\apache\metron\stellar\common\generated\stellarparser.java@org.apache.metron.stellar.common.generated.transformationexprcontext.transformation_expr();False;False;1.0;0.0
metron-stellar\stellar-common\src\main\java\org\apache\metron\stellar\common\generated\stellarparser.java@org.apache.metron.stellar.common.generated.transformationfunccontext.identifier();False;False;1.0;0.0
metron-stellar\stellar-common\src\main\java\org\apache\metron\stellar\common\generated\stellarparser.java@org.apache.metron.stellar.common.generated.transformationfunccontext.transformationfunccontext(functionscontext);False;False;0.9034152775648784;0.09658472243512224
metron-stellar\stellar-common\src\main\java\org\apache\metron\stellar\common\generated\stellarparser.java@org.apache.metron.stellar.common.generated.transformationfunccontext.enterrule(parsetreelistener);False;False;1.0;0.0
metron-stellar\stellar-common\src\main\java\org\apache\metron\stellar\common\generated\stellarparser.java@org.apache.metron.stellar.common.generated.transformationfunccontext.exitrule(parsetreelistener);False;False;1.0;0.0
metron-stellar\stellar-common\src\main\java\org\apache\metron\stellar\common\generated\stellarparser.java@org.apache.metron.stellar.common.generated.transformationfunccontext.func_args();False;False;1.0;0.0
metron-stellar\stellar-common\src\main\java\org\apache\metron\stellar\common\generated\stellarparser.java@org.apache.metron.stellar.common.generated.transformation_entitycontext.transformation_entitycontext(parserrulecontext,int);False;False;0.9034152775648784;0.09658472243512224
metron-stellar\stellar-common\src\main\java\org\apache\metron\stellar\common\generated\stellarparser.java@org.apache.metron.stellar.common.generated.transformation_entitycontext.enterrule(parsetreelistener);False;False;1.0;0.0
metron-stellar\stellar-common\src\main\java\org\apache\metron\stellar\common\generated\stellarparser.java@org.apache.metron.stellar.common.generated.transformation_entitycontext.exitrule(parsetreelistener);False;False;1.0;0.0
metron-stellar\stellar-common\src\main\java\org\apache\metron\stellar\common\generated\stellarparser.java@org.apache.metron.stellar.common.generated.transformation_entitycontext.getruleindex();False;False;1.0;0.0
metron-stellar\stellar-common\src\main\java\org\apache\metron\stellar\common\generated\stellarparser.java@org.apache.metron.stellar.common.generated.transformation_entitycontext.identifier_operand();False;False;1.0;0.0
metron-stellar\stellar-common\src\main\java\org\apache\metron\stellar\common\generated\stellarparser.java@org.apache.metron.stellar.common.generated.transformation_exprcontext.transformation_exprcontext(parserrulecontext,int);False;False;0.9034152775648784;0.09658472243512224
metron-stellar\stellar-common\src\main\java\org\apache\metron\stellar\common\generated\stellarparser.java@org.apache.metron.stellar.common.generated.transformation_exprcontext.copyfrom(transformation_exprcontext);False;False;1.0;0.0
metron-stellar\stellar-common\src\main\java\org\apache\metron\stellar\common\generated\stellarparser.java@org.apache.metron.stellar.common.generated.transformation_exprcontext.getruleindex();False;False;1.0;0.0
metron-stellar\stellar-common\src\main\java\org\apache\metron\stellar\common\generated\stellarparser.java@org.apache.metron.stellar.common.generated.variablecontext.identifier();False;False;1.0;0.0
metron-stellar\stellar-common\src\main\java\org\apache\metron\stellar\common\generated\stellarparser.java@org.apache.metron.stellar.common.generated.variablecontext.variablecontext(arithmetic_operandscontext);False;False;0.9034152775648784;0.09658472243512224
metron-stellar\stellar-common\src\main\java\org\apache\metron\stellar\common\generated\stellarparser.java@org.apache.metron.stellar.common.generated.variablecontext.enterrule(parsetreelistener);False;False;0.9034152775648784;0.09658472243512224
metron-stellar\stellar-common\src\main\java\org\apache\metron\stellar\common\generated\stellarparser.java@org.apache.metron.stellar.common.generated.variablecontext.exitrule(parsetreelistener);False;False;1.0;0.0
metron-stellar\stellar-common\src\main\java\org\apache\metron\stellar\common\shell\defaultstellarautocompleter.java@org.apache.metron.stellar.common.shell.defaultstellarautocompleter.autocompletetype(autocompletetransformation);False;False;0.9034152775648784;0.09658472243512224
metron-stellar\stellar-common\src\main\java\org\apache\metron\stellar\common\shell\defaultstellarautocompleter.java@org.apache.metron.stellar.common.shell.defaultstellarautocompleter.defaultstellarautocompleter();False;False;0.9034152775648784;0.09658472243512224
metron-stellar\stellar-common\src\main\java\org\apache\metron\stellar\common\shell\defaultstellarautocompleter.java@org.apache.metron.stellar.common.shell.defaultstellarautocompleter.add(string,autocompletetype);False;False;0.9034152775648784;0.09658472243512224
metron-stellar\stellar-common\src\main\java\org\apache\metron\stellar\common\shell\defaultstellarautocompleter.java@org.apache.metron.stellar.common.shell.defaultstellarautocompleter.addcandidatefunction(string);False;False;0.991;0.009
metron-stellar\stellar-common\src\main\java\org\apache\metron\stellar\common\shell\defaultstellarautocompleter.java@org.apache.metron.stellar.common.shell.defaultstellarautocompleter.addcandidatevariable(string);False;False;0.991;0.009
metron-stellar\stellar-common\src\main\java\org\apache\metron\stellar\common\shell\defaultstellarautocompleter.java@org.apache.metron.stellar.common.shell.defaultstellarautocompleter.autocomplete(string);False;False;0.968;0.032
metron-stellar\stellar-common\src\main\java\org\apache\metron\stellar\common\shell\defaultstellarautocompleter.java@org.apache.metron.stellar.common.shell.defaultstellarautocompleter.autocomplete(string,operationtype);False;False;0.9034152775648784;0.09658472243512224
metron-stellar\stellar-common\src\main\java\org\apache\metron\stellar\common\shell\defaultstellarautocompleter.java@org.apache.metron.stellar.common.shell.defaultstellarautocompleter.autocompletedoc(string);False;False;1.0;0.0
metron-stellar\stellar-common\src\main\java\org\apache\metron\stellar\common\shell\defaultstellarautocompleter.java@org.apache.metron.stellar.common.shell.defaultstellarautocompleter.autocompletemagic(string);False;False;1.0;0.0
metron-stellar\stellar-common\src\main\java\org\apache\metron\stellar\common\shell\defaultstellarautocompleter.java@org.apache.metron.stellar.common.shell.defaultstellarautocompleter.autocompletenormal(string);False;False;1.0;0.0
metron-stellar\stellar-common\src\main\java\org\apache\metron\stellar\common\shell\defaultstellarautocompleter.java@org.apache.metron.stellar.common.shell.defaultstellarautocompleter.getlasttoken(string);False;False;0.987;0.013
metron-stellar\stellar-common\src\main\java\org\apache\metron\stellar\common\shell\defaultstellarautocompleter.java@org.apache.metron.stellar.common.shell.defaultstellarautocompleter.initializeindex();False;False;0.9085;0.0915
metron-stellar\stellar-common\src\main\java\org\apache\metron\stellar\common\shell\defaultstellarautocompleter.java@org.apache.metron.stellar.common.shell.defaultstellarautocompleter.isdoc(string);False;False;1.0;0.0
metron-stellar\stellar-common\src\main\java\org\apache\metron\stellar\common\shell\defaultstellarautocompleter.java@org.apache.metron.stellar.common.shell.defaultstellarautocompleter.ismagic(string);False;False;1.0;0.0
metron-stellar\stellar-common\src\main\java\org\apache\metron\stellar\common\shell\defaultstellarautocompleter.java@org.apache.metron.stellar.common.shell.defaultstellarautocompleter.transform(operationtype,string);False;False;0.9034152775648784;0.09658472243512224
metron-stellar\stellar-common\src\main\java\org\apache\metron\stellar\common\shell\defaultstellarshellexecutor.java@org.apache.metron.stellar.common.shell.defaultstellarshellexecutor.defaultstellarshellexecutor(functionresolver,properties,optional);False;False;0.9034152775648784;0.09658472243512224
metron-stellar\stellar-common\src\main\java\org\apache\metron\stellar\common\shell\defaultstellarshellexecutor.java@org.apache.metron.stellar.common.shell.defaultstellarshellexecutor.defaultstellarshellexecutor(functionresolver,properties,optional,list);False;False;0.9034152775648784;0.09658472243512224
metron-stellar\stellar-common\src\main\java\org\apache\metron\stellar\common\shell\defaultstellarshellexecutor.java@org.apache.metron.stellar.common.shell.defaultstellarshellexecutor.defaultstellarshellexecutor(properties,optional);False;False;0.9034152775648784;0.09658472243512224
metron-stellar\stellar-common\src\main\java\org\apache\metron\stellar\common\shell\defaultstellarshellexecutor.java@org.apache.metron.stellar.common.shell.defaultstellarshellexecutor.addfunctionlistener(functiondefinedlistener);False;False;0.99;0.01
metron-stellar\stellar-common\src\main\java\org\apache\metron\stellar\common\shell\defaultstellarshellexecutor.java@org.apache.metron.stellar.common.shell.defaultstellarshellexecutor.addspeciallistener(specialdefinedlistener);False;False;0.99;0.01
metron-stellar\stellar-common\src\main\java\org\apache\metron\stellar\common\shell\defaultstellarshellexecutor.java@org.apache.metron.stellar.common.shell.defaultstellarshellexecutor.addvariablelistener(variabledefinedlistener);False;False;0.99;0.01
metron-stellar\stellar-common\src\main\java\org\apache\metron\stellar\common\shell\defaultstellarshellexecutor.java@org.apache.metron.stellar.common.shell.defaultstellarshellexecutor.assign(string,object,optional);False;False;0.9034152775648784;0.09658472243512224
metron-stellar\stellar-common\src\main\java\org\apache\metron\stellar\common\shell\defaultstellarshellexecutor.java@org.apache.metron.stellar.common.shell.defaultstellarshellexecutor.createcontext(properties,optional);False;False;0.9034152775648784;0.09658472243512224
metron-stellar\stellar-common\src\main\java\org\apache\metron\stellar\common\shell\defaultstellarshellexecutor.java@org.apache.metron.stellar.common.shell.defaultstellarshellexecutor.createzookeeperclient(optional);False;False;0.9034152775648784;0.09658472243512224
metron-stellar\stellar-common\src\main\java\org\apache\metron\stellar\common\shell\defaultstellarshellexecutor.java@org.apache.metron.stellar.common.shell.defaultstellarshellexecutor.defaultspecials();False;False;0.8761666666666666;0.12383333333333334
metron-stellar\stellar-common\src\main\java\org\apache\metron\stellar\common\shell\defaultstellarshellexecutor.java@org.apache.metron.stellar.common.shell.defaultstellarshellexecutor.execute(string);False;False;0.9586;0.0414
metron-stellar\stellar-common\src\main\java\org\apache\metron\stellar\common\shell\defaultstellarshellexecutor.java@org.apache.metron.stellar.common.shell.defaultstellarshellexecutor.executestellar(string);False;False;0.9034152775648784;0.09658472243512224
metron-stellar\stellar-common\src\main\java\org\apache\metron\stellar\common\shell\defaultstellarshellexecutor.java@org.apache.metron.stellar.common.shell.defaultstellarshellexecutor.fetchglobalconfig(curatorframework);False;False;0.999;0.001
metron-stellar\stellar-common\src\main\java\org\apache\metron\stellar\common\shell\defaultstellarshellexecutor.java@org.apache.metron.stellar.common.shell.defaultstellarshellexecutor.getcontext();False;False;1.0;0.0
metron-stellar\stellar-common\src\main\java\org\apache\metron\stellar\common\shell\defaultstellarshellexecutor.java@org.apache.metron.stellar.common.shell.defaultstellarshellexecutor.getfunctionresolver();False;False;1.0;0.0
metron-stellar\stellar-common\src\main\java\org\apache\metron\stellar\common\shell\defaultstellarshellexecutor.java@org.apache.metron.stellar.common.shell.defaultstellarshellexecutor.getglobalconfig();False;False;0.9782666666666666;0.02173333333333333
metron-stellar\stellar-common\src\main\java\org\apache\metron\stellar\common\shell\defaultstellarshellexecutor.java@org.apache.metron.stellar.common.shell.defaultstellarshellexecutor.getstate();False;False;1.0;0.0
metron-stellar\stellar-common\src\main\java\org\apache\metron\stellar\common\shell\defaultstellarshellexecutor.java@org.apache.metron.stellar.common.shell.defaultstellarshellexecutor.getstellarconfig(map,properties);False;False;0.9034152775648784;0.09658472243512224
metron-stellar\stellar-common\src\main\java\org\apache\metron\stellar\common\shell\defaultstellarshellexecutor.java@org.apache.metron.stellar.common.shell.defaultstellarshellexecutor.getvariables();False;False;0.9874999999999999;0.0125
metron-stellar\stellar-common\src\main\java\org\apache\metron\stellar\common\shell\defaultstellarshellexecutor.java@org.apache.metron.stellar.common.shell.defaultstellarshellexecutor.init();False;False;0.9749333333333333;0.025066666666666664
metron-stellar\stellar-common\src\main\java\org\apache\metron\stellar\common\shell\defaultstellarshellexecutor.java@org.apache.metron.stellar.common.shell.defaultstellarshellexecutor.notifyfunctionlisteners(stellarfunctioninfo);False;False;0.9967999999999999;0.0032
metron-stellar\stellar-common\src\main\java\org\apache\metron\stellar\common\shell\defaultstellarshellexecutor.java@org.apache.metron.stellar.common.shell.defaultstellarshellexecutor.notifyspeciallisteners(specialcommand);False;False;0.9967999999999999;0.0032
metron-stellar\stellar-common\src\main\java\org\apache\metron\stellar\common\shell\defaultstellarshellexecutor.java@org.apache.metron.stellar.common.shell.defaultstellarshellexecutor.notifyvariablelisteners(string,variableresult);False;False;0.9034152775648784;0.09658472243512224
metron-stellar\stellar-common\src\main\java\org\apache\metron\stellar\common\shell\stellarresult.java@org.apache.metron.stellar.common.shell.stellarresult.stellarresult(status,object);False;False;0.9034152775648784;0.09658472243512224
metron-stellar\stellar-common\src\main\java\org\apache\metron\stellar\common\shell\stellarresult.java@org.apache.metron.stellar.common.shell.stellarresult.stellarresult(status,throwable);False;False;0.9034152775648784;0.09658472243512224
metron-stellar\stellar-common\src\main\java\org\apache\metron\stellar\common\shell\stellarresult.java@org.apache.metron.stellar.common.shell.stellarresult.error(string);False;False;1.0;0.0
metron-stellar\stellar-common\src\main\java\org\apache\metron\stellar\common\shell\stellarresult.java@org.apache.metron.stellar.common.shell.stellarresult.error(throwable);False;False;1.0;0.0
metron-stellar\stellar-common\src\main\java\org\apache\metron\stellar\common\shell\stellarresult.java@org.apache.metron.stellar.common.shell.stellarresult.getexception();False;False;1.0;0.0
metron-stellar\stellar-common\src\main\java\org\apache\metron\stellar\common\shell\stellarresult.java@org.apache.metron.stellar.common.shell.stellarresult.getstatus();False;False;1.0;0.0
metron-stellar\stellar-common\src\main\java\org\apache\metron\stellar\common\shell\stellarresult.java@org.apache.metron.stellar.common.shell.stellarresult.getvalue();False;False;1.0;0.0
metron-stellar\stellar-common\src\main\java\org\apache\metron\stellar\common\shell\stellarresult.java@org.apache.metron.stellar.common.shell.stellarresult.iserror();False;False;1.0;0.0
metron-stellar\stellar-common\src\main\java\org\apache\metron\stellar\common\shell\stellarresult.java@org.apache.metron.stellar.common.shell.stellarresult.issuccess();False;False;0.9860820156558945;0.013917984344105946
metron-stellar\stellar-common\src\main\java\org\apache\metron\stellar\common\shell\stellarresult.java@org.apache.metron.stellar.common.shell.stellarresult.isterminate();False;False;0.9860820156558945;0.013917984344105946
metron-stellar\stellar-common\src\main\java\org\apache\metron\stellar\common\shell\stellarresult.java@org.apache.metron.stellar.common.shell.stellarresult.isvaluenull();False;False;1.0;0.0
metron-stellar\stellar-common\src\main\java\org\apache\metron\stellar\common\shell\stellarresult.java@org.apache.metron.stellar.common.shell.stellarresult.noop();False;False;0.999;0.001
metron-stellar\stellar-common\src\main\java\org\apache\metron\stellar\common\shell\stellarresult.java@org.apache.metron.stellar.common.shell.stellarresult.success(object);False;False;0.966;0.034
metron-stellar\stellar-common\src\main\java\org\apache\metron\stellar\common\shell\stellarresult.java@org.apache.metron.stellar.common.shell.stellarresult.terminate();False;False;0.999;0.001
metron-stellar\stellar-common\src\main\java\org\apache\metron\stellar\common\shell\stellarresult.java@org.apache.metron.stellar.common.shell.stellarresult.tostring();False;False;0.996;0.004
metron-stellar\stellar-common\src\main\java\org\apache\metron\stellar\common\shell\variableresult.java@org.apache.metron.stellar.common.shell.variableresult.variableresult(optional,object);False;False;0.9034152775648784;0.09658472243512224
metron-stellar\stellar-common\src\main\java\org\apache\metron\stellar\common\shell\variableresult.java@org.apache.metron.stellar.common.shell.variableresult.getexpression();False;False;0.99875;0.00125
metron-stellar\stellar-common\src\main\java\org\apache\metron\stellar\common\shell\variableresult.java@org.apache.metron.stellar.common.shell.variableresult.getresult();False;False;1.0;0.0
metron-stellar\stellar-common\src\main\java\org\apache\metron\stellar\common\shell\variableresult.java@org.apache.metron.stellar.common.shell.variableresult.tostring();False;False;0.992975;0.007024999999999999
metron-stellar\stellar-common\src\main\java\org\apache\metron\stellar\common\shell\variableresult.java@org.apache.metron.stellar.common.shell.variableresult.withexpression(object,optional);False;False;0.9034152775648784;0.09658472243512224
metron-stellar\stellar-common\src\main\java\org\apache\metron\stellar\common\shell\variableresult.java@org.apache.metron.stellar.common.shell.variableresult.withexpression(object,string);False;False;0.9034152775648784;0.09658472243512224
metron-stellar\stellar-common\src\main\java\org\apache\metron\stellar\common\shell\variableresult.java@org.apache.metron.stellar.common.shell.variableresult.withvalue(object);False;False;1.0;0.0
metron-stellar\stellar-common\src\main\java\org\apache\metron\stellar\common\shell\cli\pausableinput.java@org.apache.metron.stellar.common.shell.cli.pausableinput.pausableinput();False;False;0.9034152775648784;0.09658472243512224
metron-stellar\stellar-common\src\main\java\org\apache\metron\stellar\common\shell\cli\pausableinput.java@org.apache.metron.stellar.common.shell.cli.pausableinput.available();False;False;1.0;0.0
metron-stellar\stellar-common\src\main\java\org\apache\metron\stellar\common\shell\cli\pausableinput.java@org.apache.metron.stellar.common.shell.cli.pausableinput.close();False;False;0.992;0.008
metron-stellar\stellar-common\src\main\java\org\apache\metron\stellar\common\shell\cli\pausableinput.java@org.apache.metron.stellar.common.shell.cli.pausableinput.mark(int);False;False;0.995;0.005
metron-stellar\stellar-common\src\main\java\org\apache\metron\stellar\common\shell\cli\pausableinput.java@org.apache.metron.stellar.common.shell.cli.pausableinput.marksupported();False;False;0.988;0.012
metron-stellar\stellar-common\src\main\java\org\apache\metron\stellar\common\shell\cli\pausableinput.java@org.apache.metron.stellar.common.shell.cli.pausableinput.pause();False;False;0.996;0.004
metron-stellar\stellar-common\src\main\java\org\apache\metron\stellar\common\shell\cli\pausableinput.java@org.apache.metron.stellar.common.shell.cli.pausableinput.read();False;False;0.9034152775648784;0.09658472243512224
metron-stellar\stellar-common\src\main\java\org\apache\metron\stellar\common\shell\cli\pausableinput.java@org.apache.metron.stellar.common.shell.cli.pausableinput.read(byte[]);False;False;0.9034152775648784;0.09658472243512224
metron-stellar\stellar-common\src\main\java\org\apache\metron\stellar\common\shell\cli\pausableinput.java@org.apache.metron.stellar.common.shell.cli.pausableinput.read(byte[],int,int);False;False;0.9034152775648784;0.09658472243512224
metron-stellar\stellar-common\src\main\java\org\apache\metron\stellar\common\shell\cli\pausableinput.java@org.apache.metron.stellar.common.shell.cli.pausableinput.reset();False;False;0.991;0.009
metron-stellar\stellar-common\src\main\java\org\apache\metron\stellar\common\shell\cli\pausableinput.java@org.apache.metron.stellar.common.shell.cli.pausableinput.skip(long);False;False;1.0;0.0
metron-stellar\stellar-common\src\main\java\org\apache\metron\stellar\common\shell\cli\pausableinput.java@org.apache.metron.stellar.common.shell.cli.pausableinput.unpause();False;False;1.0;0.0
metron-stellar\stellar-common\src\main\java\org\apache\metron\stellar\common\shell\cli\stellarshell.java@org.apache.metron.stellar.common.shell.cli.stellarshell.stellarshell(string[]);False;False;0.9034152775648784;0.09658472243512224
metron-stellar\stellar-common\src\main\java\org\apache\metron\stellar\common\shell\cli\stellarshell.java@org.apache.metron.stellar.common.shell.cli.stellarshell.complete(completeoperation);False;False;0.87555;0.12445000000000002
metron-stellar\stellar-common\src\main\java\org\apache\metron\stellar\common\shell\cli\stellarshell.java@org.apache.metron.stellar.common.shell.cli.stellarshell.createconsole(commandline);False;False;0.995;0.005
metron-stellar\stellar-common\src\main\java\org\apache\metron\stellar\common\shell\cli\stellarshell.java@org.apache.metron.stellar.common.shell.cli.stellarshell.createexecutor(commandline,console,properties,stellarautocompleter);False;False;0.9034152775648784;0.09658472243512224
metron-stellar\stellar-common\src\main\java\org\apache\metron\stellar\common\shell\cli\stellarshell.java@org.apache.metron.stellar.common.shell.cli.stellarshell.definecommandlineoptions();False;False;0.947;0.053
metron-stellar\stellar-common\src\main\java\org\apache\metron\stellar\common\shell\cli\stellarshell.java@org.apache.metron.stellar.common.shell.cli.stellarshell.execute(consoleoperation);False;False;0.9034152775648784;0.09658472243512224
metron-stellar\stellar-common\src\main\java\org\apache\metron\stellar\common\shell\cli\stellarshell.java@org.apache.metron.stellar.common.shell.cli.stellarshell.getconsole();False;False;1.0;0.0
metron-stellar\stellar-common\src\main\java\org\apache\metron\stellar\common\shell\cli\stellarshell.java@org.apache.metron.stellar.common.shell.cli.stellarshell.getexecutor();False;False;0.999875;0.000125
metron-stellar\stellar-common\src\main\java\org\apache\metron\stellar\common\shell\cli\stellarshell.java@org.apache.metron.stellar.common.shell.cli.stellarshell.getlasttoken(string);False;False;0.987;0.013
metron-stellar\stellar-common\src\main\java\org\apache\metron\stellar\common\shell\cli\stellarshell.java@org.apache.metron.stellar.common.shell.cli.stellarshell.getstellarproperties(commandline);False;False;0.997;0.003
metron-stellar\stellar-common\src\main\java\org\apache\metron\stellar\common\shell\cli\stellarshell.java@org.apache.metron.stellar.common.shell.cli.stellarshell.handlequit();False;False;0.9034152775648784;0.09658472243512224
metron-stellar\stellar-common\src\main\java\org\apache\metron\stellar\common\shell\cli\stellarshell.java@org.apache.metron.stellar.common.shell.cli.stellarshell.loadvariables(commandline,stellarshellexecutor);False;False;0.9034152775648784;0.09658472243512224
metron-stellar\stellar-common\src\main\java\org\apache\metron\stellar\common\shell\cli\stellarshell.java@org.apache.metron.stellar.common.shell.cli.stellarshell.main(string[]);False;False;0.9034152775648784;0.09658472243512224
metron-stellar\stellar-common\src\main\java\org\apache\metron\stellar\common\shell\cli\stellarshell.java@org.apache.metron.stellar.common.shell.cli.stellarshell.run();False;False;0.9745;0.0255
metron-stellar\stellar-common\src\main\java\org\apache\metron\stellar\common\shell\cli\stellarshell.java@org.apache.metron.stellar.common.shell.cli.stellarshell.stripoff(string,string);False;False;0.9034152775648784;0.09658472243512224
metron-stellar\stellar-common\src\main\java\org\apache\metron\stellar\common\shell\cli\stellarshell.java@org.apache.metron.stellar.common.shell.cli.stellarshell.writeline(string);False;False;0.998899605305279;0.001100394694720913
metron-stellar\stellar-common\src\main\java\org\apache\metron\stellar\common\shell\cli\stellarshelloptionsvalidator.java@org.apache.metron.stellar.common.shell.cli.stellarshelloptionsvalidator.validatefileoption(string,string);False;False;0.9034152775648784;0.09658472243512224
metron-stellar\stellar-common\src\main\java\org\apache\metron\stellar\common\shell\cli\stellarshelloptionsvalidator.java@org.apache.metron.stellar.common.shell.cli.stellarshelloptionsvalidator.validateoptions(commandline);False;False;0.9926666666666666;0.007333333333333333
metron-stellar\stellar-common\src\main\java\org\apache\metron\stellar\common\shell\cli\stellarshelloptionsvalidator.java@org.apache.metron.stellar.common.shell.cli.stellarshelloptionsvalidator.validatezookeeperoption(string);False;False;0.9715;0.0285
metron-stellar\stellar-common\src\main\java\org\apache\metron\stellar\common\shell\specials\assignmentcommand.java@org.apache.metron.stellar.common.shell.specials.assignmentcommand.execute(string,stellarshellexecutor);False;False;0.9034152775648784;0.09658472243512224
metron-stellar\stellar-common\src\main\java\org\apache\metron\stellar\common\shell\specials\assignmentcommand.java@org.apache.metron.stellar.common.shell.specials.assignmentcommand.getcommand();False;False;1.0;0.0
metron-stellar\stellar-common\src\main\java\org\apache\metron\stellar\common\shell\specials\assignmentcommand.java@org.apache.metron.stellar.common.shell.specials.assignmentcommand.getmatcher();False;False;0.98;0.02
metron-stellar\stellar-common\src\main\java\org\apache\metron\stellar\common\shell\specials\comment.java@org.apache.metron.stellar.common.shell.specials.comment.execute(string,stellarshellexecutor);False;False;0.9034152775648784;0.09658472243512224
metron-stellar\stellar-common\src\main\java\org\apache\metron\stellar\common\shell\specials\comment.java@org.apache.metron.stellar.common.shell.specials.comment.getcommand();False;False;0.99;0.01
metron-stellar\stellar-common\src\main\java\org\apache\metron\stellar\common\shell\specials\comment.java@org.apache.metron.stellar.common.shell.specials.comment.getmatcher();False;False;0.9769999999999999;0.023
metron-stellar\stellar-common\src\main\java\org\apache\metron\stellar\common\shell\specials\doccommand.java@org.apache.metron.stellar.common.shell.specials.doccommand.docformat(stellarfunctioninfo);False;False;0.978;0.022
metron-stellar\stellar-common\src\main\java\org\apache\metron\stellar\common\shell\specials\doccommand.java@org.apache.metron.stellar.common.shell.specials.doccommand.execute(string,stellarshellexecutor);False;False;0.9034152775648784;0.09658472243512224
metron-stellar\stellar-common\src\main\java\org\apache\metron\stellar\common\shell\specials\doccommand.java@org.apache.metron.stellar.common.shell.specials.doccommand.getcommand();False;False;0.974;0.026
metron-stellar\stellar-common\src\main\java\org\apache\metron\stellar\common\shell\specials\doccommand.java@org.apache.metron.stellar.common.shell.specials.doccommand.getmatcher();False;False;0.989;0.011
metron-stellar\stellar-common\src\main\java\org\apache\metron\stellar\common\shell\specials\magicdefineglobal.java@org.apache.metron.stellar.common.shell.specials.magicdefineglobal.execute(string,stellarshellexecutor);False;False;0.9034152775648784;0.09658472243512224
metron-stellar\stellar-common\src\main\java\org\apache\metron\stellar\common\shell\specials\magicdefineglobal.java@org.apache.metron.stellar.common.shell.specials.magicdefineglobal.getcommand();False;False;0.995;0.005
metron-stellar\stellar-common\src\main\java\org\apache\metron\stellar\common\shell\specials\magicdefineglobal.java@org.apache.metron.stellar.common.shell.specials.magicdefineglobal.getmatcher();False;False;0.9769999999999999;0.023
metron-stellar\stellar-common\src\main\java\org\apache\metron\stellar\common\shell\specials\magiclistfunctions.java@org.apache.metron.stellar.common.shell.specials.magiclistfunctions.execute(string,stellarshellexecutor);False;False;0.9034152775648784;0.09658472243512224
metron-stellar\stellar-common\src\main\java\org\apache\metron\stellar\common\shell\specials\magiclistfunctions.java@org.apache.metron.stellar.common.shell.specials.magiclistfunctions.getcommand();False;False;0.995;0.005
metron-stellar\stellar-common\src\main\java\org\apache\metron\stellar\common\shell\specials\magiclistfunctions.java@org.apache.metron.stellar.common.shell.specials.magiclistfunctions.getmatcher();False;False;0.9769999999999999;0.023
metron-stellar\stellar-common\src\main\java\org\apache\metron\stellar\common\shell\specials\magiclistglobals.java@org.apache.metron.stellar.common.shell.specials.magiclistglobals.execute(string,stellarshellexecutor);False;False;0.9034152775648784;0.09658472243512224
metron-stellar\stellar-common\src\main\java\org\apache\metron\stellar\common\shell\specials\magiclistglobals.java@org.apache.metron.stellar.common.shell.specials.magiclistglobals.getcommand();False;False;0.999;0.001
metron-stellar\stellar-common\src\main\java\org\apache\metron\stellar\common\shell\specials\magiclistglobals.java@org.apache.metron.stellar.common.shell.specials.magiclistglobals.getmatcher();False;False;0.9769999999999999;0.023
metron-stellar\stellar-common\src\main\java\org\apache\metron\stellar\common\shell\specials\magiclistvariables.java@org.apache.metron.stellar.common.shell.specials.magiclistvariables.execute(string,stellarshellexecutor);False;False;0.9034152775648784;0.09658472243512224
metron-stellar\stellar-common\src\main\java\org\apache\metron\stellar\common\shell\specials\magiclistvariables.java@org.apache.metron.stellar.common.shell.specials.magiclistvariables.format(map);False;False;0.9034152775648784;0.09658472243512224
metron-stellar\stellar-common\src\main\java\org\apache\metron\stellar\common\shell\specials\magiclistvariables.java@org.apache.metron.stellar.common.shell.specials.magiclistvariables.getcommand();False;False;0.977;0.023
metron-stellar\stellar-common\src\main\java\org\apache\metron\stellar\common\shell\specials\magiclistvariables.java@org.apache.metron.stellar.common.shell.specials.magiclistvariables.getmatcher();False;False;0.9769999999999999;0.023
metron-stellar\stellar-common\src\main\java\org\apache\metron\stellar\common\shell\specials\magicundefineglobal.java@org.apache.metron.stellar.common.shell.specials.magicundefineglobal.execute(string,stellarshellexecutor);False;False;0.9034152775648784;0.09658472243512224
metron-stellar\stellar-common\src\main\java\org\apache\metron\stellar\common\shell\specials\magicundefineglobal.java@org.apache.metron.stellar.common.shell.specials.magicundefineglobal.getcommand();False;False;0.995;0.005
metron-stellar\stellar-common\src\main\java\org\apache\metron\stellar\common\shell\specials\magicundefineglobal.java@org.apache.metron.stellar.common.shell.specials.magicundefineglobal.getmatcher();False;False;0.9769999999999999;0.023
metron-stellar\stellar-common\src\main\java\org\apache\metron\stellar\common\shell\specials\quitcommand.java@org.apache.metron.stellar.common.shell.specials.quitcommand.execute(string,stellarshellexecutor);False;False;0.9034152775648784;0.09658472243512224
metron-stellar\stellar-common\src\main\java\org\apache\metron\stellar\common\shell\specials\quitcommand.java@org.apache.metron.stellar.common.shell.specials.quitcommand.getcommand();False;False;0.999;0.001
metron-stellar\stellar-common\src\main\java\org\apache\metron\stellar\common\shell\specials\quitcommand.java@org.apache.metron.stellar.common.shell.specials.quitcommand.getmatcher();False;False;0.989;0.011
metron-stellar\stellar-common\src\main\java\org\apache\metron\stellar\common\system\clock.java@org.apache.metron.stellar.common.system.clock.currenttimeformatted(string);False;False;0.996;0.004
metron-stellar\stellar-common\src\main\java\org\apache\metron\stellar\common\system\clock.java@org.apache.metron.stellar.common.system.clock.currenttimemillis();False;False;0.999;0.001
metron-stellar\stellar-common\src\main\java\org\apache\metron\stellar\common\system\environment.java@org.apache.metron.stellar.common.system.environment.get(string);False;False;0.998;0.002
metron-stellar\stellar-common\src\main\java\org\apache\metron\stellar\common\utils\bloomfilter.java@org.apache.metron.stellar.common.utils.bloomfilter.bloomfilter(function,int,double);False;False;0.9034152775648784;0.09658472243512224
metron-stellar\stellar-common\src\main\java\org\apache\metron\stellar\common\utils\bloomfilter.java@org.apache.metron.stellar.common.utils.bloomfilter.bloomfunnel(function);False;False;0.9034152775648784;0.09658472243512224
metron-stellar\stellar-common\src\main\java\org\apache\metron\stellar\common\utils\bloomfilter.java@org.apache.metron.stellar.common.utils.bloomfilter.add(t);False;False;1.0;0.0
metron-stellar\stellar-common\src\main\java\org\apache\metron\stellar\common\utils\bloomfilter.java@org.apache.metron.stellar.common.utils.bloomfilter.apply(t);False;False;1.0;0.0
metron-stellar\stellar-common\src\main\java\org\apache\metron\stellar\common\utils\bloomfilter.java@org.apache.metron.stellar.common.utils.bloomfilter.equals(object);False;False;0.96125;0.03875
metron-stellar\stellar-common\src\main\java\org\apache\metron\stellar\common\utils\bloomfilter.java@org.apache.metron.stellar.common.utils.bloomfilter.funnel(t,primitivesink);False;False;0.9034152775648784;0.09658472243512224
metron-stellar\stellar-common\src\main\java\org\apache\metron\stellar\common\utils\bloomfilter.java@org.apache.metron.stellar.common.utils.bloomfilter.hashcode();False;False;0.9788476190476189;0.021152380952380947
metron-stellar\stellar-common\src\main\java\org\apache\metron\stellar\common\utils\bloomfilter.java@org.apache.metron.stellar.common.utils.bloomfilter.merge(bloomfilter);False;False;0.9034152775648784;0.09658472243512224
metron-stellar\stellar-common\src\main\java\org\apache\metron\stellar\common\utils\bloomfilter.java@org.apache.metron.stellar.common.utils.bloomfilter.mightcontain(t);False;False;1.0;0.0
metron-stellar\stellar-common\src\main\java\org\apache\metron\stellar\common\utils\bloomfilter.java@org.apache.metron.stellar.common.utils.bloomfunnel.bloomfunnel(function);False;False;0.9034152775648784;0.09658472243512224
metron-stellar\stellar-common\src\main\java\org\apache\metron\stellar\common\utils\bloomfilter.java@org.apache.metron.stellar.common.utils.bloomfunnel.equals(object);False;False;0.9034152775648784;0.09658472243512224
metron-stellar\stellar-common\src\main\java\org\apache\metron\stellar\common\utils\bloomfilter.java@org.apache.metron.stellar.common.utils.bloomfunnel.funnel(t,primitivesink);False;False;0.9034152775648784;0.09658472243512224
metron-stellar\stellar-common\src\main\java\org\apache\metron\stellar\common\utils\bloomfilter.java@org.apache.metron.stellar.common.utils.bloomfunnel.hashcode();False;False;0.9851351218008023;0.014864878199197096
metron-stellar\stellar-common\src\main\java\org\apache\metron\stellar\common\utils\bloomfilter.java@org.apache.metron.stellar.common.utils.defaultserializer.apply(t);False;False;0.9034152775648784;0.09658472243512224
metron-stellar\stellar-common\src\main\java\org\apache\metron\stellar\common\utils\conversionutils.java@org.apache.metron.stellar.common.utils.conversionutils.convert(object,class);False;False;0.9034152775648784;0.09658472243512224
metron-stellar\stellar-common\src\main\java\org\apache\metron\stellar\common\utils\conversionutils.java@org.apache.metron.stellar.common.utils.conversionutils.convertlist(list,class);False;False;0.9034152775648784;0.09658472243512224
metron-stellar\stellar-common\src\main\java\org\apache\metron\stellar\common\utils\conversionutils.java@org.apache.metron.stellar.common.utils.conversionutils.convertmap(map,class);False;False;0.9034152775648784;0.09658472243512224
metron-stellar\stellar-common\src\main\java\org\apache\metron\stellar\common\utils\conversionutils.java@org.apache.metron.stellar.common.utils.conversionutils.initialvalue();False;False;0.9845;0.0155
metron-stellar\stellar-common\src\main\java\org\apache\metron\stellar\common\utils\jsonutils.java@org.apache.metron.stellar.common.utils.referencesupplier.referencesupplier();False;False;0.9034152775648784;0.09658472243512224
metron-stellar\stellar-common\src\main\java\org\apache\metron\stellar\common\utils\jsonutils.java@org.apache.metron.stellar.common.utils.referencesupplier.get();False;False;0.9563666666666667;0.04363333333333333
metron-stellar\stellar-common\src\main\java\org\apache\metron\stellar\common\utils\jsonutils.java@org.apache.metron.stellar.common.utils.referencesupplier.gettype();False;False;0.9842797619047619;0.015720238095238096
metron-stellar\stellar-common\src\main\java\org\apache\metron\stellar\common\utils\serdeutils.java@org.apache.metron.stellar.common.utils.defaultinstantiatorstrategy.defaultinstantiatorstrategy(instantiatorstrategy);False;False;0.9034152775648784;0.09658472243512224
metron-stellar\stellar-common\src\main\java\org\apache\metron\stellar\common\utils\serdeutils.java@org.apache.metron.stellar.common.utils.defaultinstantiatorstrategy.getfallbackinstantiatorstrategy();False;False;0.9034152775648784;0.09658472243512224
metron-stellar\stellar-common\src\main\java\org\apache\metron\stellar\common\utils\serdeutils.java@org.apache.metron.stellar.common.utils.defaultinstantiatorstrategy.newinstance();False;False;0.9034152775648784;0.09658472243512224
metron-stellar\stellar-common\src\main\java\org\apache\metron\stellar\common\utils\serdeutils.java@org.apache.metron.stellar.common.utils.defaultinstantiatorstrategy.newinstantiatorof(class);False;False;0.9034152775648784;0.09658472243512224
metron-stellar\stellar-common\src\main\java\org\apache\metron\stellar\common\utils\serdeutils.java@org.apache.metron.stellar.common.utils.defaultinstantiatorstrategy.setfallbackinstantiatorstrategy(instantiatorstrategy);False;False;0.9034152775648784;0.09658472243512224
metron-stellar\stellar-common\src\main\java\org\apache\metron\stellar\common\utils\serdeutils.java@org.apache.metron.stellar.common.utils.deserializer.deserializer(class);False;False;0.9034152775648784;0.09658472243512224
metron-stellar\stellar-common\src\main\java\org\apache\metron\stellar\common\utils\serdeutils.java@org.apache.metron.stellar.common.utils.deserializer.apply(byte[]);False;False;0.9034152775648784;0.09658472243512224
metron-stellar\stellar-common\src\main\java\org\apache\metron\stellar\common\utils\serdeutils.java@org.apache.metron.stellar.common.utils.serdeutils.defaultinstantiatorstrategy(instantiatorstrategy);False;False;0.9034152775648784;0.09658472243512224
metron-stellar\stellar-common\src\main\java\org\apache\metron\stellar\common\utils\serdeutils.java@org.apache.metron.stellar.common.utils.serdeutils.deserializer(class);False;False;0.9034152775648784;0.09658472243512224
metron-stellar\stellar-common\src\main\java\org\apache\metron\stellar\common\utils\serdeutils.java@org.apache.metron.stellar.common.utils.serdeutils.apply(object);False;False;0.9034152775648784;0.09658472243512224
metron-stellar\stellar-common\src\main\java\org\apache\metron\stellar\common\utils\serdeutils.java@org.apache.metron.stellar.common.utils.serdeutils.apply(byte[]);False;False;0.9034152775648784;0.09658472243512224
metron-stellar\stellar-common\src\main\java\org\apache\metron\stellar\common\utils\serdeutils.java@org.apache.metron.stellar.common.utils.serdeutils.frombytes(byte[],class);False;False;0.9034152775648784;0.09658472243512224
metron-stellar\stellar-common\src\main\java\org\apache\metron\stellar\common\utils\serdeutils.java@org.apache.metron.stellar.common.utils.serdeutils.getfallbackinstantiatorstrategy();False;False;1.0;0.0
metron-stellar\stellar-common\src\main\java\org\apache\metron\stellar\common\utils\serdeutils.java@org.apache.metron.stellar.common.utils.serdeutils.initialvalue();False;False;0.966;0.034
metron-stellar\stellar-common\src\main\java\org\apache\metron\stellar\common\utils\serdeutils.java@org.apache.metron.stellar.common.utils.serdeutils.newinstance();False;False;0.9034152775648784;0.09658472243512224
metron-stellar\stellar-common\src\main\java\org\apache\metron\stellar\common\utils\serdeutils.java@org.apache.metron.stellar.common.utils.serdeutils.newinstantiatorof(class);False;False;0.9034152775648784;0.09658472243512224
metron-stellar\stellar-common\src\main\java\org\apache\metron\stellar\common\utils\serdeutils.java@org.apache.metron.stellar.common.utils.serdeutils.setfallbackinstantiatorstrategy(instantiatorstrategy);False;False;0.985;0.015
metron-stellar\stellar-common\src\main\java\org\apache\metron\stellar\common\utils\serdeutils.java@org.apache.metron.stellar.common.utils.serdeutils.tobytes(object);False;False;0.9034152775648784;0.09658472243512224
metron-stellar\stellar-common\src\main\java\org\apache\metron\stellar\common\utils\serdeutils.java@org.apache.metron.stellar.common.utils.serializer.apply(object);False;False;1.0;0.0
metron-stellar\stellar-common\src\main\java\org\apache\metron\stellar\common\utils\stellarprocessorutils.java@org.apache.metron.stellar.common.utils.stellarprocessorutils.xrange(int);False;False;0.9034152775648784;0.09658472243512224
metron-stellar\stellar-common\src\main\java\org\apache\metron\stellar\common\utils\stellarprocessorutils.java@org.apache.metron.stellar.common.utils.stellarprocessorutils.xrange(int,int);False;False;0.9034152775648784;0.09658472243512224
metron-stellar\stellar-common\src\main\java\org\apache\metron\stellar\common\utils\stellarprocessorutils.java@org.apache.metron.stellar.common.utils.stellarprocessorutils.ensurejavaserializable(object,string);False;False;0.9034152775648784;0.09658472243512224
metron-stellar\stellar-common\src\main\java\org\apache\metron\stellar\common\utils\stellarprocessorutils.java@org.apache.metron.stellar.common.utils.stellarprocessorutils.ensurekryoserializable(object,string);False;False;0.9034152775648784;0.09658472243512224
metron-stellar\stellar-common\src\main\java\org\apache\metron\stellar\common\utils\stellarprocessorutils.java@org.apache.metron.stellar.common.utils.stellarprocessorutils.execute(string,map,context);False;False;0.9034152775648784;0.09658472243512224
metron-stellar\stellar-common\src\main\java\org\apache\metron\stellar\common\utils\stellarprocessorutils.java@org.apache.metron.stellar.common.utils.stellarprocessorutils.run(string,context);False;False;0.9034152775648784;0.09658472243512224
metron-stellar\stellar-common\src\main\java\org\apache\metron\stellar\common\utils\stellarprocessorutils.java@org.apache.metron.stellar.common.utils.stellarprocessorutils.run(string,map);False;False;0.9034152775648784;0.09658472243512224
metron-stellar\stellar-common\src\main\java\org\apache\metron\stellar\common\utils\stellarprocessorutils.java@org.apache.metron.stellar.common.utils.stellarprocessorutils.run(string,map,context);False;False;0.9034152775648784;0.09658472243512224
metron-stellar\stellar-common\src\main\java\org\apache\metron\stellar\common\utils\stellarprocessorutils.java@org.apache.metron.stellar.common.utils.stellarprocessorutils.runpredicate(string,map);False;False;0.9034152775648784;0.09658472243512224
metron-stellar\stellar-common\src\main\java\org\apache\metron\stellar\common\utils\stellarprocessorutils.java@org.apache.metron.stellar.common.utils.stellarprocessorutils.runpredicate(string,map,context);False;False;0.9034152775648784;0.09658472243512224
metron-stellar\stellar-common\src\main\java\org\apache\metron\stellar\common\utils\stellarprocessorutils.java@org.apache.metron.stellar.common.utils.stellarprocessorutils.runpredicate(string,variableresolver);False;False;0.9034152775648784;0.09658472243512224
metron-stellar\stellar-common\src\main\java\org\apache\metron\stellar\common\utils\stellarprocessorutils.java@org.apache.metron.stellar.common.utils.stellarprocessorutils.runpredicate(string,variableresolver,context);False;False;0.9034152775648784;0.09658472243512224
metron-stellar\stellar-common\src\main\java\org\apache\metron\stellar\common\utils\stellarprocessorutils.java@org.apache.metron.stellar.common.utils.stellarprocessorutils.runwitharguments(string,list,object);False;False;0.9034152775648784;0.09658472243512224
metron-stellar\stellar-common\src\main\java\org\apache\metron\stellar\common\utils\stellarprocessorutils.java@org.apache.metron.stellar.common.utils.stellarprocessorutils.runwitharguments(string,object,object);False;False;0.9034152775648784;0.09658472243512224
metron-stellar\stellar-common\src\main\java\org\apache\metron\stellar\common\utils\stellarprocessorutils.java@org.apache.metron.stellar.common.utils.stellarprocessorutils.tryadvance(consumer);False;False;0.9034152775648784;0.09658472243512224
metron-stellar\stellar-common\src\main\java\org\apache\metron\stellar\common\utils\stellarprocessorutils.java@org.apache.metron.stellar.common.utils.stellarprocessorutils.tryadvance(intconsumer);False;False;0.7160833333333334;0.2839166666666667
metron-stellar\stellar-common\src\main\java\org\apache\metron\stellar\common\utils\stellarprocessorutils.java@org.apache.metron.stellar.common.utils.stellarprocessorutils.validate(string);False;False;0.998;0.002
metron-stellar\stellar-common\src\main\java\org\apache\metron\stellar\common\utils\stellarprocessorutils.java@org.apache.metron.stellar.common.utils.stellarprocessorutils.validate(string,context);False;False;0.9034152775648784;0.09658472243512224
metron-stellar\stellar-common\src\main\java\org\apache\metron\stellar\common\utils\stellarprocessorutils.java@org.apache.metron.stellar.common.utils.xrange.xrange(int);False;False;0.9034152775648784;0.09658472243512224
metron-stellar\stellar-common\src\main\java\org\apache\metron\stellar\common\utils\stellarprocessorutils.java@org.apache.metron.stellar.common.utils.xrange.xrange(int,int);False;False;0.9034152775648784;0.09658472243512224
metron-stellar\stellar-common\src\main\java\org\apache\metron\stellar\common\utils\stellarprocessorutils.java@org.apache.metron.stellar.common.utils.xrange.tryadvance(consumer);False;False;0.9034152775648784;0.09658472243512224
metron-stellar\stellar-common\src\main\java\org\apache\metron\stellar\common\utils\stellarprocessorutils.java@org.apache.metron.stellar.common.utils.xrange.tryadvance(intconsumer);False;False;0.9034152775648784;0.09658472243512224
metron-stellar\stellar-common\src\main\java\org\apache\metron\stellar\common\utils\vfsclassloaderutil.java@org.apache.metron.stellar.common.utils.vfsclassloaderutil.configureclassloader(string);False;False;0.9605;0.0395
metron-stellar\stellar-common\src\main\java\org\apache\metron\stellar\common\utils\vfsclassloaderutil.java@org.apache.metron.stellar.common.utils.vfsclassloaderutil.generatevfs();False;False;0.9366666666666666;0.06333333333333334
metron-stellar\stellar-common\src\main\java\org\apache\metron\stellar\common\utils\vfsclassloaderutil.java@org.apache.metron.stellar.common.utils.vfsclassloaderutil.resolve(filesystemmanager,string);False;False;0.9034152775648784;0.09658472243512224
metron-stellar\stellar-common\src\main\java\org\apache\metron\stellar\common\utils\cli\optionhandler.java@org.apache.metron.stellar.common.utils.cli.optionhandler.getvalue(opt_t,commandline);False;False;0.9034152775648784;0.09658472243512224
metron-stellar\stellar-common\src\main\java\org\apache\metron\stellar\common\utils\hashing\defaulthasher.java@org.apache.metron.stellar.common.utils.hashing.defaulthasher.config(string);False;False;0.9034152775648784;0.09658472243512224
metron-stellar\stellar-common\src\main\java\org\apache\metron\stellar\common\utils\hashing\defaulthasher.java@org.apache.metron.stellar.common.utils.hashing.defaulthasher.defaulthasher(string);False;False;0.9034152775648784;0.09658472243512224
metron-stellar\stellar-common\src\main\java\org\apache\metron\stellar\common\utils\hashing\defaulthasher.java@org.apache.metron.stellar.common.utils.hashing.defaulthasher.defaulthasher(string,binaryencoder);False;False;0.9034152775648784;0.09658472243512224
metron-stellar\stellar-common\src\main\java\org\apache\metron\stellar\common\utils\hashing\defaulthasher.java@org.apache.metron.stellar.common.utils.hashing.defaulthasher.defaulthasher(string,binaryencoder,charset);False;False;0.9034152775648784;0.09658472243512224
metron-stellar\stellar-common\src\main\java\org\apache\metron\stellar\common\utils\hashing\defaulthasher.java@org.apache.metron.stellar.common.utils.hashing.defaulthasher.configure(optional);False;False;0.9034152775648784;0.09658472243512224
metron-stellar\stellar-common\src\main\java\org\apache\metron\stellar\common\utils\hashing\defaulthasher.java@org.apache.metron.stellar.common.utils.hashing.defaulthasher.gethash(messagedigest,byte[]);False;False;0.9034152775648784;0.09658472243512224
metron-stellar\stellar-common\src\main\java\org\apache\metron\stellar\common\utils\hashing\defaulthasher.java@org.apache.metron.stellar.common.utils.hashing.defaulthasher.gethash(object);False;False;0.9673333333333333;0.03266666666666667
metron-stellar\stellar-common\src\main\java\org\apache\metron\stellar\common\utils\hashing\defaulthasher.java@org.apache.metron.stellar.common.utils.hashing.defaulthasher.getkey();False;False;0.9735;0.0265
metron-stellar\stellar-common\src\main\java\org\apache\metron\stellar\common\utils\hashing\defaulthasher.java@org.apache.metron.stellar.common.utils.hashing.defaulthasher.supportedhashes();False;False;1.0;0.0
metron-stellar\stellar-common\src\main\java\org\apache\metron\stellar\common\utils\hashing\tlsh\tlsh.java@org.apache.metron.stellar.common.utils.hashing.tlsh.tlsh.tlsh(bucketoption,checksumoption);False;False;0.9034152775648784;0.09658472243512224
metron-stellar\stellar-common\src\main\java\org\apache\metron\stellar\common\utils\hashing\tlsh\tlsh.java@org.apache.metron.stellar.common.utils.hashing.tlsh.tlsh.apply(byte[],boolean);False;False;0.9034152775648784;0.09658472243512224
metron-stellar\stellar-common\src\main\java\org\apache\metron\stellar\common\utils\hashing\tlsh\tlsh.java@org.apache.metron.stellar.common.utils.hashing.tlsh.tlsh.distance(string,string,optional);False;False;0.9034152775648784;0.09658472243512224
metron-stellar\stellar-common\src\main\java\org\apache\metron\stellar\common\utils\hashing\tlsh\tlshcache.java@org.apache.metron.stellar.common.utils.hashing.tlsh.tlshcache.gettlsh(bucketoption,checksumoption);False;False;0.9034152775648784;0.09658472243512224
metron-stellar\stellar-common\src\main\java\org\apache\metron\stellar\common\utils\hashing\tlsh\tlshhasher.java@org.apache.metron.stellar.common.utils.hashing.tlsh.tlshhasher.config(string);False;False;0.9034152775648784;0.09658472243512224
metron-stellar\stellar-common\src\main\java\org\apache\metron\stellar\common\utils\hashing\tlsh\tlshhasher.java@org.apache.metron.stellar.common.utils.hashing.tlsh.tlshhasher.bin(string);False;False;0.9903333333333333;0.009666666666666667
metron-stellar\stellar-common\src\main\java\org\apache\metron\stellar\common\utils\hashing\tlsh\tlshhasher.java@org.apache.metron.stellar.common.utils.hashing.tlsh.tlshhasher.configure(optional);False;False;0.9034152775648784;0.09658472243512224
metron-stellar\stellar-common\src\main\java\org\apache\metron\stellar\common\utils\hashing\tlsh\tlshhasher.java@org.apache.metron.stellar.common.utils.hashing.tlsh.tlshhasher.gethash(object);False;False;0.9034152775648784;0.09658472243512224
metron-stellar\stellar-common\src\main\java\org\apache\metron\stellar\common\utils\hashing\tlsh\tlshhasher.java@org.apache.metron.stellar.common.utils.hashing.tlsh.tlshhasher.getkey();False;False;0.994;0.006
metron-stellar\stellar-common\src\main\java\org\apache\metron\stellar\common\utils\hashing\tlsh\tlshhasher.java@org.apache.metron.stellar.common.utils.hashing.tlsh.tlshhasher.supportedhashes();False;False;1.0;0.0
metron-stellar\stellar-common\src\main\java\org\apache\metron\stellar\common\utils\math\mathoperation.java@org.apache.metron.stellar.common.utils.math.mathoperation.mathoperation(function,int,int);False;False;0.9034152775648784;0.09658472243512224
metron-stellar\stellar-common\src\main\java\org\apache\metron\stellar\common\utils\math\mathoperation.java@org.apache.metron.stellar.common.utils.math.mathoperation.getmaxargs();False;False;0.9995142857142856;0.0004857142857142857
metron-stellar\stellar-common\src\main\java\org\apache\metron\stellar\common\utils\math\mathoperation.java@org.apache.metron.stellar.common.utils.math.mathoperation.getminargs();False;False;1.0;0.0
metron-stellar\stellar-common\src\main\java\org\apache\metron\stellar\common\utils\math\mathoperation.java@org.apache.metron.stellar.common.utils.math.mathoperation.getoperation();False;False;0.9870016977227632;0.012998302277236747
metron-stellar\stellar-common\src\main\java\org\apache\metron\stellar\common\utils\math\mathoperations.java@org.apache.metron.stellar.common.utils.math.binaryopfunc.binaryopfunc(bifunction);False;False;0.9034152775648784;0.09658472243512224
metron-stellar\stellar-common\src\main\java\org\apache\metron\stellar\common\utils\math\mathoperations.java@org.apache.metron.stellar.common.utils.math.binaryopfunc.apply(number[]);False;False;0.9034152775648784;0.09658472243512224
metron-stellar\stellar-common\src\main\java\org\apache\metron\stellar\common\utils\math\mathoperations.java@org.apache.metron.stellar.common.utils.math.singleopfunc.singleopfunc(function);False;False;0.9034152775648784;0.09658472243512224
metron-stellar\stellar-common\src\main\java\org\apache\metron\stellar\common\utils\math\mathoperations.java@org.apache.metron.stellar.common.utils.math.singleopfunc.apply(number[]);False;False;0.9034152775648784;0.09658472243512224
metron-stellar\stellar-common\src\main\java\org\apache\metron\stellar\common\utils\math\stellarmathfunction.java@org.apache.metron.stellar.common.utils.math.stellarmathfunction.stellarmathfunction(mathoperation);False;False;0.9034152775648784;0.09658472243512224
metron-stellar\stellar-common\src\main\java\org\apache\metron\stellar\common\utils\math\stellarmathfunction.java@org.apache.metron.stellar.common.utils.math.stellarmathfunction.stellarmathfunction(mathoperations);False;False;0.9034152775648784;0.09658472243512224
metron-stellar\stellar-common\src\main\java\org\apache\metron\stellar\common\utils\math\stellarmathfunction.java@org.apache.metron.stellar.common.utils.math.stellarmathfunction.apply(list,context);False;False;0.9034152775648784;0.09658472243512224
metron-stellar\stellar-common\src\main\java\org\apache\metron\stellar\common\utils\math\stellarmathfunction.java@org.apache.metron.stellar.common.utils.math.stellarmathfunction.isinitialized();False;False;0.9870016977227632;0.012998302277236747
metron-stellar\stellar-common\src\main\java\org\apache\metron\stellar\dsl\basestellarfunction.java@org.apache.metron.stellar.dsl.basestellarfunction.apply(list,context);False;False;0.9034152775648784;0.09658472243512224
metron-stellar\stellar-common\src\main\java\org\apache\metron\stellar\dsl\basestellarfunction.java@org.apache.metron.stellar.dsl.basestellarfunction.isinitialized();False;False;0.9870016977227632;0.012998302277236747
metron-stellar\stellar-common\src\main\java\org\apache\metron\stellar\dsl\context.java@org.apache.metron.stellar.dsl.builder.build();False;False;0.991;0.009
metron-stellar\stellar-common\src\main\java\org\apache\metron\stellar\dsl\context.java@org.apache.metron.stellar.dsl.builder.with(enum,capability);False;False;0.9034152775648784;0.09658472243512224
metron-stellar\stellar-common\src\main\java\org\apache\metron\stellar\dsl\context.java@org.apache.metron.stellar.dsl.builder.with(string,capability);False;False;0.9034152775648784;0.09658472243512224
metron-stellar\stellar-common\src\main\java\org\apache\metron\stellar\dsl\context.java@org.apache.metron.stellar.dsl.builder.withall(map);False;False;0.9034152775648784;0.09658472243512224
metron-stellar\stellar-common\src\main\java\org\apache\metron\stellar\dsl\context.java@org.apache.metron.stellar.dsl.context.context(map);False;False;0.9034152775648784;0.09658472243512224
metron-stellar\stellar-common\src\main\java\org\apache\metron\stellar\dsl\context.java@org.apache.metron.stellar.dsl.context.empty_context();False;False;0.9812833333333332;0.01871666666666667
metron-stellar\stellar-common\src\main\java\org\apache\metron\stellar\dsl\context.java@org.apache.metron.stellar.dsl.context.addcapability(enum,capability);False;False;0.9034152775648784;0.09658472243512224
metron-stellar\stellar-common\src\main\java\org\apache\metron\stellar\dsl\context.java@org.apache.metron.stellar.dsl.context.addcapability(string,capability);False;False;0.9034152775648784;0.09658472243512224
metron-stellar\stellar-common\src\main\java\org\apache\metron\stellar\dsl\context.java@org.apache.metron.stellar.dsl.context.build();False;False;0.9034152775648784;0.09658472243512224
metron-stellar\stellar-common\src\main\java\org\apache\metron\stellar\dsl\context.java@org.apache.metron.stellar.dsl.context.getactivitytype();False;False;1.0;0.0
metron-stellar\stellar-common\src\main\java\org\apache\metron\stellar\dsl\context.java@org.apache.metron.stellar.dsl.context.getcapability(enum);False;False;0.9034152775648784;0.09658472243512224
metron-stellar\stellar-common\src\main\java\org\apache\metron\stellar\dsl\context.java@org.apache.metron.stellar.dsl.context.getcapability(enum,boolean);False;False;0.9034152775648784;0.09658472243512224
metron-stellar\stellar-common\src\main\java\org\apache\metron\stellar\dsl\context.java@org.apache.metron.stellar.dsl.context.getcapability(string);False;False;1.0;0.0
metron-stellar\stellar-common\src\main\java\org\apache\metron\stellar\dsl\context.java@org.apache.metron.stellar.dsl.context.getcapability(string,boolean);False;False;0.9034152775648784;0.09658472243512224
metron-stellar\stellar-common\src\main\java\org\apache\metron\stellar\dsl\context.java@org.apache.metron.stellar.dsl.context.setactivitytype(activitytype);False;False;1.0;0.0
metron-stellar\stellar-common\src\main\java\org\apache\metron\stellar\dsl\context.java@org.apache.metron.stellar.dsl.context.with(enum,capability);False;False;0.9034152775648784;0.09658472243512224
metron-stellar\stellar-common\src\main\java\org\apache\metron\stellar\dsl\context.java@org.apache.metron.stellar.dsl.context.with(string,capability);False;False;0.9034152775648784;0.09658472243512224
metron-stellar\stellar-common\src\main\java\org\apache\metron\stellar\dsl\context.java@org.apache.metron.stellar.dsl.context.withall(map);False;False;0.9034152775648784;0.09658472243512224
metron-stellar\stellar-common\src\main\java\org\apache\metron\stellar\dsl\defaultvariableresolver.java@org.apache.metron.stellar.dsl.defaultvariableresolver.defaultvariableresolver(function,function);False;False;0.9034152775648784;0.09658472243512224
metron-stellar\stellar-common\src\main\java\org\apache\metron\stellar\dsl\defaultvariableresolver.java@org.apache.metron.stellar.dsl.defaultvariableresolver.null_resolver();False;False;0.9034152775648784;0.09658472243512224
metron-stellar\stellar-common\src\main\java\org\apache\metron\stellar\dsl\defaultvariableresolver.java@org.apache.metron.stellar.dsl.defaultvariableresolver.exists(string);False;False;1.0;0.0
metron-stellar\stellar-common\src\main\java\org\apache\metron\stellar\dsl\defaultvariableresolver.java@org.apache.metron.stellar.dsl.defaultvariableresolver.resolve(string);False;False;1.0;0.0
metron-stellar\stellar-common\src\main\java\org\apache\metron\stellar\dsl\errorlistener.java@org.apache.metron.stellar.dsl.errorlistener.syntaxerror(recognizer,object,int,int,string,recognitionexception);False;False;0.9034152775648784;0.09658472243512224
metron-stellar\stellar-common\src\main\java\org\apache\metron\stellar\dsl\grammarutils.java@org.apache.metron.stellar.dsl.ast.ast(ast,parsetree);False;False;0.9034152775648784;0.09658472243512224
metron-stellar\stellar-common\src\main\java\org\apache\metron\stellar\dsl\grammarutils.java@org.apache.metron.stellar.dsl.ast.ast(ast,parsetree,list);False;False;0.9034152775648784;0.09658472243512224
metron-stellar\stellar-common\src\main\java\org\apache\metron\stellar\dsl\grammarutils.java@org.apache.metron.stellar.dsl.ast.ast(parsetree);False;False;0.9034152775648784;0.09658472243512224
metron-stellar\stellar-common\src\main\java\org\apache\metron\stellar\dsl\grammarutils.java@org.apache.metron.stellar.dsl.ast.getpayload(parsetree);False;False;0.9034152775648784;0.09658472243512224
metron-stellar\stellar-common\src\main\java\org\apache\metron\stellar\dsl\grammarutils.java@org.apache.metron.stellar.dsl.ast.tostring();False;False;1.0;0.0
metron-stellar\stellar-common\src\main\java\org\apache\metron\stellar\dsl\grammarutils.java@org.apache.metron.stellar.dsl.ast.walk(parsetree,ast);False;False;0.9034152775648784;0.09658472243512224
metron-stellar\stellar-common\src\main\java\org\apache\metron\stellar\dsl\grammarutils.java@org.apache.metron.stellar.dsl.grammarutils.ast(ast,parsetree);False;False;0.9034152775648784;0.09658472243512224
metron-stellar\stellar-common\src\main\java\org\apache\metron\stellar\dsl\grammarutils.java@org.apache.metron.stellar.dsl.grammarutils.ast(ast,parsetree,list);False;False;0.9034152775648784;0.09658472243512224
metron-stellar\stellar-common\src\main\java\org\apache\metron\stellar\dsl\grammarutils.java@org.apache.metron.stellar.dsl.grammarutils.ast(parsetree);False;False;0.9034152775648784;0.09658472243512224
metron-stellar\stellar-common\src\main\java\org\apache\metron\stellar\dsl\grammarutils.java@org.apache.metron.stellar.dsl.grammarutils.getpayload(parsetree);False;False;0.9956666666666666;0.004333333333333333
metron-stellar\stellar-common\src\main\java\org\apache\metron\stellar\dsl\grammarutils.java@org.apache.metron.stellar.dsl.grammarutils.tostring();False;False;0.9863333333333333;0.013666666666666667
metron-stellar\stellar-common\src\main\java\org\apache\metron\stellar\dsl\grammarutils.java@org.apache.metron.stellar.dsl.grammarutils.tosyntaxtree(parsetree);False;False;0.999;0.001
metron-stellar\stellar-common\src\main\java\org\apache\metron\stellar\dsl\grammarutils.java@org.apache.metron.stellar.dsl.grammarutils.walk(parsetree,ast);False;False;0.9034152775648784;0.09658472243512224
metron-stellar\stellar-common\src\main\java\org\apache\metron\stellar\dsl\mapvariableresolver.java@org.apache.metron.stellar.dsl.mapvariableresolver.mapvariableresolver(map,map);False;False;0.9034152775648784;0.09658472243512224
metron-stellar\stellar-common\src\main\java\org\apache\metron\stellar\dsl\mapvariableresolver.java@org.apache.metron.stellar.dsl.mapvariableresolver.add(map);False;False;0.9955;0.0045
metron-stellar\stellar-common\src\main\java\org\apache\metron\stellar\dsl\mapvariableresolver.java@org.apache.metron.stellar.dsl.mapvariableresolver.exists(string);False;False;0.9999677419354839;3.2258064516129034e-05
metron-stellar\stellar-common\src\main\java\org\apache\metron\stellar\dsl\mapvariableresolver.java@org.apache.metron.stellar.dsl.mapvariableresolver.resolve(string);False;False;0.9821000000000001;0.0179
metron-stellar\stellar-common\src\main\java\org\apache\metron\stellar\dsl\parseexception.java@org.apache.metron.stellar.dsl.parseexception.parseexception(string);False;False;0.9034152775648784;0.09658472243512224
metron-stellar\stellar-common\src\main\java\org\apache\metron\stellar\dsl\parseexception.java@org.apache.metron.stellar.dsl.parseexception.parseexception(string,throwable);False;False;0.9034152775648784;0.09658472243512224
metron-stellar\stellar-common\src\main\java\org\apache\metron\stellar\dsl\predicate2stellarfunction.java@org.apache.metron.stellar.dsl.predicate2stellarfunction.predicate2stellarfunction(predicate);False;False;0.9034152775648784;0.09658472243512224
metron-stellar\stellar-common\src\main\java\org\apache\metron\stellar\dsl\predicate2stellarfunction.java@org.apache.metron.stellar.dsl.predicate2stellarfunction.apply(list);False;False;0.9034152775648784;0.09658472243512224
metron-stellar\stellar-common\src\main\java\org\apache\metron\stellar\dsl\stellarfunctioninfo.java@org.apache.metron.stellar.dsl.stellarfunctioninfo.stellarfunctioninfo(string,string,string[],string,stellarfunction);False;False;0.9034152775648784;0.09658472243512224
metron-stellar\stellar-common\src\main\java\org\apache\metron\stellar\dsl\stellarfunctioninfo.java@org.apache.metron.stellar.dsl.stellarfunctioninfo.equals(object);False;False;0.982;0.018
metron-stellar\stellar-common\src\main\java\org\apache\metron\stellar\dsl\stellarfunctioninfo.java@org.apache.metron.stellar.dsl.stellarfunctioninfo.getdescription();False;False;0.9870016977227632;0.012998302277236747
metron-stellar\stellar-common\src\main\java\org\apache\metron\stellar\dsl\stellarfunctioninfo.java@org.apache.metron.stellar.dsl.stellarfunctioninfo.getfunction();False;False;1.0;0.0
metron-stellar\stellar-common\src\main\java\org\apache\metron\stellar\dsl\stellarfunctioninfo.java@org.apache.metron.stellar.dsl.stellarfunctioninfo.getname();False;False;0.9870016977227632;0.012998302277236747
metron-stellar\stellar-common\src\main\java\org\apache\metron\stellar\dsl\stellarfunctioninfo.java@org.apache.metron.stellar.dsl.stellarfunctioninfo.getparams();False;False;0.9870016977227632;0.012998302277236747
metron-stellar\stellar-common\src\main\java\org\apache\metron\stellar\dsl\stellarfunctioninfo.java@org.apache.metron.stellar.dsl.stellarfunctioninfo.getreturns();False;False;0.998;0.002
metron-stellar\stellar-common\src\main\java\org\apache\metron\stellar\dsl\stellarfunctioninfo.java@org.apache.metron.stellar.dsl.stellarfunctioninfo.hashcode();False;False;0.9910714285714286;0.008928571428571428
metron-stellar\stellar-common\src\main\java\org\apache\metron\stellar\dsl\stellarfunctioninfo.java@org.apache.metron.stellar.dsl.stellarfunctioninfo.tostring();False;False;0.999;0.001
metron-stellar\stellar-common\src\main\java\org\apache\metron\stellar\dsl\stellarfunctions.java@org.apache.metron.stellar.dsl.stellarfunctions.function_resolver();False;False;0.999;0.001
metron-stellar\stellar-common\src\main\java\org\apache\metron\stellar\dsl\stellarfunctions.java@org.apache.metron.stellar.dsl.stellarfunctions.initialize(context);False;False;0.99275;0.0072499999999999995
metron-stellar\stellar-common\src\main\java\org\apache\metron\stellar\dsl\token.java@org.apache.metron.stellar.dsl.token.token(t,class);False;False;0.9034152775648784;0.09658472243512224
metron-stellar\stellar-common\src\main\java\org\apache\metron\stellar\dsl\token.java@org.apache.metron.stellar.dsl.token.token(t,class,framecontext);False;False;0.9034152775648784;0.09658472243512224
metron-stellar\stellar-common\src\main\java\org\apache\metron\stellar\dsl\token.java@org.apache.metron.stellar.dsl.token.equals(object);False;False;1.0;0.0
metron-stellar\stellar-common\src\main\java\org\apache\metron\stellar\dsl\token.java@org.apache.metron.stellar.dsl.token.getmultiargcontext();False;False;0.999;0.001
metron-stellar\stellar-common\src\main\java\org\apache\metron\stellar\dsl\token.java@org.apache.metron.stellar.dsl.token.getunderlyingtype();False;False;1.0;0.0
metron-stellar\stellar-common\src\main\java\org\apache\metron\stellar\dsl\token.java@org.apache.metron.stellar.dsl.token.getvalue();False;False;1.0;0.0
metron-stellar\stellar-common\src\main\java\org\apache\metron\stellar\dsl\token.java@org.apache.metron.stellar.dsl.token.hashcode();False;False;1.0;0.0
metron-stellar\stellar-common\src\main\java\org\apache\metron\stellar\dsl\token.java@org.apache.metron.stellar.dsl.token.tostring();False;False;0.9998674691888894;0.00013253081111075886
metron-stellar\stellar-common\src\main\java\org\apache\metron\stellar\dsl\functions\conversionfunctions.java@org.apache.metron.stellar.dsl.functions.cast.cast(class);False;False;0.9034152775648784;0.09658472243512224
metron-stellar\stellar-common\src\main\java\org\apache\metron\stellar\dsl\functions\conversionfunctions.java@org.apache.metron.stellar.dsl.functions.cast.apply(list);False;False;0.9034152775648784;0.09658472243512224
metron-stellar\stellar-common\src\main\java\org\apache\metron\stellar\dsl\functions\conversionfunctions.java@org.apache.metron.stellar.dsl.functions.conversionfunctions.cast(class);False;False;0.9034152775648784;0.09658472243512224
metron-stellar\stellar-common\src\main\java\org\apache\metron\stellar\dsl\functions\conversionfunctions.java@org.apache.metron.stellar.dsl.functions.conversionfunctions.to_double();False;False;0.9034152775648784;0.09658472243512224
metron-stellar\stellar-common\src\main\java\org\apache\metron\stellar\dsl\functions\conversionfunctions.java@org.apache.metron.stellar.dsl.functions.conversionfunctions.to_float();False;False;0.9034152775648784;0.09658472243512224
metron-stellar\stellar-common\src\main\java\org\apache\metron\stellar\dsl\functions\conversionfunctions.java@org.apache.metron.stellar.dsl.functions.conversionfunctions.to_integer();False;False;0.9034152775648784;0.09658472243512224
metron-stellar\stellar-common\src\main\java\org\apache\metron\stellar\dsl\functions\conversionfunctions.java@org.apache.metron.stellar.dsl.functions.conversionfunctions.to_long();False;False;0.9034152775648784;0.09658472243512224
metron-stellar\stellar-common\src\main\java\org\apache\metron\stellar\dsl\functions\conversionfunctions.java@org.apache.metron.stellar.dsl.functions.conversionfunctions.apply(list);False;False;0.9034152775648784;0.09658472243512224
metron-stellar\stellar-common\src\main\java\org\apache\metron\stellar\dsl\functions\conversionfunctions.java@org.apache.metron.stellar.dsl.functions.to_double.to_double();False;False;0.9034152775648784;0.09658472243512224
metron-stellar\stellar-common\src\main\java\org\apache\metron\stellar\dsl\functions\conversionfunctions.java@org.apache.metron.stellar.dsl.functions.to_float.to_float();False;False;0.9034152775648784;0.09658472243512224
metron-stellar\stellar-common\src\main\java\org\apache\metron\stellar\dsl\functions\conversionfunctions.java@org.apache.metron.stellar.dsl.functions.to_integer.to_integer();False;False;0.9034152775648784;0.09658472243512224
metron-stellar\stellar-common\src\main\java\org\apache\metron\stellar\dsl\functions\conversionfunctions.java@org.apache.metron.stellar.dsl.functions.to_long.to_long();False;False;0.9034152775648784;0.09658472243512224
metron-stellar\stellar-common\src\main\java\org\apache\metron\stellar\dsl\functions\datastructurefunctions.java@org.apache.metron.stellar.dsl.functions.bloomadd.apply(list);False;False;0.9034152775648784;0.09658472243512224
metron-stellar\stellar-common\src\main\java\org\apache\metron\stellar\dsl\functions\datastructurefunctions.java@org.apache.metron.stellar.dsl.functions.bloomexists.apply(list);False;False;0.9034152775648784;0.09658472243512224
metron-stellar\stellar-common\src\main\java\org\apache\metron\stellar\dsl\functions\datastructurefunctions.java@org.apache.metron.stellar.dsl.functions.bloominit.apply(list);False;False;0.9034152775648784;0.09658472243512224
metron-stellar\stellar-common\src\main\java\org\apache\metron\stellar\dsl\functions\datastructurefunctions.java@org.apache.metron.stellar.dsl.functions.bloommerge.apply(list);False;False;0.9034152775648784;0.09658472243512224
metron-stellar\stellar-common\src\main\java\org\apache\metron\stellar\dsl\functions\datastructurefunctions.java@org.apache.metron.stellar.dsl.functions.datastructurefunctions.apply(list);False;False;0.9034152775648784;0.09658472243512224
metron-stellar\stellar-common\src\main\java\org\apache\metron\stellar\dsl\functions\datastructurefunctions.java@org.apache.metron.stellar.dsl.functions.isempty.apply(list);False;False;0.9034152775648784;0.09658472243512224
metron-stellar\stellar-common\src\main\java\org\apache\metron\stellar\dsl\functions\datastructurefunctions.java@org.apache.metron.stellar.dsl.functions.length.apply(list);False;False;0.9034152775648784;0.09658472243512224
metron-stellar\stellar-common\src\main\java\org\apache\metron\stellar\dsl\functions\datastructurefunctions.java@org.apache.metron.stellar.dsl.functions.listadd.apply(list);False;False;0.9034152775648784;0.09658472243512224
metron-stellar\stellar-common\src\main\java\org\apache\metron\stellar\dsl\functions\datefunctions.java@org.apache.metron.stellar.dsl.functions.datefunctions.timezonedformat(string);False;False;0.9034152775648784;0.09658472243512224
metron-stellar\stellar-common\src\main\java\org\apache\metron\stellar\dsl\functions\datefunctions.java@org.apache.metron.stellar.dsl.functions.datefunctions.timezonedformat(string,string);False;False;0.9034152775648784;0.09658472243512224
metron-stellar\stellar-common\src\main\java\org\apache\metron\stellar\dsl\functions\datefunctions.java@org.apache.metron.stellar.dsl.functions.datefunctions.apply(list);False;False;0.9034152775648784;0.09658472243512224
metron-stellar\stellar-common\src\main\java\org\apache\metron\stellar\dsl\functions\datefunctions.java@org.apache.metron.stellar.dsl.functions.datefunctions.createformat(string,optional);False;False;0.9034152775648784;0.09658472243512224
metron-stellar\stellar-common\src\main\java\org\apache\metron\stellar\dsl\functions\datefunctions.java@org.apache.metron.stellar.dsl.functions.datefunctions.equals(object);False;False;1.0;0.0
metron-stellar\stellar-common\src\main\java\org\apache\metron\stellar\dsl\functions\datefunctions.java@org.apache.metron.stellar.dsl.functions.datefunctions.getepochtime(string,string,optional);False;False;0.9034152775648784;0.09658472243512224
metron-stellar\stellar-common\src\main\java\org\apache\metron\stellar\dsl\functions\datefunctions.java@org.apache.metron.stellar.dsl.functions.datefunctions.getordefault(list,int,class,t);False;False;0.9034152775648784;0.09658472243512224
metron-stellar\stellar-common\src\main\java\org\apache\metron\stellar\dsl\functions\datefunctions.java@org.apache.metron.stellar.dsl.functions.datefunctions.hashcode();False;False;1.0;0.0
metron-stellar\stellar-common\src\main\java\org\apache\metron\stellar\dsl\functions\datefunctions.java@org.apache.metron.stellar.dsl.functions.datefunctions.initialvalue();False;False;1.0;0.0
metron-stellar\stellar-common\src\main\java\org\apache\metron\stellar\dsl\functions\datefunctions.java@org.apache.metron.stellar.dsl.functions.datefunctions.load(timezonedformat);False;False;0.97725;0.02275
metron-stellar\stellar-common\src\main\java\org\apache\metron\stellar\dsl\functions\datefunctions.java@org.apache.metron.stellar.dsl.functions.datefunctions.todateformat();False;False;1.0;0.0
metron-stellar\stellar-common\src\main\java\org\apache\metron\stellar\dsl\functions\datefunctions.java@org.apache.metron.stellar.dsl.functions.dayofmonth.apply(list);False;False;0.9034152775648784;0.09658472243512224
metron-stellar\stellar-common\src\main\java\org\apache\metron\stellar\dsl\functions\datefunctions.java@org.apache.metron.stellar.dsl.functions.dayofweek.apply(list);False;False;0.9034152775648784;0.09658472243512224
metron-stellar\stellar-common\src\main\java\org\apache\metron\stellar\dsl\functions\datefunctions.java@org.apache.metron.stellar.dsl.functions.dayofyear.apply(list);False;False;0.9034152775648784;0.09658472243512224
metron-stellar\stellar-common\src\main\java\org\apache\metron\stellar\dsl\functions\datefunctions.java@org.apache.metron.stellar.dsl.functions.monthofyear.apply(list);False;False;0.9034152775648784;0.09658472243512224
metron-stellar\stellar-common\src\main\java\org\apache\metron\stellar\dsl\functions\datefunctions.java@org.apache.metron.stellar.dsl.functions.timezonedformat.timezonedformat(string);False;False;0.9034152775648784;0.09658472243512224
metron-stellar\stellar-common\src\main\java\org\apache\metron\stellar\dsl\functions\datefunctions.java@org.apache.metron.stellar.dsl.functions.timezonedformat.timezonedformat(string,string);False;False;0.9034152775648784;0.09658472243512224
metron-stellar\stellar-common\src\main\java\org\apache\metron\stellar\dsl\functions\datefunctions.java@org.apache.metron.stellar.dsl.functions.timezonedformat.equals(object);False;False;0.9034152775648784;0.09658472243512224
metron-stellar\stellar-common\src\main\java\org\apache\metron\stellar\dsl\functions\datefunctions.java@org.apache.metron.stellar.dsl.functions.timezonedformat.hashcode();False;False;0.9851351218008023;0.014864878199197096
metron-stellar\stellar-common\src\main\java\org\apache\metron\stellar\dsl\functions\datefunctions.java@org.apache.metron.stellar.dsl.functions.timezonedformat.todateformat();False;False;0.9851351218008023;0.014864878199197096
metron-stellar\stellar-common\src\main\java\org\apache\metron\stellar\dsl\functions\datefunctions.java@org.apache.metron.stellar.dsl.functions.totimestamp.apply(list);False;False;0.9034152775648784;0.09658472243512224
metron-stellar\stellar-common\src\main\java\org\apache\metron\stellar\dsl\functions\datefunctions.java@org.apache.metron.stellar.dsl.functions.weekofmonth.apply(list);False;False;0.9034152775648784;0.09658472243512224
metron-stellar\stellar-common\src\main\java\org\apache\metron\stellar\dsl\functions\datefunctions.java@org.apache.metron.stellar.dsl.functions.weekofyear.apply(list);False;False;0.9034152775648784;0.09658472243512224
metron-stellar\stellar-common\src\main\java\org\apache\metron\stellar\dsl\functions\datefunctions.java@org.apache.metron.stellar.dsl.functions.year.apply(list);False;False;0.9034152775648784;0.09658472243512224
metron-stellar\stellar-common\src\main\java\org\apache\metron\stellar\dsl\functions\encodingfunctions.java@org.apache.metron.stellar.dsl.functions.decode.apply(list);False;False;0.9034152775648784;0.09658472243512224
metron-stellar\stellar-common\src\main\java\org\apache\metron\stellar\dsl\functions\encodingfunctions.java@org.apache.metron.stellar.dsl.functions.encode.apply(list);False;False;0.9034152775648784;0.09658472243512224
metron-stellar\stellar-common\src\main\java\org\apache\metron\stellar\dsl\functions\encodingfunctions.java@org.apache.metron.stellar.dsl.functions.encodingfunctions.apply(list);False;False;0.9034152775648784;0.09658472243512224
metron-stellar\stellar-common\src\main\java\org\apache\metron\stellar\dsl\functions\encodingfunctions.java@org.apache.metron.stellar.dsl.functions.getsupportedencodings.apply(list);False;False;0.9034152775648784;0.09658472243512224
metron-stellar\stellar-common\src\main\java\org\apache\metron\stellar\dsl\functions\encodingfunctions.java@org.apache.metron.stellar.dsl.functions.isencoding.apply(list);False;False;0.9034152775648784;0.09658472243512224
metron-stellar\stellar-common\src\main\java\org\apache\metron\stellar\dsl\functions\functionalfunctions.java@org.apache.metron.stellar.dsl.functions.filter.apply(list);False;False;0.9034152775648784;0.09658472243512224
metron-stellar\stellar-common\src\main\java\org\apache\metron\stellar\dsl\functions\functionalfunctions.java@org.apache.metron.stellar.dsl.functions.functionalfunctions.apply(list);False;False;0.9034152775648784;0.09658472243512224
metron-stellar\stellar-common\src\main\java\org\apache\metron\stellar\dsl\functions\functionalfunctions.java@org.apache.metron.stellar.dsl.functions.functionalfunctions.getiterable(object);False;False;0.9634166666666667;0.03658333333333333
metron-stellar\stellar-common\src\main\java\org\apache\metron\stellar\dsl\functions\functionalfunctions.java@org.apache.metron.stellar.dsl.functions.functionalfunctions.listof(object);False;False;0.976;0.024
metron-stellar\stellar-common\src\main\java\org\apache\metron\stellar\dsl\functions\functionalfunctions.java@org.apache.metron.stellar.dsl.functions.functionalfunctions.zip(list,boolean);False;False;0.9034152775648784;0.09658472243512224
metron-stellar\stellar-common\src\main\java\org\apache\metron\stellar\dsl\functions\functionalfunctions.java@org.apache.metron.stellar.dsl.functions.longestzip.apply(list);False;False;0.9034152775648784;0.09658472243512224
metron-stellar\stellar-common\src\main\java\org\apache\metron\stellar\dsl\functions\functionalfunctions.java@org.apache.metron.stellar.dsl.functions.map.apply(list);False;False;0.9034152775648784;0.09658472243512224
metron-stellar\stellar-common\src\main\java\org\apache\metron\stellar\dsl\functions\functionalfunctions.java@org.apache.metron.stellar.dsl.functions.reduce.apply(list);False;False;0.9034152775648784;0.09658472243512224
metron-stellar\stellar-common\src\main\java\org\apache\metron\stellar\dsl\functions\functionalfunctions.java@org.apache.metron.stellar.dsl.functions.zip.apply(list);False;False;0.9034152775648784;0.09658472243512224
metron-stellar\stellar-common\src\main\java\org\apache\metron\stellar\dsl\functions\hashfunctions.java@org.apache.metron.stellar.dsl.functions.hash.apply(list);False;False;0.9034152775648784;0.09658472243512224
metron-stellar\stellar-common\src\main\java\org\apache\metron\stellar\dsl\functions\hashfunctions.java@org.apache.metron.stellar.dsl.functions.hashfunctions.apply(list);False;False;0.9034152775648784;0.09658472243512224
metron-stellar\stellar-common\src\main\java\org\apache\metron\stellar\dsl\functions\hashfunctions.java@org.apache.metron.stellar.dsl.functions.listsupportedhashtypes.apply(list);False;False;0.9034152775648784;0.09658472243512224
metron-stellar\stellar-common\src\main\java\org\apache\metron\stellar\dsl\functions\hashfunctions.java@org.apache.metron.stellar.dsl.functions.tlshdist.apply(list);False;False;0.9034152775648784;0.09658472243512224
metron-stellar\stellar-common\src\main\java\org\apache\metron\stellar\dsl\functions\mapfunctions.java@org.apache.metron.stellar.dsl.functions.mapexists.apply(list);False;False;0.9034152775648784;0.09658472243512224
metron-stellar\stellar-common\src\main\java\org\apache\metron\stellar\dsl\functions\mapfunctions.java@org.apache.metron.stellar.dsl.functions.mapfunctions.apply(list);False;False;0.9034152775648784;0.09658472243512224
metron-stellar\stellar-common\src\main\java\org\apache\metron\stellar\dsl\functions\mapfunctions.java@org.apache.metron.stellar.dsl.functions.mapget.apply(list);False;False;0.9034152775648784;0.09658472243512224
metron-stellar\stellar-common\src\main\java\org\apache\metron\stellar\dsl\functions\mathfunctions.java@org.apache.metron.stellar.dsl.functions.abs.abs();False;False;0.9034152775648784;0.09658472243512224
metron-stellar\stellar-common\src\main\java\org\apache\metron\stellar\dsl\functions\mathfunctions.java@org.apache.metron.stellar.dsl.functions.ceil.ceil();False;False;0.9034152775648784;0.09658472243512224
metron-stellar\stellar-common\src\main\java\org\apache\metron\stellar\dsl\functions\mathfunctions.java@org.apache.metron.stellar.dsl.functions.cos.cos();False;False;0.9034152775648784;0.09658472243512224
metron-stellar\stellar-common\src\main\java\org\apache\metron\stellar\dsl\functions\mathfunctions.java@org.apache.metron.stellar.dsl.functions.exp.exp();False;False;0.9034152775648784;0.09658472243512224
metron-stellar\stellar-common\src\main\java\org\apache\metron\stellar\dsl\functions\mathfunctions.java@org.apache.metron.stellar.dsl.functions.floor.floor();False;False;0.9034152775648784;0.09658472243512224
metron-stellar\stellar-common\src\main\java\org\apache\metron\stellar\dsl\functions\mathfunctions.java@org.apache.metron.stellar.dsl.functions.isnan.apply(list);False;False;0.9034152775648784;0.09658472243512224
metron-stellar\stellar-common\src\main\java\org\apache\metron\stellar\dsl\functions\mathfunctions.java@org.apache.metron.stellar.dsl.functions.ln.ln();False;False;0.9034152775648784;0.09658472243512224
metron-stellar\stellar-common\src\main\java\org\apache\metron\stellar\dsl\functions\mathfunctions.java@org.apache.metron.stellar.dsl.functions.log10.log10();False;False;0.9034152775648784;0.09658472243512224
metron-stellar\stellar-common\src\main\java\org\apache\metron\stellar\dsl\functions\mathfunctions.java@org.apache.metron.stellar.dsl.functions.log2.log2();False;False;0.9034152775648784;0.09658472243512224
metron-stellar\stellar-common\src\main\java\org\apache\metron\stellar\dsl\functions\mathfunctions.java@org.apache.metron.stellar.dsl.functions.mathfunctions.abs();False;False;0.9034152775648784;0.09658472243512224
metron-stellar\stellar-common\src\main\java\org\apache\metron\stellar\dsl\functions\mathfunctions.java@org.apache.metron.stellar.dsl.functions.mathfunctions.ceil();False;False;0.9034152775648784;0.09658472243512224
metron-stellar\stellar-common\src\main\java\org\apache\metron\stellar\dsl\functions\mathfunctions.java@org.apache.metron.stellar.dsl.functions.mathfunctions.cos();False;False;0.9034152775648784;0.09658472243512224
metron-stellar\stellar-common\src\main\java\org\apache\metron\stellar\dsl\functions\mathfunctions.java@org.apache.metron.stellar.dsl.functions.mathfunctions.exp();False;False;0.9034152775648784;0.09658472243512224
metron-stellar\stellar-common\src\main\java\org\apache\metron\stellar\dsl\functions\mathfunctions.java@org.apache.metron.stellar.dsl.functions.mathfunctions.floor();False;False;0.9034152775648784;0.09658472243512224
metron-stellar\stellar-common\src\main\java\org\apache\metron\stellar\dsl\functions\mathfunctions.java@org.apache.metron.stellar.dsl.functions.mathfunctions.ln();False;False;0.9034152775648784;0.09658472243512224
metron-stellar\stellar-common\src\main\java\org\apache\metron\stellar\dsl\functions\mathfunctions.java@org.apache.metron.stellar.dsl.functions.mathfunctions.log10();False;False;0.9034152775648784;0.09658472243512224
metron-stellar\stellar-common\src\main\java\org\apache\metron\stellar\dsl\functions\mathfunctions.java@org.apache.metron.stellar.dsl.functions.mathfunctions.log2();False;False;0.9034152775648784;0.09658472243512224
metron-stellar\stellar-common\src\main\java\org\apache\metron\stellar\dsl\functions\mathfunctions.java@org.apache.metron.stellar.dsl.functions.mathfunctions.round();False;False;0.9034152775648784;0.09658472243512224
metron-stellar\stellar-common\src\main\java\org\apache\metron\stellar\dsl\functions\mathfunctions.java@org.apache.metron.stellar.dsl.functions.mathfunctions.sin();False;False;0.9034152775648784;0.09658472243512224
metron-stellar\stellar-common\src\main\java\org\apache\metron\stellar\dsl\functions\mathfunctions.java@org.apache.metron.stellar.dsl.functions.mathfunctions.sqrt();False;False;0.9034152775648784;0.09658472243512224
metron-stellar\stellar-common\src\main\java\org\apache\metron\stellar\dsl\functions\mathfunctions.java@org.apache.metron.stellar.dsl.functions.mathfunctions.tan();False;False;0.9034152775648784;0.09658472243512224
metron-stellar\stellar-common\src\main\java\org\apache\metron\stellar\dsl\functions\mathfunctions.java@org.apache.metron.stellar.dsl.functions.mathfunctions.apply(list);False;False;0.9034152775648784;0.09658472243512224
metron-stellar\stellar-common\src\main\java\org\apache\metron\stellar\dsl\functions\mathfunctions.java@org.apache.metron.stellar.dsl.functions.round.round();False;False;0.9034152775648784;0.09658472243512224
metron-stellar\stellar-common\src\main\java\org\apache\metron\stellar\dsl\functions\mathfunctions.java@org.apache.metron.stellar.dsl.functions.sin.sin();False;False;0.9034152775648784;0.09658472243512224
metron-stellar\stellar-common\src\main\java\org\apache\metron\stellar\dsl\functions\mathfunctions.java@org.apache.metron.stellar.dsl.functions.sqrt.sqrt();False;False;0.9034152775648784;0.09658472243512224
metron-stellar\stellar-common\src\main\java\org\apache\metron\stellar\dsl\functions\mathfunctions.java@org.apache.metron.stellar.dsl.functions.tan.tan();False;False;0.9034152775648784;0.09658472243512224
metron-stellar\stellar-common\src\main\java\org\apache\metron\stellar\dsl\functions\networkfunctions.java@org.apache.metron.stellar.dsl.functions.extracttld.apply(list);False;False;0.9034152775648784;0.09658472243512224
metron-stellar\stellar-common\src\main\java\org\apache\metron\stellar\dsl\functions\networkfunctions.java@org.apache.metron.stellar.dsl.functions.insubnet.apply(list);False;False;0.9034152775648784;0.09658472243512224
metron-stellar\stellar-common\src\main\java\org\apache\metron\stellar\dsl\functions\networkfunctions.java@org.apache.metron.stellar.dsl.functions.networkfunctions.apply(list);False;False;0.9034152775648784;0.09658472243512224
metron-stellar\stellar-common\src\main\java\org\apache\metron\stellar\dsl\functions\networkfunctions.java@org.apache.metron.stellar.dsl.functions.networkfunctions.extracttld(internetdomainname,string);False;False;0.9034152775648784;0.09658472243512224
metron-stellar\stellar-common\src\main\java\org\apache\metron\stellar\dsl\functions\networkfunctions.java@org.apache.metron.stellar.dsl.functions.networkfunctions.safesubstring(string,int,int);False;False;0.9034152775648784;0.09658472243512224
metron-stellar\stellar-common\src\main\java\org\apache\metron\stellar\dsl\functions\networkfunctions.java@org.apache.metron.stellar.dsl.functions.networkfunctions.todomainname(object);False;False;0.9034152775648784;0.09658472243512224
metron-stellar\stellar-common\src\main\java\org\apache\metron\stellar\dsl\functions\networkfunctions.java@org.apache.metron.stellar.dsl.functions.networkfunctions.tourl(object);False;False;0.9034152775648784;0.09658472243512224
metron-stellar\stellar-common\src\main\java\org\apache\metron\stellar\dsl\functions\networkfunctions.java@org.apache.metron.stellar.dsl.functions.removesubdomains.apply(list);False;False;0.9034152775648784;0.09658472243512224
metron-stellar\stellar-common\src\main\java\org\apache\metron\stellar\dsl\functions\networkfunctions.java@org.apache.metron.stellar.dsl.functions.removetld.apply(list);False;False;0.9034152775648784;0.09658472243512224
metron-stellar\stellar-common\src\main\java\org\apache\metron\stellar\dsl\functions\networkfunctions.java@org.apache.metron.stellar.dsl.functions.urltohost.apply(list);False;False;0.9034152775648784;0.09658472243512224
metron-stellar\stellar-common\src\main\java\org\apache\metron\stellar\dsl\functions\networkfunctions.java@org.apache.metron.stellar.dsl.functions.urltopath.apply(list);False;False;0.9034152775648784;0.09658472243512224
metron-stellar\stellar-common\src\main\java\org\apache\metron\stellar\dsl\functions\networkfunctions.java@org.apache.metron.stellar.dsl.functions.urltoport.apply(list);False;False;0.9034152775648784;0.09658472243512224
metron-stellar\stellar-common\src\main\java\org\apache\metron\stellar\dsl\functions\networkfunctions.java@org.apache.metron.stellar.dsl.functions.urltoprotocol.apply(list);False;False;0.9034152775648784;0.09658472243512224
metron-stellar\stellar-common\src\main\java\org\apache\metron\stellar\dsl\functions\ordinalfunctions.java@org.apache.metron.stellar.dsl.functions.max.apply(list);False;False;0.9034152775648784;0.09658472243512224
metron-stellar\stellar-common\src\main\java\org\apache\metron\stellar\dsl\functions\ordinalfunctions.java@org.apache.metron.stellar.dsl.functions.min.apply(list);False;False;0.9034152775648784;0.09658472243512224
metron-stellar\stellar-common\src\main\java\org\apache\metron\stellar\dsl\functions\ordinalfunctions.java@org.apache.metron.stellar.dsl.functions.ordinalfunctions.apply(list);False;False;0.9034152775648784;0.09658472243512224
metron-stellar\stellar-common\src\main\java\org\apache\metron\stellar\dsl\functions\ordinalfunctions.java@org.apache.metron.stellar.dsl.functions.ordinalfunctions.orderlist(iterable,bifunction,string);False;False;0.9034152775648784;0.09658472243512224
metron-stellar\stellar-common\src\main\java\org\apache\metron\stellar\dsl\functions\regexfunctions.java@org.apache.metron.stellar.dsl.functions.regexfunctions.apply(list);False;False;0.9034152775648784;0.09658472243512224
metron-stellar\stellar-common\src\main\java\org\apache\metron\stellar\dsl\functions\regexfunctions.java@org.apache.metron.stellar.dsl.functions.regexpgroupvalue.apply(list);False;False;0.9034152775648784;0.09658472243512224
metron-stellar\stellar-common\src\main\java\org\apache\metron\stellar\dsl\functions\regexfunctions.java@org.apache.metron.stellar.dsl.functions.regexpmatch.apply(list);False;False;0.9034152775648784;0.09658472243512224
metron-stellar\stellar-common\src\main\java\org\apache\metron\stellar\dsl\functions\regexfunctions.java@org.apache.metron.stellar.dsl.functions.regexpreplace.apply(list);False;False;0.9034152775648784;0.09658472243512224
metron-stellar\stellar-common\src\main\java\org\apache\metron\stellar\dsl\functions\setfunctions.java@org.apache.metron.stellar.dsl.functions.multisetadd.apply(list);False;False;0.9034152775648784;0.09658472243512224
metron-stellar\stellar-common\src\main\java\org\apache\metron\stellar\dsl\functions\setfunctions.java@org.apache.metron.stellar.dsl.functions.multisetinit.apply(list);False;False;0.9034152775648784;0.09658472243512224
metron-stellar\stellar-common\src\main\java\org\apache\metron\stellar\dsl\functions\setfunctions.java@org.apache.metron.stellar.dsl.functions.multisetmerge.apply(list);False;False;0.9034152775648784;0.09658472243512224
metron-stellar\stellar-common\src\main\java\org\apache\metron\stellar\dsl\functions\setfunctions.java@org.apache.metron.stellar.dsl.functions.multisetremove.apply(list);False;False;0.9034152775648784;0.09658472243512224
metron-stellar\stellar-common\src\main\java\org\apache\metron\stellar\dsl\functions\setfunctions.java@org.apache.metron.stellar.dsl.functions.multisettoset.apply(list);False;False;0.9034152775648784;0.09658472243512224
metron-stellar\stellar-common\src\main\java\org\apache\metron\stellar\dsl\functions\setfunctions.java@org.apache.metron.stellar.dsl.functions.setadd.apply(list);False;False;0.9034152775648784;0.09658472243512224
metron-stellar\stellar-common\src\main\java\org\apache\metron\stellar\dsl\functions\setfunctions.java@org.apache.metron.stellar.dsl.functions.setfunctions.apply(list);False;False;0.9034152775648784;0.09658472243512224
metron-stellar\stellar-common\src\main\java\org\apache\metron\stellar\dsl\functions\setfunctions.java@org.apache.metron.stellar.dsl.functions.setinit.apply(list);False;False;0.9034152775648784;0.09658472243512224
metron-stellar\stellar-common\src\main\java\org\apache\metron\stellar\dsl\functions\setfunctions.java@org.apache.metron.stellar.dsl.functions.setmerge.apply(list);False;False;0.9034152775648784;0.09658472243512224
metron-stellar\stellar-common\src\main\java\org\apache\metron\stellar\dsl\functions\setfunctions.java@org.apache.metron.stellar.dsl.functions.setremove.apply(list);False;False;0.9034152775648784;0.09658472243512224
metron-stellar\stellar-common\src\main\java\org\apache\metron\stellar\dsl\functions\shellfunctions.java@org.apache.metron.stellar.dsl.functions.edit.apply(list,context);False;False;0.9034152775648784;0.09658472243512224
metron-stellar\stellar-common\src\main\java\org\apache\metron\stellar\dsl\functions\shellfunctions.java@org.apache.metron.stellar.dsl.functions.edit.geteditor();False;False;0.9536666666666667;0.04633333333333334
metron-stellar\stellar-common\src\main\java\org\apache\metron\stellar\dsl\functions\shellfunctions.java@org.apache.metron.stellar.dsl.functions.edit.isinitialized();False;False;0.9851351218008023;0.014864878199197096
metron-stellar\stellar-common\src\main\java\org\apache\metron\stellar\dsl\functions\shellfunctions.java@org.apache.metron.stellar.dsl.functions.getexpression.apply(list,context);False;False;0.9034152775648784;0.09658472243512224
metron-stellar\stellar-common\src\main\java\org\apache\metron\stellar\dsl\functions\shellfunctions.java@org.apache.metron.stellar.dsl.functions.getexpression.isinitialized();False;False;1.0;0.0
metron-stellar\stellar-common\src\main\java\org\apache\metron\stellar\dsl\functions\shellfunctions.java@org.apache.metron.stellar.dsl.functions.listvars.apply(list,context);False;False;0.9034152775648784;0.09658472243512224
metron-stellar\stellar-common\src\main\java\org\apache\metron\stellar\dsl\functions\shellfunctions.java@org.apache.metron.stellar.dsl.functions.listvars.isinitialized();False;False;0.9851351218008023;0.014864878199197096
metron-stellar\stellar-common\src\main\java\org\apache\metron\stellar\dsl\functions\shellfunctions.java@org.apache.metron.stellar.dsl.functions.listvars.towrappedstring(object,int);False;False;0.9034152775648784;0.09658472243512224
metron-stellar\stellar-common\src\main\java\org\apache\metron\stellar\dsl\functions\shellfunctions.java@org.apache.metron.stellar.dsl.functions.map2table.apply(list);False;False;0.9034152775648784;0.09658472243512224
metron-stellar\stellar-common\src\main\java\org\apache\metron\stellar\dsl\functions\shellfunctions.java@org.apache.metron.stellar.dsl.functions.shellfunctions.apply(list);False;False;0.9034152775648784;0.09658472243512224
metron-stellar\stellar-common\src\main\java\org\apache\metron\stellar\dsl\functions\shellfunctions.java@org.apache.metron.stellar.dsl.functions.shellfunctions.apply(list,context);False;False;0.9034152775648784;0.09658472243512224
metron-stellar\stellar-common\src\main\java\org\apache\metron\stellar\dsl\functions\shellfunctions.java@org.apache.metron.stellar.dsl.functions.shellfunctions.geteditor();False;False;0.9034152775648784;0.09658472243512224
metron-stellar\stellar-common\src\main\java\org\apache\metron\stellar\dsl\functions\shellfunctions.java@org.apache.metron.stellar.dsl.functions.shellfunctions.getvariables(context);False;False;0.984;0.016
metron-stellar\stellar-common\src\main\java\org\apache\metron\stellar\dsl\functions\shellfunctions.java@org.apache.metron.stellar.dsl.functions.shellfunctions.isinitialized();False;False;0.92;0.08
metron-stellar\stellar-common\src\main\java\org\apache\metron\stellar\dsl\functions\shellfunctions.java@org.apache.metron.stellar.dsl.functions.shellfunctions.towrappedstring(object,int);False;False;0.9034152775648784;0.09658472243512224
metron-stellar\stellar-common\src\main\java\org\apache\metron\stellar\dsl\functions\shellfunctions.java@org.apache.metron.stellar.dsl.functions.var2map.apply(list,context);False;False;0.9034152775648784;0.09658472243512224
metron-stellar\stellar-common\src\main\java\org\apache\metron\stellar\dsl\functions\shellfunctions.java@org.apache.metron.stellar.dsl.functions.var2map.isinitialized();False;False;1.0;0.0
metron-stellar\stellar-common\src\main\java\org\apache\metron\stellar\dsl\functions\stringfunctions.java@org.apache.metron.stellar.dsl.functions.appendifmissing.apply(list);False;False;0.9034152775648784;0.09658472243512224
metron-stellar\stellar-common\src\main\java\org\apache\metron\stellar\dsl\functions\stringfunctions.java@org.apache.metron.stellar.dsl.functions.chomp.apply(list);False;False;0.9034152775648784;0.09658472243512224
metron-stellar\stellar-common\src\main\java\org\apache\metron\stellar\dsl\functions\stringfunctions.java@org.apache.metron.stellar.dsl.functions.chop.apply(list);False;False;0.9034152775648784;0.09658472243512224
metron-stellar\stellar-common\src\main\java\org\apache\metron\stellar\dsl\functions\stringfunctions.java@org.apache.metron.stellar.dsl.functions.countmatches.apply(list);False;False;0.9034152775648784;0.09658472243512224
metron-stellar\stellar-common\src\main\java\org\apache\metron\stellar\dsl\functions\stringfunctions.java@org.apache.metron.stellar.dsl.functions.endswith.apply(list);False;False;0.9034152775648784;0.09658472243512224
metron-stellar\stellar-common\src\main\java\org\apache\metron\stellar\dsl\functions\stringfunctions.java@org.apache.metron.stellar.dsl.functions.entropy.apply(list);False;False;0.9034152775648784;0.09658472243512224
metron-stellar\stellar-common\src\main\java\org\apache\metron\stellar\dsl\functions\stringfunctions.java@org.apache.metron.stellar.dsl.functions.fillleft.apply(list);False;False;0.9034152775648784;0.09658472243512224
metron-stellar\stellar-common\src\main\java\org\apache\metron\stellar\dsl\functions\stringfunctions.java@org.apache.metron.stellar.dsl.functions.fillright.apply(list);False;False;0.9034152775648784;0.09658472243512224
metron-stellar\stellar-common\src\main\java\org\apache\metron\stellar\dsl\functions\stringfunctions.java@org.apache.metron.stellar.dsl.functions.format.apply(list);False;False;0.9034152775648784;0.09658472243512224
metron-stellar\stellar-common\src\main\java\org\apache\metron\stellar\dsl\functions\stringfunctions.java@org.apache.metron.stellar.dsl.functions.get.apply(list);False;False;0.9034152775648784;0.09658472243512224
metron-stellar\stellar-common\src\main\java\org\apache\metron\stellar\dsl\functions\stringfunctions.java@org.apache.metron.stellar.dsl.functions.getfirst.apply(list);False;False;0.9034152775648784;0.09658472243512224
metron-stellar\stellar-common\src\main\java\org\apache\metron\stellar\dsl\functions\stringfunctions.java@org.apache.metron.stellar.dsl.functions.getlast.apply(list);False;False;0.9034152775648784;0.09658472243512224
metron-stellar\stellar-common\src\main\java\org\apache\metron\stellar\dsl\functions\stringfunctions.java@org.apache.metron.stellar.dsl.functions.joinfunction.apply(list);False;False;0.9034152775648784;0.09658472243512224
metron-stellar\stellar-common\src\main\java\org\apache\metron\stellar\dsl\functions\stringfunctions.java@org.apache.metron.stellar.dsl.functions.prependifmissing.apply(list);False;False;0.9034152775648784;0.09658472243512224
metron-stellar\stellar-common\src\main\java\org\apache\metron\stellar\dsl\functions\stringfunctions.java@org.apache.metron.stellar.dsl.functions.splitfunction.apply(list);False;False;0.9034152775648784;0.09658472243512224
metron-stellar\stellar-common\src\main\java\org\apache\metron\stellar\dsl\functions\stringfunctions.java@org.apache.metron.stellar.dsl.functions.startswith.apply(list);False;False;0.9034152775648784;0.09658472243512224
metron-stellar\stellar-common\src\main\java\org\apache\metron\stellar\dsl\functions\stringfunctions.java@org.apache.metron.stellar.dsl.functions.stringfunctions.apply(list);False;False;0.9034152775648784;0.09658472243512224
metron-stellar\stellar-common\src\main\java\org\apache\metron\stellar\dsl\functions\stringfunctions.java@org.apache.metron.stellar.dsl.functions.stringfunctions.fill(filldirection,object,object,object);False;False;0.9034152775648784;0.09658472243512224
metron-stellar\stellar-common\src\main\java\org\apache\metron\stellar\dsl\functions\stringfunctions.java@org.apache.metron.stellar.dsl.functions.substring.apply(list);False;False;0.9034152775648784;0.09658472243512224
metron-stellar\stellar-common\src\main\java\org\apache\metron\stellar\dsl\functions\stringfunctions.java@org.apache.metron.stellar.dsl.functions.tojsonlist.apply(list);False;False;0.9034152775648784;0.09658472243512224
metron-stellar\stellar-common\src\main\java\org\apache\metron\stellar\dsl\functions\stringfunctions.java@org.apache.metron.stellar.dsl.functions.tojsonmap.apply(list);False;False;0.9034152775648784;0.09658472243512224
metron-stellar\stellar-common\src\main\java\org\apache\metron\stellar\dsl\functions\stringfunctions.java@org.apache.metron.stellar.dsl.functions.tojsonobject.apply(list);False;False;0.9034152775648784;0.09658472243512224
metron-stellar\stellar-common\src\main\java\org\apache\metron\stellar\dsl\functions\stringfunctions.java@org.apache.metron.stellar.dsl.functions.tolower.apply(list);False;False;0.9034152775648784;0.09658472243512224
metron-stellar\stellar-common\src\main\java\org\apache\metron\stellar\dsl\functions\stringfunctions.java@org.apache.metron.stellar.dsl.functions.tostring.apply(list);False;False;0.9034152775648784;0.09658472243512224
metron-stellar\stellar-common\src\main\java\org\apache\metron\stellar\dsl\functions\stringfunctions.java@org.apache.metron.stellar.dsl.functions.toupper.apply(list);False;False;0.9034152775648784;0.09658472243512224
metron-stellar\stellar-common\src\main\java\org\apache\metron\stellar\dsl\functions\stringfunctions.java@org.apache.metron.stellar.dsl.functions.trim.apply(list);False;False;0.9034152775648784;0.09658472243512224
metron-stellar\stellar-common\src\main\java\org\apache\metron\stellar\dsl\functions\systemfunctions.java@org.apache.metron.stellar.dsl.functions.envget.envget();False;False;0.9034152775648784;0.09658472243512224
metron-stellar\stellar-common\src\main\java\org\apache\metron\stellar\dsl\functions\systemfunctions.java@org.apache.metron.stellar.dsl.functions.envget.envget(environment);False;False;0.9034152775648784;0.09658472243512224
metron-stellar\stellar-common\src\main\java\org\apache\metron\stellar\dsl\functions\systemfunctions.java@org.apache.metron.stellar.dsl.functions.envget.apply(list);False;False;0.9034152775648784;0.09658472243512224
metron-stellar\stellar-common\src\main\java\org\apache\metron\stellar\dsl\functions\systemfunctions.java@org.apache.metron.stellar.dsl.functions.propertyget.apply(list);False;False;0.9034152775648784;0.09658472243512224
metron-stellar\stellar-common\src\main\java\org\apache\metron\stellar\dsl\functions\systemfunctions.java@org.apache.metron.stellar.dsl.functions.systemfunctions.envget();False;False;0.9034152775648784;0.09658472243512224
metron-stellar\stellar-common\src\main\java\org\apache\metron\stellar\dsl\functions\systemfunctions.java@org.apache.metron.stellar.dsl.functions.systemfunctions.envget(environment);False;False;0.9034152775648784;0.09658472243512224
metron-stellar\stellar-common\src\main\java\org\apache\metron\stellar\dsl\functions\systemfunctions.java@org.apache.metron.stellar.dsl.functions.systemfunctions.apply(list);False;False;0.9034152775648784;0.09658472243512224
metron-stellar\stellar-common\src\main\java\org\apache\metron\stellar\dsl\functions\systemfunctions.java@org.apache.metron.stellar.dsl.functions.systemfunctions.extracttypechecked(list,int,class,function);False;False;0.9034152775648784;0.09658472243512224
metron-stellar\stellar-common\src\main\java\org\apache\metron\stellar\dsl\functions\textfunctions.java@org.apache.metron.stellar.dsl.functions.fuzzyscorefunction.apply(list);False;False;0.9034152775648784;0.09658472243512224
metron-stellar\stellar-common\src\main\java\org\apache\metron\stellar\dsl\functions\textfunctions.java@org.apache.metron.stellar.dsl.functions.getavailablelanaguagetags.apply(list);False;False;0.9034152775648784;0.09658472243512224
metron-stellar\stellar-common\src\main\java\org\apache\metron\stellar\dsl\functions\textfunctions.java@org.apache.metron.stellar.dsl.functions.textfunctions.apply(list);False;False;0.9034152775648784;0.09658472243512224
metron-stellar\stellar-common\src\main\java\org\apache\metron\stellar\dsl\functions\resolver\classpathfunctionresolver.java@org.apache.metron.stellar.dsl.functions.resolver.classpathfunctionresolver.classpathfunctionresolver();False;False;0.9034152775648784;0.09658472243512224
metron-stellar\stellar-common\src\main\java\org\apache\metron\stellar\dsl\functions\resolver\classpathfunctionresolver.java@org.apache.metron.stellar.dsl.functions.resolver.classpathfunctionresolver.config(string,string);False;False;0.9034152775648784;0.09658472243512224
metron-stellar\stellar-common\src\main\java\org\apache\metron\stellar\dsl\functions\resolver\classpathfunctionresolver.java@org.apache.metron.stellar.dsl.functions.resolver.classpathfunctionresolver.classloaders(classloader);False;False;0.9034152775648784;0.09658472243512224
metron-stellar\stellar-common\src\main\java\org\apache\metron\stellar\dsl\functions\resolver\classpathfunctionresolver.java@org.apache.metron.stellar.dsl.functions.resolver.classpathfunctionresolver.exclude(string);False;False;0.999;0.001
metron-stellar\stellar-common\src\main\java\org\apache\metron\stellar\dsl\functions\resolver\classpathfunctionresolver.java@org.apache.metron.stellar.dsl.functions.resolver.classpathfunctionresolver.get(map);False;False;0.9034152775648784;0.09658472243512224
metron-stellar\stellar-common\src\main\java\org\apache\metron\stellar\dsl\functions\resolver\classpathfunctionresolver.java@org.apache.metron.stellar.dsl.functions.resolver.classpathfunctionresolver.get(map,class);False;False;0.9034152775648784;0.09658472243512224
metron-stellar\stellar-common\src\main\java\org\apache\metron\stellar\dsl\functions\resolver\classpathfunctionresolver.java@org.apache.metron.stellar.dsl.functions.resolver.classpathfunctionresolver.getstellarclasses(classloader);False;False;1.0;0.0
metron-stellar\stellar-common\src\main\java\org\apache\metron\stellar\dsl\functions\resolver\classpathfunctionresolver.java@org.apache.metron.stellar.dsl.functions.resolver.classpathfunctionresolver.include(string);False;False;0.999;0.001
metron-stellar\stellar-common\src\main\java\org\apache\metron\stellar\dsl\functions\resolver\classpathfunctionresolver.java@org.apache.metron.stellar.dsl.functions.resolver.classpathfunctionresolver.includeclass(class,filterbuilder);False;False;0.9034152775648784;0.09658472243512224
metron-stellar\stellar-common\src\main\java\org\apache\metron\stellar\dsl\functions\resolver\classpathfunctionresolver.java@org.apache.metron.stellar.dsl.functions.resolver.classpathfunctionresolver.initialize(context);False;False;0.9034152775648784;0.09658472243512224
metron-stellar\stellar-common\src\main\java\org\apache\metron\stellar\dsl\functions\resolver\classpathfunctionresolver.java@org.apache.metron.stellar.dsl.functions.resolver.classpathfunctionresolver.param();False;False;0.996;0.004
metron-stellar\stellar-common\src\main\java\org\apache\metron\stellar\dsl\functions\resolver\classpathfunctionresolver.java@org.apache.metron.stellar.dsl.functions.resolver.classpathfunctionresolver.resolvables();False;False;0.9034152775648784;0.09658472243512224
metron-stellar\stellar-common\src\main\java\org\apache\metron\stellar\dsl\functions\resolver\simplefunctionresolver.java@org.apache.metron.stellar.dsl.functions.resolver.simplefunctionresolver.resolvables();False;False;0.9979791140447102;0.00202088595528998
metron-stellar\stellar-common\src\main\java\org\apache\metron\stellar\dsl\functions\resolver\simplefunctionresolver.java@org.apache.metron.stellar.dsl.functions.resolver.simplefunctionresolver.withclass(class);False;False;0.9034152775648784;0.09658472243512224
metron-stellar\stellar-common\src\main\java\org\apache\metron\stellar\dsl\functions\resolver\singletonfunctionresolver.java@org.apache.metron.stellar.dsl.functions.resolver.singletonfunctionresolver.getinstance();False;False;0.9999662921348316;3.370786516853932e-05
metron-stellar\stellar-common\src\test\java\org\apache\metron\stellar\common\basestellarprocessortest.java@org.apache.metron.stellar.common.basestellarprocessortest.makesurebasiclexererrorsarecaughtduringvalidation();False;False;0.997;0.003
metron-stellar\stellar-common\src\test\java\org\apache\metron\stellar\common\basestellarprocessortest.java@org.apache.metron.stellar.common.basestellarprocessortest.makesurebasicvalidationisworking();False;False;0.994;0.006
metron-stellar\stellar-common\src\test\java\org\apache\metron\stellar\common\basestellarprocessortest.java@org.apache.metron.stellar.common.basestellarprocessortest.setup();False;False;0.995;0.005
metron-stellar\stellar-common\src\test\java\org\apache\metron\stellar\common\basestellarprocessortest.java@org.apache.metron.stellar.common.basestellarprocessortest.validatemethodshouldfailonunknownfunctions();False;False;0.971;0.029
metron-stellar\stellar-common\src\test\java\org\apache\metron\stellar\common\basestellarprocessortest.java@org.apache.metron.stellar.common.basestellarprocessortest.validatemethodshouldnotfailonunknownvariables();False;False;0.997;0.003
metron-stellar\stellar-common\src\test\java\org\apache\metron\stellar\common\basestellarprocessortest.java@org.apache.metron.stellar.common.basestellarprocessortest.validateshouldproperlythrowexceptionbydefaultoninvalidstellarexpression();False;False;0.9895;0.0105
metron-stellar\stellar-common\src\test\java\org\apache\metron\stellar\common\basestellarprocessortest.java@org.apache.metron.stellar.common.basestellarprocessortest.validateshouldproperlythrowexceptionbydefaultoninvalidstellarexpression2();False;False;0.999;0.001
metron-stellar\stellar-common\src\test\java\org\apache\metron\stellar\common\basestellarprocessortest.java@org.apache.metron.stellar.common.basestellarprocessortest.validateshouldproperlythrowexceptiononinvalidstellarexpression();False;False;0.991;0.009
metron-stellar\stellar-common\src\test\java\org\apache\metron\stellar\common\cachingstellarprocessortest.java@org.apache.metron.stellar.common.cachingstellarprocessortest.execute(string,context);False;False;0.9034152775648784;0.09658472243512224
metron-stellar\stellar-common\src\test\java\org\apache\metron\stellar\common\cachingstellarprocessortest.java@org.apache.metron.stellar.common.cachingstellarprocessortest.setup();False;False;0.967;0.033
metron-stellar\stellar-common\src\test\java\org\apache\metron\stellar\common\cachingstellarprocessortest.java@org.apache.metron.stellar.common.cachingstellarprocessortest.testinvalidmaxcachesize();False;False;0.9827666666666668;0.017233333333333333
metron-stellar\stellar-common\src\test\java\org\apache\metron\stellar\common\cachingstellarprocessortest.java@org.apache.metron.stellar.common.cachingstellarprocessortest.testinvalidmaxtimeretain();False;False;0.9827666666666668;0.017233333333333333
metron-stellar\stellar-common\src\test\java\org\apache\metron\stellar\common\cachingstellarprocessortest.java@org.apache.metron.stellar.common.cachingstellarprocessortest.testmissingmaxcachesize();False;False;0.9826666666666666;0.017333333333333333
metron-stellar\stellar-common\src\test\java\org\apache\metron\stellar\common\cachingstellarprocessortest.java@org.apache.metron.stellar.common.cachingstellarprocessortest.testmissingmaxtimeretain();False;False;0.9826666666666666;0.017333333333333333
metron-stellar\stellar-common\src\test\java\org\apache\metron\stellar\common\cachingstellarprocessortest.java@org.apache.metron.stellar.common.cachingstellarprocessortest.testnocache();False;False;0.941;0.059
metron-stellar\stellar-common\src\test\java\org\apache\metron\stellar\common\cachingstellarprocessortest.java@org.apache.metron.stellar.common.cachingstellarprocessortest.testunrelatedvariablechange();False;False;0.994;0.006
metron-stellar\stellar-common\src\test\java\org\apache\metron\stellar\common\cachingstellarprocessortest.java@org.apache.metron.stellar.common.cachingstellarprocessortest.testwithcache();False;False;0.995;0.005
metron-stellar\stellar-common\src\test\java\org\apache\metron\stellar\common\defaultstellarstatefulexecutortest.java@org.apache.metron.stellar.common.defaultstellarstatefulexecutortest.setup();False;False;0.978;0.022
metron-stellar\stellar-common\src\test\java\org\apache\metron\stellar\common\defaultstellarstatefulexecutortest.java@org.apache.metron.stellar.common.defaultstellarstatefulexecutortest.testassign();False;False;0.9916;0.008400000000000001
metron-stellar\stellar-common\src\test\java\org\apache\metron\stellar\common\defaultstellarstatefulexecutortest.java@org.apache.metron.stellar.common.defaultstellarstatefulexecutortest.testassignwithvariableresolution();False;False;0.9952666666666666;0.004733333333333333
metron-stellar\stellar-common\src\test\java\org\apache\metron\stellar\common\defaultstellarstatefulexecutortest.java@org.apache.metron.stellar.common.defaultstellarstatefulexecutortest.testclearstate();False;False;0.999;0.001
metron-stellar\stellar-common\src\test\java\org\apache\metron\stellar\common\defaultstellarstatefulexecutortest.java@org.apache.metron.stellar.common.defaultstellarstatefulexecutortest.testexecutepredicate();False;False;0.996;0.004
metron-stellar\stellar-common\src\test\java\org\apache\metron\stellar\common\defaultstellarstatefulexecutortest.java@org.apache.metron.stellar.common.defaultstellarstatefulexecutortest.testexecutetransformation();False;False;0.999;0.001
metron-stellar\stellar-common\src\test\java\org\apache\metron\stellar\common\defaultstellarstatefulexecutortest.java@org.apache.metron.stellar.common.defaultstellarstatefulexecutortest.testexecutewithtypeconversion();False;False;0.996;0.004
metron-stellar\stellar-common\src\test\java\org\apache\metron\stellar\common\defaultstellarstatefulexecutortest.java@org.apache.metron.stellar.common.defaultstellarstatefulexecutortest.testexecutewithwrongtype();False;False;1.0;0.0
metron-stellar\stellar-common\src\test\java\org\apache\metron\stellar\common\defaultstellarstatefulexecutortest.java@org.apache.metron.stellar.common.defaultstellarstatefulexecutortest.testserializable();False;False;0.9865;0.0135
metron-stellar\stellar-common\src\test\java\org\apache\metron\stellar\common\defaultstellarstatefulexecutortest.java@org.apache.metron.stellar.common.defaultstellarstatefulexecutortest.teststate();False;False;1.0;0.0
metron-stellar\stellar-common\src\test\java\org\apache\metron\stellar\common\stellararithmetictest.java@org.apache.metron.stellar.common.stellararithmetictest.abletodividebyzero();False;False;0.99025;0.00975
metron-stellar\stellar-common\src\test\java\org\apache\metron\stellar\common\stellararithmetictest.java@org.apache.metron.stellar.common.stellararithmetictest.addingdoubleandintegerwheresubjectisdoubleshouldyieldadouble();False;False;1.0;0.0
metron-stellar\stellar-common\src\test\java\org\apache\metron\stellar\common\stellararithmetictest.java@org.apache.metron.stellar.common.stellararithmetictest.addingdoubleandintegerwheresubjectisintegershouldyieldadouble();False;False;1.0;0.0
metron-stellar\stellar-common\src\test\java\org\apache\metron\stellar\common\stellararithmetictest.java@org.apache.metron.stellar.common.stellararithmetictest.addingdoublesshouldyieldadouble();False;False;1.0;0.0
metron-stellar\stellar-common\src\test\java\org\apache\metron\stellar\common\stellararithmetictest.java@org.apache.metron.stellar.common.stellararithmetictest.addingintegersshouldyieldaninteger();False;False;1.0;0.0
metron-stellar\stellar-common\src\test\java\org\apache\metron\stellar\common\stellararithmetictest.java@org.apache.metron.stellar.common.stellararithmetictest.addinglongsshouldyieldlong();False;False;0.972;0.028
metron-stellar\stellar-common\src\test\java\org\apache\metron\stellar\common\stellararithmetictest.java@org.apache.metron.stellar.common.stellararithmetictest.checkinterestingcases();False;False;0.9825833333333334;0.017416666666666667
metron-stellar\stellar-common\src\test\java\org\apache\metron\stellar\common\stellararithmetictest.java@org.apache.metron.stellar.common.stellararithmetictest.happypathfloatarithmetic();False;False;0.997;0.003
metron-stellar\stellar-common\src\test\java\org\apache\metron\stellar\common\stellararithmetictest.java@org.apache.metron.stellar.common.stellararithmetictest.happypathlongarithmetic();False;False;0.9940666666666667;0.005933333333333334
metron-stellar\stellar-common\src\test\java\org\apache\metron\stellar\common\stellararithmetictest.java@org.apache.metron.stellar.common.stellararithmetictest.makesurestellarproperlyevaluatesliteralstoexpectedtypes();False;False;0.989;0.011
metron-stellar\stellar-common\src\test\java\org\apache\metron\stellar\common\stellararithmetictest.java@org.apache.metron.stellar.common.stellararithmetictest.parseexceptionmultipleleadingnegativesignsdouble();False;False;1.0;0.0
metron-stellar\stellar-common\src\test\java\org\apache\metron\stellar\common\stellararithmetictest.java@org.apache.metron.stellar.common.stellararithmetictest.parseexceptionmultipleleadingnegativesignsfloat();False;False;1.0;0.0
metron-stellar\stellar-common\src\test\java\org\apache\metron\stellar\common\stellararithmetictest.java@org.apache.metron.stellar.common.stellararithmetictest.parseexceptionmultipleleadingnegativesignslong();False;False;1.0;0.0
metron-stellar\stellar-common\src\test\java\org\apache\metron\stellar\common\stellararithmetictest.java@org.apache.metron.stellar.common.stellararithmetictest.parseexceptionmultipleleadingzerosondouble();False;False;1.0;0.0
metron-stellar\stellar-common\src\test\java\org\apache\metron\stellar\common\stellararithmetictest.java@org.apache.metron.stellar.common.stellararithmetictest.parseexceptionmultipleleadingzerosonfloat();False;False;1.0;0.0
metron-stellar\stellar-common\src\test\java\org\apache\metron\stellar\common\stellararithmetictest.java@org.apache.metron.stellar.common.stellararithmetictest.parseexceptionmultipleleadingzerosoninteger();False;False;1.0;0.0
metron-stellar\stellar-common\src\test\java\org\apache\metron\stellar\common\stellararithmetictest.java@org.apache.metron.stellar.common.stellararithmetictest.parseexceptionmultipleleadingzerosonlong();False;False;1.0;0.0
metron-stellar\stellar-common\src\test\java\org\apache\metron\stellar\common\stellararithmetictest.java@org.apache.metron.stellar.common.stellararithmetictest.testarithmetic();False;False;0.987;0.013
metron-stellar\stellar-common\src\test\java\org\apache\metron\stellar\common\stellararithmetictest.java@org.apache.metron.stellar.common.stellararithmetictest.testnumericoperations();False;False;0.998;0.002
metron-stellar\stellar-common\src\test\java\org\apache\metron\stellar\common\stellararithmetictest.java@org.apache.metron.stellar.common.stellararithmetictest.unabletodividebyzerowithintegers();False;False;1.0;0.0
metron-stellar\stellar-common\src\test\java\org\apache\metron\stellar\common\stellararithmetictest.java@org.apache.metron.stellar.common.stellararithmetictest.unabletodividebyzerowithlongs();False;False;1.0;0.0
metron-stellar\stellar-common\src\test\java\org\apache\metron\stellar\common\stellararithmetictest.java@org.apache.metron.stellar.common.stellararithmetictest.verifyexpectedreturntypes();False;False;0.9034152775648784;0.09658472243512224
metron-stellar\stellar-common\src\test\java\org\apache\metron\stellar\common\stellarassignmenttest.java@org.apache.metron.stellar.common.stellarassignmenttest.testassignment();False;False;0.997;0.003
metron-stellar\stellar-common\src\test\java\org\apache\metron\stellar\common\stellarassignmenttest.java@org.apache.metron.stellar.common.stellarassignmenttest.testimmutability();False;False;0.998;0.002
metron-stellar\stellar-common\src\test\java\org\apache\metron\stellar\common\stellarassignmenttest.java@org.apache.metron.stellar.common.stellarassignmenttest.testnonassignment();False;False;0.995;0.005
metron-stellar\stellar-common\src\test\java\org\apache\metron\stellar\common\stellarcomparisonexpressionwithoperatortest.java@org.apache.metron.stellar.common.stellarcomparisonexpressionwithoperatortest.booleancomparisontests();False;False;0.968;0.032
metron-stellar\stellar-common\src\test\java\org\apache\metron\stellar\common\stellarcomparisonexpressionwithoperatortest.java@org.apache.metron.stellar.common.stellarcomparisonexpressionwithoperatortest.checkcomparisonoperationswithfunctions();False;False;0.9841666666666666;0.015833333333333335
metron-stellar\stellar-common\src\test\java\org\apache\metron\stellar\common\stellarcomparisonexpressionwithoperatortest.java@org.apache.metron.stellar.common.stellarcomparisonexpressionwithoperatortest.checklessthancomparisonoperators();False;False;0.9034152775648784;0.09658472243512224
metron-stellar\stellar-common\src\test\java\org\apache\metron\stellar\common\stellarcomparisonexpressionwithoperatortest.java@org.apache.metron.stellar.common.stellarcomparisonexpressionwithoperatortest.comparenumberandstringwithsamevalueshouldbefalse();False;False;0.995;0.005
metron-stellar\stellar-common\src\test\java\org\apache\metron\stellar\common\stellarcomparisonexpressionwithoperatortest.java@org.apache.metron.stellar.common.stellarcomparisonexpressionwithoperatortest.comparingnullshouldnotcausenullpointer();False;False;1.0;0.0
metron-stellar\stellar-common\src\test\java\org\apache\metron\stellar\common\stellarcomparisonexpressionwithoperatortest.java@org.apache.metron.stellar.common.stellarcomparisonexpressionwithoperatortest.differenttypesshouldthrowerrorwhenusingcomparisons();False;False;0.991;0.009
metron-stellar\stellar-common\src\test\java\org\apache\metron\stellar\common\stellarcomparisonexpressionwithoperatortest.java@org.apache.metron.stellar.common.stellarcomparisonexpressionwithoperatortest.differenttypesshouldthrowerrorwhenusinggt();False;False;0.997;0.003
metron-stellar\stellar-common\src\test\java\org\apache\metron\stellar\common\stellarcomparisonexpressionwithoperatortest.java@org.apache.metron.stellar.common.stellarcomparisonexpressionwithoperatortest.differenttypesshouldthrowerrorwhenusinggte();False;False;0.997;0.003
metron-stellar\stellar-common\src\test\java\org\apache\metron\stellar\common\stellarcomparisonexpressionwithoperatortest.java@org.apache.metron.stellar.common.stellarcomparisonexpressionwithoperatortest.differenttypesshouldthrowerrorwhenusinglt();False;False;0.997;0.003
metron-stellar\stellar-common\src\test\java\org\apache\metron\stellar\common\stellarcomparisonexpressionwithoperatortest.java@org.apache.metron.stellar.common.stellarcomparisonexpressionwithoperatortest.differenttypesshouldthrowerrorwhenusinglte();False;False;0.997;0.003
metron-stellar\stellar-common\src\test\java\org\apache\metron\stellar\common\stellarcomparisonexpressionwithoperatortest.java@org.apache.metron.stellar.common.stellarcomparisonexpressionwithoperatortest.makesureprecisionisproperlyhandled();False;False;0.9776666666666668;0.022333333333333334
metron-stellar\stellar-common\src\test\java\org\apache\metron\stellar\common\stellarcomparisonexpressionwithoperatortest.java@org.apache.metron.stellar.common.stellarcomparisonexpressionwithoperatortest.makesuresinglequotestringsareevaluatedasstrings();False;False;0.991;0.009
metron-stellar\stellar-common\src\test\java\org\apache\metron\stellar\common\stellarcomparisonexpressionwithoperatortest.java@org.apache.metron.stellar.common.stellarcomparisonexpressionwithoperatortest.makesuresinglequotesanddoublequotesareequal();False;False;0.9986666666666667;0.0013333333333333333
metron-stellar\stellar-common\src\test\java\org\apache\metron\stellar\common\stellarcomparisonexpressionwithoperatortest.java@org.apache.metron.stellar.common.stellarcomparisonexpressionwithoperatortest.nanisnotequaltonan();False;False;0.943;0.057
metron-stellar\stellar-common\src\test\java\org\apache\metron\stellar\common\stellarcomparisonexpressionwithoperatortest.java@org.apache.metron.stellar.common.stellarcomparisonexpressionwithoperatortest.nullcomparisontests();False;False;1.0;0.0
metron-stellar\stellar-common\src\test\java\org\apache\metron\stellar\common\stellarcomparisonexpressionwithoperatortest.java@org.apache.metron.stellar.common.stellarcomparisonexpressionwithoperatortest.positiveandnegativezeroareequal();False;False;0.999;0.001
metron-stellar\stellar-common\src\test\java\org\apache\metron\stellar\common\stellarcomparisonexpressionwithoperatortest.java@org.apache.metron.stellar.common.stellarcomparisonexpressionwithoperatortest.precisionequalitytests();False;False;0.9985714285714286;0.0014285714285714286
metron-stellar\stellar-common\src\test\java\org\apache\metron\stellar\common\stellarcomparisonexpressionwithoperatortest.java@org.apache.metron.stellar.common.stellarcomparisonexpressionwithoperatortest.testnumericcomparisonfunctions();False;False;0.968;0.032
metron-stellar\stellar-common\src\test\java\org\apache\metron\stellar\common\stellarcomparisonexpressionwithoperatortest.java@org.apache.metron.stellar.common.stellarcomparisonexpressionwithoperatortest.testsimpleops();False;False;0.997;0.003
metron-stellar\stellar-common\src\test\java\org\apache\metron\stellar\common\stellarcompilertest.java@org.apache.metron.stellar.common.stellarcompilertest.exitdoubleliteralshouldproperlyparsestringsasdoubles();False;False;0.998;0.002
metron-stellar\stellar-common\src\test\java\org\apache\metron\stellar\common\stellarcompilertest.java@org.apache.metron.stellar.common.stellarcompilertest.exitfloatliteralshouldproperlyparsestringsasfloats();False;False;0.998;0.002
metron-stellar\stellar-common\src\test\java\org\apache\metron\stellar\common\stellarcompilertest.java@org.apache.metron.stellar.common.stellarcompilertest.exitintliteralshouldproperlyparsestringsasintegers();False;False;0.997;0.003
metron-stellar\stellar-common\src\test\java\org\apache\metron\stellar\common\stellarcompilertest.java@org.apache.metron.stellar.common.stellarcompilertest.exitlongliteralshouldproperlyparsestringsaslongs();False;False;0.998;0.002
metron-stellar\stellar-common\src\test\java\org\apache\metron\stellar\common\stellarcompilertest.java@org.apache.metron.stellar.common.stellarcompilertest.properlycomparetwonumbers();False;False;0.995;0.005
metron-stellar\stellar-common\src\test\java\org\apache\metron\stellar\common\stellarcompilertest.java@org.apache.metron.stellar.common.stellarcompilertest.setup();False;False;0.9595;0.0405
metron-stellar\stellar-common\src\test\java\org\apache\metron\stellar\common\stellarpredicateprocessortest.java@org.apache.metron.stellar.common.stellarpredicateprocessortest.testvalidation();False;False;0.9034152775648784;0.09658472243512224
metron-stellar\stellar-common\src\test\java\org\apache\metron\stellar\common\encoding\encodingstest.java@org.apache.metron.stellar.common.encoding.encodingstest.decode();False;False;0.987;0.013
metron-stellar\stellar-common\src\test\java\org\apache\metron\stellar\common\encoding\encodingstest.java@org.apache.metron.stellar.common.encoding.encodingstest.decodewithverify();False;False;0.9795238095238095;0.020476190476190474
metron-stellar\stellar-common\src\test\java\org\apache\metron\stellar\common\encoding\encodingstest.java@org.apache.metron.stellar.common.encoding.encodingstest.is();False;False;0.99;0.01
metron-stellar\stellar-common\src\test\java\org\apache\metron\stellar\common\encoding\encodingstest.java@org.apache.metron.stellar.common.encoding.encodingstest.testencode();False;False;0.998;0.002
metron-stellar\stellar-common\src\test\java\org\apache\metron\stellar\common\evaluators\arithmeticevaluatortest.java@org.apache.metron.stellar.common.evaluators.arithmeticevaluatortest.evaluatedoubleshouldreturndoubleadd();False;False;0.96;0.04
metron-stellar\stellar-common\src\test\java\org\apache\metron\stellar\common\evaluators\arithmeticevaluatortest.java@org.apache.metron.stellar.common.evaluators.arithmeticevaluatortest.evaluatedoubleshouldreturndoublediv();False;False;1.0;0.0
metron-stellar\stellar-common\src\test\java\org\apache\metron\stellar\common\evaluators\arithmeticevaluatortest.java@org.apache.metron.stellar.common.evaluators.arithmeticevaluatortest.evaluatedoubleshouldreturndoublesub();False;False;1.0;0.0
metron-stellar\stellar-common\src\test\java\org\apache\metron\stellar\common\evaluators\arithmeticevaluatortest.java@org.apache.metron.stellar.common.evaluators.arithmeticevaluatortest.evaluatefloatsshouldreturnfloatadd();False;False;1.0;0.0
metron-stellar\stellar-common\src\test\java\org\apache\metron\stellar\common\evaluators\arithmeticevaluatortest.java@org.apache.metron.stellar.common.evaluators.arithmeticevaluatortest.evaluatefloatsshouldreturnfloatdiv();False;False;1.0;0.0
metron-stellar\stellar-common\src\test\java\org\apache\metron\stellar\common\evaluators\arithmeticevaluatortest.java@org.apache.metron.stellar.common.evaluators.arithmeticevaluatortest.evaluatefloatsshouldreturnfloatmul();False;False;1.0;0.0
metron-stellar\stellar-common\src\test\java\org\apache\metron\stellar\common\evaluators\arithmeticevaluatortest.java@org.apache.metron.stellar.common.evaluators.arithmeticevaluatortest.evaluatefloatsshouldreturnfloatsub();False;False;1.0;0.0
metron-stellar\stellar-common\src\test\java\org\apache\metron\stellar\common\evaluators\arithmeticevaluatortest.java@org.apache.metron.stellar.common.evaluators.arithmeticevaluatortest.evaluateintegershouldreturndoublemul();False;False;1.0;0.0
metron-stellar\stellar-common\src\test\java\org\apache\metron\stellar\common\evaluators\arithmeticevaluatortest.java@org.apache.metron.stellar.common.evaluators.arithmeticevaluatortest.evaluateintegershouldreturnintegeradd();False;False;1.0;0.0
metron-stellar\stellar-common\src\test\java\org\apache\metron\stellar\common\evaluators\arithmeticevaluatortest.java@org.apache.metron.stellar.common.evaluators.arithmeticevaluatortest.evaluateintegershouldreturnintegerdiv();False;False;0.999;0.001
metron-stellar\stellar-common\src\test\java\org\apache\metron\stellar\common\evaluators\arithmeticevaluatortest.java@org.apache.metron.stellar.common.evaluators.arithmeticevaluatortest.evaluateintegershouldreturnintegermul();False;False;1.0;0.0
metron-stellar\stellar-common\src\test\java\org\apache\metron\stellar\common\evaluators\arithmeticevaluatortest.java@org.apache.metron.stellar.common.evaluators.arithmeticevaluatortest.evaluateintegershouldreturnintegersub();False;False;1.0;0.0
metron-stellar\stellar-common\src\test\java\org\apache\metron\stellar\common\evaluators\arithmeticevaluatortest.java@org.apache.metron.stellar.common.evaluators.arithmeticevaluatortest.evaluateintegershouldreturnintegerwhenleftsvalueisnull();False;False;1.0;0.0
metron-stellar\stellar-common\src\test\java\org\apache\metron\stellar\common\evaluators\arithmeticevaluatortest.java@org.apache.metron.stellar.common.evaluators.arithmeticevaluatortest.evaluateintegershouldreturnintegerwhenrightsvalueisnull();False;False;1.0;0.0
metron-stellar\stellar-common\src\test\java\org\apache\metron\stellar\common\evaluators\arithmeticevaluatortest.java@org.apache.metron.stellar.common.evaluators.arithmeticevaluatortest.evaluatelongsshouldreturnlongadd();False;False;1.0;0.0
metron-stellar\stellar-common\src\test\java\org\apache\metron\stellar\common\evaluators\arithmeticevaluatortest.java@org.apache.metron.stellar.common.evaluators.arithmeticevaluatortest.evaluatelongsshouldreturnlongdiv();False;False;1.0;0.0
metron-stellar\stellar-common\src\test\java\org\apache\metron\stellar\common\evaluators\arithmeticevaluatortest.java@org.apache.metron.stellar.common.evaluators.arithmeticevaluatortest.evaluatelongsshouldreturnlongmul();False;False;1.0;0.0
metron-stellar\stellar-common\src\test\java\org\apache\metron\stellar\common\evaluators\arithmeticevaluatortest.java@org.apache.metron.stellar.common.evaluators.arithmeticevaluatortest.evaluatelongsshouldreturnlongsub();False;False;1.0;0.0
metron-stellar\stellar-common\src\test\java\org\apache\metron\stellar\common\evaluators\arithmeticevaluatortest.java@org.apache.metron.stellar.common.evaluators.arithmeticevaluatortest.evaluateshouldconvertshortstointegerstype();False;False;0.999;0.001
metron-stellar\stellar-common\src\test\java\org\apache\metron\stellar\common\evaluators\arithmeticevaluatortest.java@org.apache.metron.stellar.common.evaluators.arithmeticevaluatortest.evaluateshouldthroughillegalargumentexceptionwheninputisnull();False;False;0.98625;0.01375
metron-stellar\stellar-common\src\test\java\org\apache\metron\stellar\common\evaluators\arithmeticevaluatortest.java@org.apache.metron.stellar.common.evaluators.arithmeticevaluatortest.evaluateshouldthroughillegalargumentexceptionwheninputskeyisnull();False;False;0.9914;0.0086
metron-stellar\stellar-common\src\test\java\org\apache\metron\stellar\common\evaluators\arithmeticevaluatortest.java@org.apache.metron.stellar.common.evaluators.arithmeticevaluatortest.evaluateshouldthroughillegalargumentexceptionwheninputsvalueisnull();False;False;0.994;0.006
metron-stellar\stellar-common\src\test\java\org\apache\metron\stellar\common\evaluators\arithmeticevaluatortest.java@org.apache.metron.stellar.common.evaluators.arithmeticevaluatortest.verifyexpectedreturntypes();False;False;0.9034152775648784;0.09658472243512224
metron-stellar\stellar-common\src\test\java\org\apache\metron\stellar\common\evaluators\comparisonexpressionwithoperatorevaluatortest.java@org.apache.metron.stellar.common.evaluators.comparisonexpressionwithoperatorevaluatortest.evaluateeqshouldproperlycallequalityoperatorsevaluator();False;False;0.988;0.012
metron-stellar\stellar-common\src\test\java\org\apache\metron\stellar\common\evaluators\comparisonexpressionwithoperatorevaluatortest.java@org.apache.metron.stellar.common.evaluators.comparisonexpressionwithoperatorevaluatortest.evaluatelessthaneqshouldproperlycallequalityoperatorsevaluator();False;False;1.0;0.0
metron-stellar\stellar-common\src\test\java\org\apache\metron\stellar\common\evaluators\comparisonexpressionwithoperatorevaluatortest.java@org.apache.metron.stellar.common.evaluators.comparisonexpressionwithoperatorevaluatortest.evaluatenoteqshouldproperlycallequalityoperatorsevaluator();False;False;1.0;0.0
metron-stellar\stellar-common\src\test\java\org\apache\metron\stellar\common\evaluators\comparisonexpressionwithoperatorevaluatortest.java@org.apache.metron.stellar.common.evaluators.comparisonexpressionwithoperatorevaluatortest.nonexpectedoperatorshouldthrowexception();False;False;1.0;0.0
metron-stellar\stellar-common\src\test\java\org\apache\metron\stellar\common\evaluators\comparisonexpressionwithoperatorevaluatortest.java@org.apache.metron.stellar.common.evaluators.comparisonexpressionwithoperatorevaluatortest.unexpectedoperatorshouldthrowexception();False;False;1.0;0.0
metron-stellar\stellar-common\src\test\java\org\apache\metron\stellar\common\evaluators\comparisonoperatorsevaluatortest.java@org.apache.metron.stellar.common.evaluators.comparisonoperatorsevaluatortest.leftisnullthenthrowexception();False;False;0.999;0.001
metron-stellar\stellar-common\src\test\java\org\apache\metron\stellar\common\evaluators\comparisonoperatorsevaluatortest.java@org.apache.metron.stellar.common.evaluators.comparisonoperatorsevaluatortest.makesurealloperatorsproperlyworkfordoubles();False;False;1.0;0.0
metron-stellar\stellar-common\src\test\java\org\apache\metron\stellar\common\evaluators\comparisonoperatorsevaluatortest.java@org.apache.metron.stellar.common.evaluators.comparisonoperatorsevaluatortest.makesurealloperatorsproperlyworkforfloats();False;False;1.0;0.0
metron-stellar\stellar-common\src\test\java\org\apache\metron\stellar\common\evaluators\comparisonoperatorsevaluatortest.java@org.apache.metron.stellar.common.evaluators.comparisonoperatorsevaluatortest.makesurealloperatorsproperlyworkforints();False;False;1.0;0.0
metron-stellar\stellar-common\src\test\java\org\apache\metron\stellar\common\evaluators\comparisonoperatorsevaluatortest.java@org.apache.metron.stellar.common.evaluators.comparisonoperatorsevaluatortest.makesurealloperatorsproperlyworkforlongs();False;False;1.0;0.0
metron-stellar\stellar-common\src\test\java\org\apache\metron\stellar\common\evaluators\comparisonoperatorsevaluatortest.java@org.apache.metron.stellar.common.evaluators.comparisonoperatorsevaluatortest.makesurealloperatorsworkformixedtypesdoublesfloat();False;False;1.0;0.0
metron-stellar\stellar-common\src\test\java\org\apache\metron\stellar\common\evaluators\comparisonoperatorsevaluatortest.java@org.apache.metron.stellar.common.evaluators.comparisonoperatorsevaluatortest.makesurealloperatorsworkformixedtypesdoubleslong();False;False;1.0;0.0
metron-stellar\stellar-common\src\test\java\org\apache\metron\stellar\common\evaluators\comparisonoperatorsevaluatortest.java@org.apache.metron.stellar.common.evaluators.comparisonoperatorsevaluatortest.makesurealloperatorsworkformixedtypesfloatintegers();False;False;1.0;0.0
metron-stellar\stellar-common\src\test\java\org\apache\metron\stellar\common\evaluators\comparisonoperatorsevaluatortest.java@org.apache.metron.stellar.common.evaluators.comparisonoperatorsevaluatortest.makesurealloperatorsworkformixedtypesfloatintegers2();False;False;1.0;0.0
metron-stellar\stellar-common\src\test\java\org\apache\metron\stellar\common\evaluators\comparisonoperatorsevaluatortest.java@org.apache.metron.stellar.common.evaluators.comparisonoperatorsevaluatortest.makesurealloperatorsworkformixedtypeslongintegers();False;False;1.0;0.0
metron-stellar\stellar-common\src\test\java\org\apache\metron\stellar\common\evaluators\comparisonoperatorsevaluatortest.java@org.apache.metron.stellar.common.evaluators.comparisonoperatorsevaluatortest.makesurealloperatorsworkfornonintegercomparabletypes();False;False;0.999;0.001
metron-stellar\stellar-common\src\test\java\org\apache\metron\stellar\common\evaluators\comparisonoperatorsevaluatortest.java@org.apache.metron.stellar.common.evaluators.comparisonoperatorsevaluatortest.nonsupportedoperatorthrowsexceptionnonnumbericcomparable();False;False;0.9916;0.008400000000000001
metron-stellar\stellar-common\src\test\java\org\apache\metron\stellar\common\evaluators\comparisonoperatorsevaluatortest.java@org.apache.metron.stellar.common.evaluators.comparisonoperatorsevaluatortest.nonsupportedoperatorthrowsexceptionnumbericcomparison();False;False;0.999;0.001
metron-stellar\stellar-common\src\test\java\org\apache\metron\stellar\common\evaluators\comparisonoperatorsevaluatortest.java@org.apache.metron.stellar.common.evaluators.comparisonoperatorsevaluatortest.rightandleftisnullthenreturnfalse();False;False;1.0;0.0
metron-stellar\stellar-common\src\test\java\org\apache\metron\stellar\common\evaluators\comparisonoperatorsevaluatortest.java@org.apache.metron.stellar.common.evaluators.comparisonoperatorsevaluatortest.rightisnullthenreturnfalse();False;False;0.999;0.001
metron-stellar\stellar-common\src\test\java\org\apache\metron\stellar\common\evaluators\comparisonoperatorsevaluatortest.java@org.apache.metron.stellar.common.evaluators.comparisonoperatorsevaluatortest.setup();False;False;0.998;0.002
metron-stellar\stellar-common\src\test\java\org\apache\metron\stellar\common\evaluators\comparisonoperatorsevaluatortest.java@org.apache.metron.stellar.common.evaluators.comparisonoperatorsevaluatortest.throwparseexceptionwhentryingtocomparenoncomparable();False;False;1.0;0.0
metron-stellar\stellar-common\src\test\java\org\apache\metron\stellar\common\evaluators\doubleliteralevaluatortest.java@org.apache.metron.stellar.common.evaluators.doubleliteralevaluatortest.setup();False;False;0.999;0.001
metron-stellar\stellar-common\src\test\java\org\apache\metron\stellar\common\evaluators\doubleliteralevaluatortest.java@org.apache.metron.stellar.common.evaluators.doubleliteralevaluatortest.throwillegalargumentexceptionwhencontextisnull();False;False;1.0;0.0
metron-stellar\stellar-common\src\test\java\org\apache\metron\stellar\common\evaluators\doubleliteralevaluatortest.java@org.apache.metron.stellar.common.evaluators.doubleliteralevaluatortest.verifyhappypathevaluation();False;False;0.9985;0.0015
metron-stellar\stellar-common\src\test\java\org\apache\metron\stellar\common\evaluators\doubleliteralevaluatortest.java@org.apache.metron.stellar.common.evaluators.doubleliteralevaluatortest.verifynumberformationexceptionwithemptystring();False;False;1.0;0.0
metron-stellar\stellar-common\src\test\java\org\apache\metron\stellar\common\evaluators\equalityoperatorsevaluatortest.java@org.apache.metron.stellar.common.evaluators.equalityoperatorsevaluatortest.eqtestfortwodoubles();False;False;1.0;0.0
metron-stellar\stellar-common\src\test\java\org\apache\metron\stellar\common\evaluators\equalityoperatorsevaluatortest.java@org.apache.metron.stellar.common.evaluators.equalityoperatorsevaluatortest.eqtestfortwofloats();False;False;1.0;0.0
metron-stellar\stellar-common\src\test\java\org\apache\metron\stellar\common\evaluators\equalityoperatorsevaluatortest.java@org.apache.metron.stellar.common.evaluators.equalityoperatorsevaluatortest.eqtestfortwointegers();False;False;0.99025;0.00975
metron-stellar\stellar-common\src\test\java\org\apache\metron\stellar\common\evaluators\equalityoperatorsevaluatortest.java@org.apache.metron.stellar.common.evaluators.equalityoperatorsevaluatortest.eqtestfortwolongs();False;False;1.0;0.0
metron-stellar\stellar-common\src\test\java\org\apache\metron\stellar\common\evaluators\equalityoperatorsevaluatortest.java@org.apache.metron.stellar.common.evaluators.equalityoperatorsevaluatortest.eqtestfortwostrings();False;False;0.944;0.056
metron-stellar\stellar-common\src\test\java\org\apache\metron\stellar\common\evaluators\equalityoperatorsevaluatortest.java@org.apache.metron.stellar.common.evaluators.equalityoperatorsevaluatortest.eqtestforunliketypes();False;False;0.998;0.002
metron-stellar\stellar-common\src\test\java\org\apache\metron\stellar\common\evaluators\equalityoperatorsevaluatortest.java@org.apache.metron.stellar.common.evaluators.equalityoperatorsevaluatortest.eqtestforunliketypeslongstring();False;False;1.0;0.0
metron-stellar\stellar-common\src\test\java\org\apache\metron\stellar\common\evaluators\equalityoperatorsevaluatortest.java@org.apache.metron.stellar.common.evaluators.equalityoperatorsevaluatortest.leftandrightnullshouldbetrue();False;False;0.996;0.004
metron-stellar\stellar-common\src\test\java\org\apache\metron\stellar\common\evaluators\equalityoperatorsevaluatortest.java@org.apache.metron.stellar.common.evaluators.equalityoperatorsevaluatortest.leftnotnullandrightnullshouldbefalse();False;False;1.0;0.0
metron-stellar\stellar-common\src\test\java\org\apache\metron\stellar\common\evaluators\equalityoperatorsevaluatortest.java@org.apache.metron.stellar.common.evaluators.equalityoperatorsevaluatortest.leftnullandrightnotshouldbefalse();False;False;1.0;0.0
metron-stellar\stellar-common\src\test\java\org\apache\metron\stellar\common\evaluators\equalityoperatorsevaluatortest.java@org.apache.metron.stellar.common.evaluators.equalityoperatorsevaluatortest.setup();False;False;0.999;0.001
metron-stellar\stellar-common\src\test\java\org\apache\metron\stellar\common\evaluators\floatliteralevaluatortest.java@org.apache.metron.stellar.common.evaluators.floatliteralevaluatortest.setup();False;False;0.999;0.001
metron-stellar\stellar-common\src\test\java\org\apache\metron\stellar\common\evaluators\floatliteralevaluatortest.java@org.apache.metron.stellar.common.evaluators.floatliteralevaluatortest.throwillegalargumentexceptionwhencontextisnull();False;False;1.0;0.0
metron-stellar\stellar-common\src\test\java\org\apache\metron\stellar\common\evaluators\floatliteralevaluatortest.java@org.apache.metron.stellar.common.evaluators.floatliteralevaluatortest.verifyhappypathevaluation();False;False;0.9985;0.0015
metron-stellar\stellar-common\src\test\java\org\apache\metron\stellar\common\evaluators\floatliteralevaluatortest.java@org.apache.metron.stellar.common.evaluators.floatliteralevaluatortest.verifynumberformationexceptionwithemptystring();False;False;1.0;0.0
metron-stellar\stellar-common\src\test\java\org\apache\metron\stellar\common\evaluators\intliteralevaluatortest.java@org.apache.metron.stellar.common.evaluators.intliteralevaluatortest.setup();False;False;0.999;0.001
metron-stellar\stellar-common\src\test\java\org\apache\metron\stellar\common\evaluators\intliteralevaluatortest.java@org.apache.metron.stellar.common.evaluators.intliteralevaluatortest.throwillegalargumentexceptionwhencontextisnull();False;False;1.0;0.0
metron-stellar\stellar-common\src\test\java\org\apache\metron\stellar\common\evaluators\intliteralevaluatortest.java@org.apache.metron.stellar.common.evaluators.intliteralevaluatortest.verifyhappypathevaluation();False;False;0.9985;0.0015
metron-stellar\stellar-common\src\test\java\org\apache\metron\stellar\common\evaluators\intliteralevaluatortest.java@org.apache.metron.stellar.common.evaluators.intliteralevaluatortest.verifynumberformationexceptionwithemptystring();False;False;1.0;0.0
metron-stellar\stellar-common\src\test\java\org\apache\metron\stellar\common\evaluators\longliteralevaluatortest.java@org.apache.metron.stellar.common.evaluators.longliteralevaluatortest.setup();False;False;0.999;0.001
metron-stellar\stellar-common\src\test\java\org\apache\metron\stellar\common\evaluators\longliteralevaluatortest.java@org.apache.metron.stellar.common.evaluators.longliteralevaluatortest.throwillegalargumentexceptionwhencontextisnull();False;False;1.0;0.0
metron-stellar\stellar-common\src\test\java\org\apache\metron\stellar\common\evaluators\longliteralevaluatortest.java@org.apache.metron.stellar.common.evaluators.longliteralevaluatortest.verifyhappypathevaluation();False;False;0.9985;0.0015
metron-stellar\stellar-common\src\test\java\org\apache\metron\stellar\common\evaluators\longliteralevaluatortest.java@org.apache.metron.stellar.common.evaluators.longliteralevaluatortest.verifynumberformationexceptionwithemptystring();False;False;1.0;0.0
metron-stellar\stellar-common\src\test\java\org\apache\metron\stellar\common\evaluators\numberliteralevaluatortest.java@org.apache.metron.stellar.common.evaluators.numberliteralevaluatortest.setup();False;False;0.967;0.033
metron-stellar\stellar-common\src\test\java\org\apache\metron\stellar\common\evaluators\numberliteralevaluatortest.java@org.apache.metron.stellar.common.evaluators.numberliteralevaluatortest.verifydoubleliteralcontextisproperlyevaluated();False;False;1.0;0.0
metron-stellar\stellar-common\src\test\java\org\apache\metron\stellar\common\evaluators\numberliteralevaluatortest.java@org.apache.metron.stellar.common.evaluators.numberliteralevaluatortest.verifyexceptionthrownforunsupportedcontexttype();False;False;0.995;0.005
metron-stellar\stellar-common\src\test\java\org\apache\metron\stellar\common\evaluators\numberliteralevaluatortest.java@org.apache.metron.stellar.common.evaluators.numberliteralevaluatortest.verifyfloatliteralcontextisproperlyevaluated();False;False;1.0;0.0
metron-stellar\stellar-common\src\test\java\org\apache\metron\stellar\common\evaluators\numberliteralevaluatortest.java@org.apache.metron.stellar.common.evaluators.numberliteralevaluatortest.verifyintliteralcontextisproperlyevaluated();False;False;1.0;0.0
metron-stellar\stellar-common\src\test\java\org\apache\metron\stellar\common\evaluators\numberliteralevaluatortest.java@org.apache.metron.stellar.common.evaluators.numberliteralevaluatortest.verifylongliteralcontextisproperlyevaluated();False;False;1.0;0.0
metron-stellar\stellar-common\src\test\java\org\apache\metron\stellar\common\network\networkfunctionstest.java@org.apache.metron.stellar.common.network.networkfunctionstest.insubnettest_multiple();False;False;0.9993;0.0007
metron-stellar\stellar-common\src\test\java\org\apache\metron\stellar\common\network\networkfunctionstest.java@org.apache.metron.stellar.common.network.networkfunctionstest.insubnettest_negative();False;False;0.9993;0.0007
metron-stellar\stellar-common\src\test\java\org\apache\metron\stellar\common\network\networkfunctionstest.java@org.apache.metron.stellar.common.network.networkfunctionstest.insubnettest_positive();False;False;0.995;0.005
metron-stellar\stellar-common\src\test\java\org\apache\metron\stellar\common\network\networkfunctionstest.java@org.apache.metron.stellar.common.network.networkfunctionstest.removesubdomainstest();False;False;0.998;0.002
metron-stellar\stellar-common\src\test\java\org\apache\metron\stellar\common\network\networkfunctionstest.java@org.apache.metron.stellar.common.network.networkfunctionstest.removesubdomainstest_tld_square();False;False;1.0;0.0
metron-stellar\stellar-common\src\test\java\org\apache\metron\stellar\common\network\networkfunctionstest.java@org.apache.metron.stellar.common.network.networkfunctionstest.removesubdomainstest_unknowntld();False;False;0.999;0.001
metron-stellar\stellar-common\src\test\java\org\apache\metron\stellar\common\network\networkfunctionstest.java@org.apache.metron.stellar.common.network.networkfunctionstest.removetldtest();False;False;1.0;0.0
metron-stellar\stellar-common\src\test\java\org\apache\metron\stellar\common\network\networkfunctionstest.java@org.apache.metron.stellar.common.network.networkfunctionstest.removetldtest_tld_square();False;False;1.0;0.0
metron-stellar\stellar-common\src\test\java\org\apache\metron\stellar\common\network\networkfunctionstest.java@org.apache.metron.stellar.common.network.networkfunctionstest.removetldtest_unknowntld();False;False;0.999;0.001
metron-stellar\stellar-common\src\test\java\org\apache\metron\stellar\common\network\networkfunctionstest.java@org.apache.metron.stellar.common.network.networkfunctionstest.totldtest();False;False;0.998;0.002
metron-stellar\stellar-common\src\test\java\org\apache\metron\stellar\common\network\networkfunctionstest.java@org.apache.metron.stellar.common.network.networkfunctionstest.totldtest_tld_square();False;False;1.0;0.0
metron-stellar\stellar-common\src\test\java\org\apache\metron\stellar\common\network\networkfunctionstest.java@org.apache.metron.stellar.common.network.networkfunctionstest.totldtest_unknowntld();False;False;0.999;0.001
metron-stellar\stellar-common\src\test\java\org\apache\metron\stellar\common\network\networkfunctionstest.java@org.apache.metron.stellar.common.network.networkfunctionstest.urltohosttest();False;False;1.0;0.0
metron-stellar\stellar-common\src\test\java\org\apache\metron\stellar\common\network\networkfunctionstest.java@org.apache.metron.stellar.common.network.networkfunctionstest.urltohosttest_unknowntld();False;False;1.0;0.0
metron-stellar\stellar-common\src\test\java\org\apache\metron\stellar\common\network\networkfunctionstest.java@org.apache.metron.stellar.common.network.networkfunctionstest.urltopathtest();False;False;0.999;0.001
metron-stellar\stellar-common\src\test\java\org\apache\metron\stellar\common\network\networkfunctionstest.java@org.apache.metron.stellar.common.network.networkfunctionstest.urltopathtest_unknowntld();False;False;1.0;0.0
metron-stellar\stellar-common\src\test\java\org\apache\metron\stellar\common\network\networkfunctionstest.java@org.apache.metron.stellar.common.network.networkfunctionstest.urltoporttest();False;False;0.999;0.001
metron-stellar\stellar-common\src\test\java\org\apache\metron\stellar\common\network\networkfunctionstest.java@org.apache.metron.stellar.common.network.networkfunctionstest.urltoporttest_unknowntld();False;False;1.0;0.0
metron-stellar\stellar-common\src\test\java\org\apache\metron\stellar\common\network\networkfunctionstest.java@org.apache.metron.stellar.common.network.networkfunctionstest.urltoprotocoltest();False;False;0.999;0.001
metron-stellar\stellar-common\src\test\java\org\apache\metron\stellar\common\network\networkfunctionstest.java@org.apache.metron.stellar.common.network.networkfunctionstest.urltoprotocoltest_unknowntld();False;False;1.0;0.0
metron-stellar\stellar-common\src\test\java\org\apache\metron\stellar\common\shell\defaultstellarautocompletertest.java@org.apache.metron.stellar.common.shell.defaultstellarautocompletertest.setup();False;False;0.996284243697479;0.003715756302521009
metron-stellar\stellar-common\src\test\java\org\apache\metron\stellar\common\shell\defaultstellarautocompletertest.java@org.apache.metron.stellar.common.shell.defaultstellarautocompletertest.testautocompletedocstring();False;False;0.991;0.009
metron-stellar\stellar-common\src\test\java\org\apache\metron\stellar\common\shell\defaultstellarautocompletertest.java@org.apache.metron.stellar.common.shell.defaultstellarautocompletertest.testautocompletefunction();False;False;0.991;0.009
metron-stellar\stellar-common\src\test\java\org\apache\metron\stellar\common\shell\defaultstellarautocompletertest.java@org.apache.metron.stellar.common.shell.defaultstellarautocompletertest.testautocompletemagic();False;False;0.991;0.009
metron-stellar\stellar-common\src\test\java\org\apache\metron\stellar\common\shell\defaultstellarautocompletertest.java@org.apache.metron.stellar.common.shell.defaultstellarautocompletertest.testautocompletevariable();False;False;0.99;0.01
metron-stellar\stellar-common\src\test\java\org\apache\metron\stellar\common\shell\defaultstellarautocompletertest.java@org.apache.metron.stellar.common.shell.defaultstellarautocompletertest.testnocandidatedocstrings();False;False;0.996;0.004
metron-stellar\stellar-common\src\test\java\org\apache\metron\stellar\common\shell\defaultstellarautocompletertest.java@org.apache.metron.stellar.common.shell.defaultstellarautocompletertest.testnocandidatefunctions();False;False;0.996;0.004
metron-stellar\stellar-common\src\test\java\org\apache\metron\stellar\common\shell\defaultstellarautocompletertest.java@org.apache.metron.stellar.common.shell.defaultstellarautocompletertest.testnocandidatemagic();False;False;0.996;0.004
metron-stellar\stellar-common\src\test\java\org\apache\metron\stellar\common\shell\defaultstellarautocompletertest.java@org.apache.metron.stellar.common.shell.defaultstellarautocompletertest.testnocandidatevariable();False;False;0.996;0.004
metron-stellar\stellar-common\src\test\java\org\apache\metron\stellar\common\shell\defaultstellarshellexecutortest.java@org.apache.metron.stellar.common.shell.defaultstellarshellexecutortest.setup();False;False;0.919;0.081
metron-stellar\stellar-common\src\test\java\org\apache\metron\stellar\common\shell\defaultstellarshellexecutortest.java@org.apache.metron.stellar.common.shell.defaultstellarshellexecutortest.testassign();False;False;0.9540333333333332;0.045966666666666676
metron-stellar\stellar-common\src\test\java\org\apache\metron\stellar\common\shell\defaultstellarshellexecutortest.java@org.apache.metron.stellar.common.shell.defaultstellarshellexecutortest.testassignment();False;False;0.995;0.005
metron-stellar\stellar-common\src\test\java\org\apache\metron\stellar\common\shell\defaultstellarshellexecutortest.java@org.apache.metron.stellar.common.shell.defaultstellarshellexecutortest.testassignmentoflists();False;False;0.9836666666666666;0.016333333333333335
metron-stellar\stellar-common\src\test\java\org\apache\metron\stellar\common\shell\defaultstellarshellexecutortest.java@org.apache.metron.stellar.common.shell.defaultstellarshellexecutortest.testassignmentofmaps();False;False;0.988;0.012
metron-stellar\stellar-common\src\test\java\org\apache\metron\stellar\common\shell\defaultstellarshellexecutortest.java@org.apache.metron.stellar.common.shell.defaultstellarshellexecutortest.testassignmentwithoddwhitespace();False;False;0.9868833333333333;0.013116666666666667
metron-stellar\stellar-common\src\test\java\org\apache\metron\stellar\common\shell\defaultstellarshellexecutortest.java@org.apache.metron.stellar.common.shell.defaultstellarshellexecutortest.testbadassignment();False;False;0.928;0.072
metron-stellar\stellar-common\src\test\java\org\apache\metron\stellar\common\shell\defaultstellarshellexecutortest.java@org.apache.metron.stellar.common.shell.defaultstellarshellexecutortest.testbaddoccommand();False;False;0.957;0.043
metron-stellar\stellar-common\src\test\java\org\apache\metron\stellar\common\shell\defaultstellarshellexecutortest.java@org.apache.metron.stellar.common.shell.defaultstellarshellexecutortest.testbadexpression();False;False;0.928;0.072
metron-stellar\stellar-common\src\test\java\org\apache\metron\stellar\common\shell\defaultstellarshellexecutortest.java@org.apache.metron.stellar.common.shell.defaultstellarshellexecutortest.testbadmagiccommand();False;False;0.957;0.043
metron-stellar\stellar-common\src\test\java\org\apache\metron\stellar\common\shell\defaultstellarshellexecutortest.java@org.apache.metron.stellar.common.shell.defaultstellarshellexecutortest.testcomment();False;False;0.9687500000000001;0.03125
metron-stellar\stellar-common\src\test\java\org\apache\metron\stellar\common\shell\defaultstellarshellexecutortest.java@org.apache.metron.stellar.common.shell.defaultstellarshellexecutortest.testdefineglobal();False;False;0.96825;0.03175
metron-stellar\stellar-common\src\test\java\org\apache\metron\stellar\common\shell\defaultstellarshellexecutortest.java@org.apache.metron.stellar.common.shell.defaultstellarshellexecutortest.testdoccommand();False;False;0.9499880952380951;0.050011904761904764
metron-stellar\stellar-common\src\test\java\org\apache\metron\stellar\common\shell\defaultstellarshellexecutortest.java@org.apache.metron.stellar.common.shell.defaultstellarshellexecutortest.testemptyglobalswithnozookeeper();False;False;0.9636666666666668;0.036333333333333336
metron-stellar\stellar-common\src\test\java\org\apache\metron\stellar\common\shell\defaultstellarshellexecutortest.java@org.apache.metron.stellar.common.shell.defaultstellarshellexecutortest.testemptyinput();False;False;0.9769166666666668;0.02308333333333333
metron-stellar\stellar-common\src\test\java\org\apache\metron\stellar\common\shell\defaultstellarshellexecutortest.java@org.apache.metron.stellar.common.shell.defaultstellarshellexecutortest.testexpression();False;False;0.96955;0.03045
metron-stellar\stellar-common\src\test\java\org\apache\metron\stellar\common\shell\defaultstellarshellexecutortest.java@org.apache.metron.stellar.common.shell.defaultstellarshellexecutortest.testexpressionwithoddwhitespace();False;False;0.9623833333333335;0.037616666666666666
metron-stellar\stellar-common\src\test\java\org\apache\metron\stellar\common\shell\defaultstellarshellexecutortest.java@org.apache.metron.stellar.common.shell.defaultstellarshellexecutortest.testmagiccommand();False;False;0.96;0.04
metron-stellar\stellar-common\src\test\java\org\apache\metron\stellar\common\shell\defaultstellarshellexecutortest.java@org.apache.metron.stellar.common.shell.defaultstellarshellexecutortest.testnotifyfunctionlisteners();False;False;0.9445;0.0555
metron-stellar\stellar-common\src\test\java\org\apache\metron\stellar\common\shell\defaultstellarshellexecutortest.java@org.apache.metron.stellar.common.shell.defaultstellarshellexecutortest.testnotifyspeciallisteners();False;False;0.9315;0.0685
metron-stellar\stellar-common\src\test\java\org\apache\metron\stellar\common\shell\defaultstellarshellexecutortest.java@org.apache.metron.stellar.common.shell.defaultstellarshellexecutortest.testnotifyvariablelisteners();False;False;0.9034152775648784;0.09658472243512224
metron-stellar\stellar-common\src\test\java\org\apache\metron\stellar\common\shell\defaultstellarshellexecutortest.java@org.apache.metron.stellar.common.shell.defaultstellarshellexecutortest.testquit();False;False;0.9943333333333334;0.005666666666666667
metron-stellar\stellar-common\src\test\java\org\apache\metron\stellar\common\shell\stellarresulttest.java@org.apache.metron.stellar.common.shell.stellarresulttest.testerror();False;False;0.88945;0.11055
metron-stellar\stellar-common\src\test\java\org\apache\metron\stellar\common\shell\stellarresulttest.java@org.apache.metron.stellar.common.shell.stellarresulttest.testnonsuccesswithnull();False;False;0.99525;0.00475
metron-stellar\stellar-common\src\test\java\org\apache\metron\stellar\common\shell\stellarresulttest.java@org.apache.metron.stellar.common.shell.stellarresulttest.testnoop();False;False;0.9540833333333334;0.04591666666666666
metron-stellar\stellar-common\src\test\java\org\apache\metron\stellar\common\shell\stellarresulttest.java@org.apache.metron.stellar.common.shell.stellarresulttest.testsuccess();False;False;0.988;0.012
metron-stellar\stellar-common\src\test\java\org\apache\metron\stellar\common\shell\stellarresulttest.java@org.apache.metron.stellar.common.shell.stellarresulttest.testsuccesswithnull();False;False;0.9793333333333334;0.020666666666666663
metron-stellar\stellar-common\src\test\java\org\apache\metron\stellar\common\shell\stellarresulttest.java@org.apache.metron.stellar.common.shell.stellarresulttest.testterminate();False;False;0.9555833333333333;0.04441666666666667
metron-stellar\stellar-common\src\test\java\org\apache\metron\stellar\common\shell\cli\stellarshelloptionsvalidatortest.java@org.apache.metron.stellar.common.shell.cli.stellarshelloptionsvalidatortest.validateoptions();False;False;0.9034152775648784;0.09658472243512224
metron-stellar\stellar-common\src\test\java\org\apache\metron\stellar\common\shell\cli\stellarshelltest.java@org.apache.metron.stellar.common.shell.cli.stellarshelltest.cleanup();False;False;0.9825;0.0175
metron-stellar\stellar-common\src\test\java\org\apache\metron\stellar\common\shell\cli\stellarshelltest.java@org.apache.metron.stellar.common.shell.cli.stellarshelltest.createop(string);False;False;1.0;0.0
metron-stellar\stellar-common\src\test\java\org\apache\metron\stellar\common\shell\cli\stellarshelltest.java@org.apache.metron.stellar.common.shell.cli.stellarshelltest.setup();False;False;0.911;0.089
metron-stellar\stellar-common\src\test\java\org\apache\metron\stellar\common\shell\cli\stellarshelltest.java@org.apache.metron.stellar.common.shell.cli.stellarshelltest.stderr();False;False;0.9901666666666665;0.009833333333333335
metron-stellar\stellar-common\src\test\java\org\apache\metron\stellar\common\shell\cli\stellarshelltest.java@org.apache.metron.stellar.common.shell.cli.stellarshelltest.stdout();False;False;0.9950833333333332;0.004916666666666666
metron-stellar\stellar-common\src\test\java\org\apache\metron\stellar\common\shell\cli\stellarshelltest.java@org.apache.metron.stellar.common.shell.cli.stellarshelltest.stdoutwithnewlines();False;False;1.0;0.0
metron-stellar\stellar-common\src\test\java\org\apache\metron\stellar\common\shell\cli\stellarshelltest.java@org.apache.metron.stellar.common.shell.cli.stellarshelltest.testautocomplete();False;False;0.986;0.014
metron-stellar\stellar-common\src\test\java\org\apache\metron\stellar\common\shell\cli\stellarshelltest.java@org.apache.metron.stellar.common.shell.cli.stellarshelltest.testexecutebadstellar();False;False;0.99;0.01
metron-stellar\stellar-common\src\test\java\org\apache\metron\stellar\common\shell\cli\stellarshelltest.java@org.apache.metron.stellar.common.shell.cli.stellarshelltest.testexecutenoop();False;False;0.993;0.007
metron-stellar\stellar-common\src\test\java\org\apache\metron\stellar\common\shell\cli\stellarshelltest.java@org.apache.metron.stellar.common.shell.cli.stellarshelltest.testexecutestellar();False;False;0.991;0.009
metron-stellar\stellar-common\src\test\java\org\apache\metron\stellar\common\shell\cli\stellarshelltest.java@org.apache.metron.stellar.common.shell.cli.stellarshelltest.testexecutewithstellarlist();False;False;0.992;0.008
metron-stellar\stellar-common\src\test\java\org\apache\metron\stellar\common\shell\cli\stellarshelltest.java@org.apache.metron.stellar.common.shell.cli.stellarshelltest.testexecutewithstellarmap();False;False;0.991;0.009
metron-stellar\stellar-common\src\test\java\org\apache\metron\stellar\common\shell\cli\stellarshelltest.java@org.apache.metron.stellar.common.shell.cli.stellarshelltest.testquit();False;False;0.9475;0.0525
metron-stellar\stellar-common\src\test\java\org\apache\metron\stellar\common\shell\cli\stellarshelltest.java@org.apache.metron.stellar.common.shell.cli.stellarshelltest.teststart();False;False;0.958;0.042
metron-stellar\stellar-common\src\test\java\org\apache\metron\stellar\common\shell\specials\assignmentcommandtest.java@org.apache.metron.stellar.common.shell.specials.assignmentcommandtest.setup();False;False;0.9461666666666666;0.05383333333333333
metron-stellar\stellar-common\src\test\java\org\apache\metron\stellar\common\shell\specials\assignmentcommandtest.java@org.apache.metron.stellar.common.shell.specials.assignmentcommandtest.testassignnull();False;False;0.9667333333333333;0.03326666666666667
metron-stellar\stellar-common\src\test\java\org\apache\metron\stellar\common\shell\specials\assignmentcommandtest.java@org.apache.metron.stellar.common.shell.specials.assignmentcommandtest.testassignment();False;False;0.9685333333333331;0.031466666666666664
metron-stellar\stellar-common\src\test\java\org\apache\metron\stellar\common\shell\specials\assignmentcommandtest.java@org.apache.metron.stellar.common.shell.specials.assignmentcommandtest.testassignmentofemptyvar();False;False;0.9816666666666667;0.018333333333333333
metron-stellar\stellar-common\src\test\java\org\apache\metron\stellar\common\shell\specials\assignmentcommandtest.java@org.apache.metron.stellar.common.shell.specials.assignmentcommandtest.testassignmentwithoddwhitespace();False;False;0.9800333333333333;0.019966666666666664
metron-stellar\stellar-common\src\test\java\org\apache\metron\stellar\common\shell\specials\assignmentcommandtest.java@org.apache.metron.stellar.common.shell.specials.assignmentcommandtest.testassignmentwithvar();False;False;0.9573333333333333;0.042666666666666665
metron-stellar\stellar-common\src\test\java\org\apache\metron\stellar\common\shell\specials\assignmentcommandtest.java@org.apache.metron.stellar.common.shell.specials.assignmentcommandtest.testassignments();False;False;0.9898166666666666;0.010183333333333334
metron-stellar\stellar-common\src\test\java\org\apache\metron\stellar\common\shell\specials\assignmentcommandtest.java@org.apache.metron.stellar.common.shell.specials.assignmentcommandtest.testbadassignmentexpr();False;False;0.9502333333333334;0.049766666666666674
metron-stellar\stellar-common\src\test\java\org\apache\metron\stellar\common\shell\specials\assignmentcommandtest.java@org.apache.metron.stellar.common.shell.specials.assignmentcommandtest.testerrormessagewhenassignmentfails();False;False;0.9861666666666667;0.013833333333333333
metron-stellar\stellar-common\src\test\java\org\apache\metron\stellar\common\shell\specials\assignmentcommandtest.java@org.apache.metron.stellar.common.shell.specials.assignmentcommandtest.testgetcommand();False;False;1.0;0.0
metron-stellar\stellar-common\src\test\java\org\apache\metron\stellar\common\shell\specials\assignmentcommandtest.java@org.apache.metron.stellar.common.shell.specials.assignmentcommandtest.testnoassignmentexpr();False;False;0.9892333333333333;0.010766666666666667
metron-stellar\stellar-common\src\test\java\org\apache\metron\stellar\common\shell\specials\assignmentcommandtest.java@org.apache.metron.stellar.common.shell.specials.assignmentcommandtest.testreassignment();False;False;0.9406;0.0594
metron-stellar\stellar-common\src\test\java\org\apache\metron\stellar\common\shell\specials\assignmentcommandtest.java@org.apache.metron.stellar.common.shell.specials.assignmentcommandtest.testshouldmatch();False;False;0.973;0.027
metron-stellar\stellar-common\src\test\java\org\apache\metron\stellar\common\shell\specials\assignmentcommandtest.java@org.apache.metron.stellar.common.shell.specials.assignmentcommandtest.testshouldnotmatch();False;False;0.9594;0.040600000000000004
metron-stellar\stellar-common\src\test\java\org\apache\metron\stellar\common\shell\specials\commenttest.java@org.apache.metron.stellar.common.shell.specials.commenttest.setup();False;False;0.9595;0.0405
metron-stellar\stellar-common\src\test\java\org\apache\metron\stellar\common\shell\specials\commenttest.java@org.apache.metron.stellar.common.shell.specials.commenttest.testcomment();False;False;0.9538380952380952;0.046161904761904765
metron-stellar\stellar-common\src\test\java\org\apache\metron\stellar\common\shell\specials\commenttest.java@org.apache.metron.stellar.common.shell.specials.commenttest.testgetcommand();False;False;1.0;0.0
metron-stellar\stellar-common\src\test\java\org\apache\metron\stellar\common\shell\specials\commenttest.java@org.apache.metron.stellar.common.shell.specials.commenttest.testshouldmatch();False;False;0.9604;0.0396
metron-stellar\stellar-common\src\test\java\org\apache\metron\stellar\common\shell\specials\commenttest.java@org.apache.metron.stellar.common.shell.specials.commenttest.testshouldnotmatch();False;False;0.9594;0.040600000000000004
metron-stellar\stellar-common\src\test\java\org\apache\metron\stellar\common\shell\specials\doccommandtest.java@org.apache.metron.stellar.common.shell.specials.doccommandtest.setup();False;False;0.9773333333333333;0.022666666666666665
metron-stellar\stellar-common\src\test\java\org\apache\metron\stellar\common\shell\specials\doccommandtest.java@org.apache.metron.stellar.common.shell.specials.doccommandtest.testfunctionnotdefined();False;False;0.971;0.029
metron-stellar\stellar-common\src\test\java\org\apache\metron\stellar\common\shell\specials\doccommandtest.java@org.apache.metron.stellar.common.shell.specials.doccommandtest.testnofunction();False;False;0.958;0.042
metron-stellar\stellar-common\src\test\java\org\apache\metron\stellar\common\shell\specials\doccommandtest.java@org.apache.metron.stellar.common.shell.specials.doccommandtest.testwithfunction();False;False;0.9545333333333335;0.045466666666666676
metron-stellar\stellar-common\src\test\java\org\apache\metron\stellar\common\shell\specials\magicdefineglobaltest.java@org.apache.metron.stellar.common.shell.specials.magicdefineglobaltest.setup();False;False;0.9471666666666666;0.05283333333333333
metron-stellar\stellar-common\src\test\java\org\apache\metron\stellar\common\shell\specials\magicdefineglobaltest.java@org.apache.metron.stellar.common.shell.specials.magicdefineglobaltest.testdefine();False;False;0.996;0.004
metron-stellar\stellar-common\src\test\java\org\apache\metron\stellar\common\shell\specials\magicdefineglobaltest.java@org.apache.metron.stellar.common.shell.specials.magicdefineglobaltest.testgetcommand();False;False;1.0;0.0
metron-stellar\stellar-common\src\test\java\org\apache\metron\stellar\common\shell\specials\magicdefineglobaltest.java@org.apache.metron.stellar.common.shell.specials.magicdefineglobaltest.testmissingexpression();False;False;0.9640500000000001;0.03595
metron-stellar\stellar-common\src\test\java\org\apache\metron\stellar\common\shell\specials\magicdefineglobaltest.java@org.apache.metron.stellar.common.shell.specials.magicdefineglobaltest.testnotassignmentexpression();False;False;0.9670500000000001;0.03295
metron-stellar\stellar-common\src\test\java\org\apache\metron\stellar\common\shell\specials\magicdefineglobaltest.java@org.apache.metron.stellar.common.shell.specials.magicdefineglobaltest.testshouldmatch();False;False;0.973;0.027
metron-stellar\stellar-common\src\test\java\org\apache\metron\stellar\common\shell\specials\magicdefineglobaltest.java@org.apache.metron.stellar.common.shell.specials.magicdefineglobaltest.testshouldnotmatch();False;False;0.9594;0.040600000000000004
metron-stellar\stellar-common\src\test\java\org\apache\metron\stellar\common\shell\specials\magiclistfunctionstest.java@org.apache.metron.stellar.common.shell.specials.magiclistfunctionstest.setup();False;False;0.9448333333333333;0.05516666666666666
metron-stellar\stellar-common\src\test\java\org\apache\metron\stellar\common\shell\specials\magiclistfunctionstest.java@org.apache.metron.stellar.common.shell.specials.magiclistfunctionstest.testfunctions();False;False;0.995;0.005
metron-stellar\stellar-common\src\test\java\org\apache\metron\stellar\common\shell\specials\magiclistfunctionstest.java@org.apache.metron.stellar.common.shell.specials.magiclistfunctionstest.testfunctionswithmatch();False;False;0.995;0.005
metron-stellar\stellar-common\src\test\java\org\apache\metron\stellar\common\shell\specials\magiclistfunctionstest.java@org.apache.metron.stellar.common.shell.specials.magiclistfunctionstest.testfunctionswithnomatch();False;False;0.994;0.006
metron-stellar\stellar-common\src\test\java\org\apache\metron\stellar\common\shell\specials\magiclistfunctionstest.java@org.apache.metron.stellar.common.shell.specials.magiclistfunctionstest.testgetcommand();False;False;1.0;0.0
metron-stellar\stellar-common\src\test\java\org\apache\metron\stellar\common\shell\specials\magiclistfunctionstest.java@org.apache.metron.stellar.common.shell.specials.magiclistfunctionstest.testshouldmatch();False;False;0.972;0.028
metron-stellar\stellar-common\src\test\java\org\apache\metron\stellar\common\shell\specials\magiclistfunctionstest.java@org.apache.metron.stellar.common.shell.specials.magiclistfunctionstest.testshouldnotmatch();False;False;0.972;0.028
metron-stellar\stellar-common\src\test\java\org\apache\metron\stellar\common\shell\specials\magiclistglobalstest.java@org.apache.metron.stellar.common.shell.specials.magiclistglobalstest.setup();False;False;0.9446666666666667;0.05533333333333334
metron-stellar\stellar-common\src\test\java\org\apache\metron\stellar\common\shell\specials\magiclistglobalstest.java@org.apache.metron.stellar.common.shell.specials.magiclistglobalstest.test();False;False;0.9856666666666667;0.014333333333333333
metron-stellar\stellar-common\src\test\java\org\apache\metron\stellar\common\shell\specials\magiclistglobalstest.java@org.apache.metron.stellar.common.shell.specials.magiclistglobalstest.testgetcommand();False;False;1.0;0.0
metron-stellar\stellar-common\src\test\java\org\apache\metron\stellar\common\shell\specials\magiclistglobalstest.java@org.apache.metron.stellar.common.shell.specials.magiclistglobalstest.testshouldmatch();False;False;0.972;0.028
metron-stellar\stellar-common\src\test\java\org\apache\metron\stellar\common\shell\specials\magiclistglobalstest.java@org.apache.metron.stellar.common.shell.specials.magiclistglobalstest.testshouldnotmatch();False;False;0.972;0.028
metron-stellar\stellar-common\src\test\java\org\apache\metron\stellar\common\shell\specials\magiclistglobalstest.java@org.apache.metron.stellar.common.shell.specials.magiclistglobalstest.testwithnoglobals();False;False;0.966;0.034
metron-stellar\stellar-common\src\test\java\org\apache\metron\stellar\common\shell\specials\magiclistvariablestest.java@org.apache.metron.stellar.common.shell.specials.magiclistvariablestest.setup();False;False;0.9446666666666667;0.05533333333333334
metron-stellar\stellar-common\src\test\java\org\apache\metron\stellar\common\shell\specials\magiclistvariablestest.java@org.apache.metron.stellar.common.shell.specials.magiclistvariablestest.test();False;False;0.989;0.011
metron-stellar\stellar-common\src\test\java\org\apache\metron\stellar\common\shell\specials\magiclistvariablestest.java@org.apache.metron.stellar.common.shell.specials.magiclistvariablestest.testgetcommand();False;False;1.0;0.0
metron-stellar\stellar-common\src\test\java\org\apache\metron\stellar\common\shell\specials\magiclistvariablestest.java@org.apache.metron.stellar.common.shell.specials.magiclistvariablestest.testshouldmatch();False;False;0.972;0.028
metron-stellar\stellar-common\src\test\java\org\apache\metron\stellar\common\shell\specials\magiclistvariablestest.java@org.apache.metron.stellar.common.shell.specials.magiclistvariablestest.testshouldnotmatch();False;False;0.972;0.028
metron-stellar\stellar-common\src\test\java\org\apache\metron\stellar\common\shell\specials\magiclistvariablestest.java@org.apache.metron.stellar.common.shell.specials.magiclistvariablestest.testwithnovars();False;False;0.977;0.023
metron-stellar\stellar-common\src\test\java\org\apache\metron\stellar\common\shell\specials\magicundefineglobaltest.java@org.apache.metron.stellar.common.shell.specials.magicundefineglobaltest.setup();False;False;0.9436666666666667;0.05633333333333333
metron-stellar\stellar-common\src\test\java\org\apache\metron\stellar\common\shell\specials\magicundefineglobaltest.java@org.apache.metron.stellar.common.shell.specials.magicundefineglobaltest.testgetcommand();False;False;1.0;0.0
metron-stellar\stellar-common\src\test\java\org\apache\metron\stellar\common\shell\specials\magicundefineglobaltest.java@org.apache.metron.stellar.common.shell.specials.magicundefineglobaltest.testshouldmatch();False;False;0.972;0.028
metron-stellar\stellar-common\src\test\java\org\apache\metron\stellar\common\shell\specials\magicundefineglobaltest.java@org.apache.metron.stellar.common.shell.specials.magicundefineglobaltest.testshouldnotmatch();False;False;0.972;0.028
metron-stellar\stellar-common\src\test\java\org\apache\metron\stellar\common\shell\specials\magicundefineglobaltest.java@org.apache.metron.stellar.common.shell.specials.magicundefineglobaltest.testundefine();False;False;0.9791666666666666;0.020833333333333336
metron-stellar\stellar-common\src\test\java\org\apache\metron\stellar\common\shell\specials\magicundefineglobaltest.java@org.apache.metron.stellar.common.shell.specials.magicundefineglobaltest.testwithnovariable();False;False;0.9731666666666666;0.02683333333333333
metron-stellar\stellar-common\src\test\java\org\apache\metron\stellar\common\system\clocktest.java@org.apache.metron.stellar.common.system.clocktest.formats_system_time_given_passed_format();False;False;1.0;0.0
metron-stellar\stellar-common\src\test\java\org\apache\metron\stellar\common\system\clocktest.java@org.apache.metron.stellar.common.system.clocktest.returns_system_time();False;False;0.997;0.003
metron-stellar\stellar-common\src\test\java\org\apache\metron\stellar\common\utils\bloomfiltertest.java@org.apache.metron.stellar.common.utils.bloomfiltertest.testadd();False;False;0.997;0.003
metron-stellar\stellar-common\src\test\java\org\apache\metron\stellar\common\utils\bloomfiltertest.java@org.apache.metron.stellar.common.utils.bloomfiltertest.testexists();False;False;0.9034152775648784;0.09658472243512224
metron-stellar\stellar-common\src\test\java\org\apache\metron\stellar\common\utils\bloomfiltertest.java@org.apache.metron.stellar.common.utils.bloomfiltertest.testmerge();False;False;0.986;0.014
metron-stellar\stellar-common\src\test\java\org\apache\metron\stellar\common\utils\conversionutilstest.java@org.apache.metron.stellar.common.utils.conversionutilstest.testintegerconversions();False;False;0.9985;0.0015
metron-stellar\stellar-common\src\test\java\org\apache\metron\stellar\common\utils\jsonutilstest.java@org.apache.metron.stellar.common.utils.jsonutilstest.geta();False;False;1.0;0.0
metron-stellar\stellar-common\src\test\java\org\apache\metron\stellar\common\utils\jsonutilstest.java@org.apache.metron.stellar.common.utils.jsonutilstest.getb();False;False;1.0;0.0
metron-stellar\stellar-common\src\test\java\org\apache\metron\stellar\common\utils\jsonutilstest.java@org.apache.metron.stellar.common.utils.jsonutilstest.loads_file_with_custom_class();False;False;0.9935833333333334;0.006416666666666667
metron-stellar\stellar-common\src\test\java\org\apache\metron\stellar\common\utils\jsonutilstest.java@org.apache.metron.stellar.common.utils.jsonutilstest.loads_file_with_map_class();False;False;0.996;0.004
metron-stellar\stellar-common\src\test\java\org\apache\metron\stellar\common\utils\jsonutilstest.java@org.apache.metron.stellar.common.utils.jsonutilstest.loads_file_with_typeref();False;False;0.997;0.003
metron-stellar\stellar-common\src\test\java\org\apache\metron\stellar\common\utils\jsonutilstest.java@org.apache.metron.stellar.common.utils.jsonutilstest.seta(string);False;False;1.0;0.0
metron-stellar\stellar-common\src\test\java\org\apache\metron\stellar\common\utils\jsonutilstest.java@org.apache.metron.stellar.common.utils.jsonutilstest.setb(string);False;False;1.0;0.0
metron-stellar\stellar-common\src\test\java\org\apache\metron\stellar\common\utils\jsonutilstest.java@org.apache.metron.stellar.common.utils.jsonutilstest.setup();False;False;0.992;0.008
metron-stellar\stellar-common\src\test\java\org\apache\metron\stellar\common\utils\jsonutilstest.java@org.apache.metron.stellar.common.utils.testconfig.geta();False;False;0.9851351218008023;0.014864878199197096
metron-stellar\stellar-common\src\test\java\org\apache\metron\stellar\common\utils\jsonutilstest.java@org.apache.metron.stellar.common.utils.testconfig.getb();False;False;0.9851351218008023;0.014864878199197096
metron-stellar\stellar-common\src\test\java\org\apache\metron\stellar\common\utils\jsonutilstest.java@org.apache.metron.stellar.common.utils.testconfig.seta(string);False;False;0.9034152775648784;0.09658472243512224
metron-stellar\stellar-common\src\test\java\org\apache\metron\stellar\common\utils\jsonutilstest.java@org.apache.metron.stellar.common.utils.testconfig.setb(string);False;False;0.9034152775648784;0.09658472243512224
metron-stellar\stellar-common\src\test\java\org\apache\metron\stellar\common\utils\serdeutilstest.java@org.apache.metron.stellar.common.utils.arbitrarypojo.arbitrarypojo();False;False;0.9034152775648784;0.09658472243512224
metron-stellar\stellar-common\src\test\java\org\apache\metron\stellar\common\utils\serdeutilstest.java@org.apache.metron.stellar.common.utils.arbitrarypojo.equals(object);False;False;0.9034152775648784;0.09658472243512224
metron-stellar\stellar-common\src\test\java\org\apache\metron\stellar\common\utils\serdeutilstest.java@org.apache.metron.stellar.common.utils.arbitrarypojo.getd();False;False;1.0;0.0
metron-stellar\stellar-common\src\test\java\org\apache\metron\stellar\common\utils\serdeutilstest.java@org.apache.metron.stellar.common.utils.arbitrarypojo.getlist();False;False;1.0;0.0
metron-stellar\stellar-common\src\test\java\org\apache\metron\stellar\common\utils\serdeutilstest.java@org.apache.metron.stellar.common.utils.arbitrarypojo.getmap();False;False;0.9851351218008023;0.014864878199197096
metron-stellar\stellar-common\src\test\java\org\apache\metron\stellar\common\utils\serdeutilstest.java@org.apache.metron.stellar.common.utils.arbitrarypojo.getstring();False;False;0.9851351218008023;0.014864878199197096
metron-stellar\stellar-common\src\test\java\org\apache\metron\stellar\common\utils\serdeutilstest.java@org.apache.metron.stellar.common.utils.arbitrarypojo.hashcode();False;False;0.9903333333333333;0.009666666666666665
metron-stellar\stellar-common\src\test\java\org\apache\metron\stellar\common\utils\serdeutilstest.java@org.apache.metron.stellar.common.utils.arbitrarypojo.setd(double);False;False;0.9775952569781741;0.022404743021829047
metron-stellar\stellar-common\src\test\java\org\apache\metron\stellar\common\utils\serdeutilstest.java@org.apache.metron.stellar.common.utils.arbitrarypojo.setlist(list);False;False;0.9034152775648784;0.09658472243512224
metron-stellar\stellar-common\src\test\java\org\apache\metron\stellar\common\utils\serdeutilstest.java@org.apache.metron.stellar.common.utils.arbitrarypojo.setmap(map);False;False;0.9034152775648784;0.09658472243512224
metron-stellar\stellar-common\src\test\java\org\apache\metron\stellar\common\utils\serdeutilstest.java@org.apache.metron.stellar.common.utils.arbitrarypojo.setstring(string);False;False;0.9863333374684377;0.013666662531561671
metron-stellar\stellar-common\src\test\java\org\apache\metron\stellar\common\utils\serdeutilstest.java@org.apache.metron.stellar.common.utils.serdeutilstest.arbitrarypojo();False;False;0.9034152775648784;0.09658472243512224
metron-stellar\stellar-common\src\test\java\org\apache\metron\stellar\common\utils\serdeutilstest.java@org.apache.metron.stellar.common.utils.serdeutilstest.equals(object);False;False;0.987;0.013
metron-stellar\stellar-common\src\test\java\org\apache\metron\stellar\common\utils\serdeutilstest.java@org.apache.metron.stellar.common.utils.serdeutilstest.getd();False;False;0.9034152775648784;0.09658472243512224
metron-stellar\stellar-common\src\test\java\org\apache\metron\stellar\common\utils\serdeutilstest.java@org.apache.metron.stellar.common.utils.serdeutilstest.getlist();False;False;0.9034152775648784;0.09658472243512224
metron-stellar\stellar-common\src\test\java\org\apache\metron\stellar\common\utils\serdeutilstest.java@org.apache.metron.stellar.common.utils.serdeutilstest.getmap();False;False;1.0;0.0
metron-stellar\stellar-common\src\test\java\org\apache\metron\stellar\common\utils\serdeutilstest.java@org.apache.metron.stellar.common.utils.serdeutilstest.getstring();False;False;1.0;0.0
metron-stellar\stellar-common\src\test\java\org\apache\metron\stellar\common\utils\serdeutilstest.java@org.apache.metron.stellar.common.utils.serdeutilstest.hashcode();False;False;0.9034152775648784;0.09658472243512224
metron-stellar\stellar-common\src\test\java\org\apache\metron\stellar\common\utils\serdeutilstest.java@org.apache.metron.stellar.common.utils.serdeutilstest.setd(double);False;False;0.9034152775648784;0.09658472243512224
metron-stellar\stellar-common\src\test\java\org\apache\metron\stellar\common\utils\serdeutilstest.java@org.apache.metron.stellar.common.utils.serdeutilstest.setlist(list);False;False;0.9034152775648784;0.09658472243512224
metron-stellar\stellar-common\src\test\java\org\apache\metron\stellar\common\utils\serdeutilstest.java@org.apache.metron.stellar.common.utils.serdeutilstest.setmap(map);False;False;0.9034152775648784;0.09658472243512224
metron-stellar\stellar-common\src\test\java\org\apache\metron\stellar\common\utils\serdeutilstest.java@org.apache.metron.stellar.common.utils.serdeutilstest.setstring(string);False;False;0.9034152775648784;0.09658472243512224
metron-stellar\stellar-common\src\test\java\org\apache\metron\stellar\common\utils\serdeutilstest.java@org.apache.metron.stellar.common.utils.serdeutilstest.testarbitrarypojo();False;False;0.999;0.001
metron-stellar\stellar-common\src\test\java\org\apache\metron\stellar\common\utils\serdeutilstest.java@org.apache.metron.stellar.common.utils.serdeutilstest.testbloomfilter();False;False;0.995;0.005
metron-stellar\stellar-common\src\test\java\org\apache\metron\stellar\common\utils\serdeutilstest.java@org.apache.metron.stellar.common.utils.serdeutilstest.testdouble();False;False;1.0;0.0
metron-stellar\stellar-common\src\test\java\org\apache\metron\stellar\common\utils\serdeutilstest.java@org.apache.metron.stellar.common.utils.serdeutilstest.testfloat();False;False;1.0;0.0
metron-stellar\stellar-common\src\test\java\org\apache\metron\stellar\common\utils\serdeutilstest.java@org.apache.metron.stellar.common.utils.serdeutilstest.testinteger();False;False;0.992;0.008
metron-stellar\stellar-common\src\test\java\org\apache\metron\stellar\common\utils\serdeutilstest.java@org.apache.metron.stellar.common.utils.serdeutilstest.testlist();False;False;1.0;0.0
metron-stellar\stellar-common\src\test\java\org\apache\metron\stellar\common\utils\serdeutilstest.java@org.apache.metron.stellar.common.utils.serdeutilstest.testlong();False;False;1.0;0.0
metron-stellar\stellar-common\src\test\java\org\apache\metron\stellar\common\utils\serdeutilstest.java@org.apache.metron.stellar.common.utils.serdeutilstest.testmap();False;False;0.998;0.002
metron-stellar\stellar-common\src\test\java\org\apache\metron\stellar\common\utils\serdeutilstest.java@org.apache.metron.stellar.common.utils.serdeutilstest.testshort();False;False;1.0;0.0
metron-stellar\stellar-common\src\test\java\org\apache\metron\stellar\common\utils\unittesthelper.java@org.apache.metron.stellar.common.utils.unittesthelper.addcleanuphook(path);False;False;0.9034152775648784;0.09658472243512224
metron-stellar\stellar-common\src\test\java\org\apache\metron\stellar\common\utils\unittesthelper.java@org.apache.metron.stellar.common.utils.unittesthelper.assertsetequal(string,set,set);False;False;0.9034152775648784;0.09658472243512224
metron-stellar\stellar-common\src\test\java\org\apache\metron\stellar\common\utils\unittesthelper.java@org.apache.metron.stellar.common.utils.unittesthelper.cleandir(path);False;False;0.9034152775648784;0.09658472243512224
metron-stellar\stellar-common\src\test\java\org\apache\metron\stellar\common\utils\unittesthelper.java@org.apache.metron.stellar.common.utils.unittesthelper.createtempdir(file);False;False;1.0;0.0
metron-stellar\stellar-common\src\test\java\org\apache\metron\stellar\common\utils\unittesthelper.java@org.apache.metron.stellar.common.utils.unittesthelper.createtempdir(file,boolean);False;False;0.9034152775648784;0.09658472243512224
metron-stellar\stellar-common\src\test\java\org\apache\metron\stellar\common\utils\unittesthelper.java@org.apache.metron.stellar.common.utils.unittesthelper.createtempdir(string);False;False;1.0;0.0
metron-stellar\stellar-common\src\test\java\org\apache\metron\stellar\common\utils\unittesthelper.java@org.apache.metron.stellar.common.utils.unittesthelper.createtempdir(string,boolean);False;False;0.9034152775648784;0.09658472243512224
metron-stellar\stellar-common\src\test\java\org\apache\metron\stellar\common\utils\unittesthelper.java@org.apache.metron.stellar.common.utils.unittesthelper.finddir(file,string);False;False;0.9034152775648784;0.09658472243512224
metron-stellar\stellar-common\src\test\java\org\apache\metron\stellar\common\utils\unittesthelper.java@org.apache.metron.stellar.common.utils.unittesthelper.finddir(string);False;False;1.0;0.0
metron-stellar\stellar-common\src\test\java\org\apache\metron\stellar\common\utils\unittesthelper.java@org.apache.metron.stellar.common.utils.unittesthelper.getjavalogginglevel();False;False;0.991;0.009
metron-stellar\stellar-common\src\test\java\org\apache\metron\stellar\common\utils\unittesthelper.java@org.apache.metron.stellar.common.utils.unittesthelper.getjavalogginglevel(class);False;False;0.9973333333333334;0.0026666666666666666
metron-stellar\stellar-common\src\test\java\org\apache\metron\stellar\common\utils\unittesthelper.java@org.apache.metron.stellar.common.utils.unittesthelper.getlog4jlevel(class);False;False;0.999;0.001
metron-stellar\stellar-common\src\test\java\org\apache\metron\stellar\common\utils\unittesthelper.java@org.apache.metron.stellar.common.utils.unittesthelper.postvisitdirectory(path,ioexception);False;False;0.9034152775648784;0.09658472243512224
metron-stellar\stellar-common\src\test\java\org\apache\metron\stellar\common\utils\unittesthelper.java@org.apache.metron.stellar.common.utils.unittesthelper.run();False;False;0.9034152775648784;0.09658472243512224
metron-stellar\stellar-common\src\test\java\org\apache\metron\stellar\common\utils\unittesthelper.java@org.apache.metron.stellar.common.utils.unittesthelper.setjavalogginglevel(class,java);False;False;0.9034152775648784;0.09658472243512224
metron-stellar\stellar-common\src\test\java\org\apache\metron\stellar\common\utils\unittesthelper.java@org.apache.metron.stellar.common.utils.unittesthelper.setjavalogginglevel(java);False;False;0.9034152775648784;0.09658472243512224
metron-stellar\stellar-common\src\test\java\org\apache\metron\stellar\common\utils\unittesthelper.java@org.apache.metron.stellar.common.utils.unittesthelper.setlog4jlevel(class,level);False;False;0.9034152775648784;0.09658472243512224
metron-stellar\stellar-common\src\test\java\org\apache\metron\stellar\common\utils\unittesthelper.java@org.apache.metron.stellar.common.utils.unittesthelper.verboselogging();False;False;1.0;0.0
metron-stellar\stellar-common\src\test\java\org\apache\metron\stellar\common\utils\unittesthelper.java@org.apache.metron.stellar.common.utils.unittesthelper.verboselogging(string,level);False;False;0.9034152775648784;0.09658472243512224
metron-stellar\stellar-common\src\test\java\org\apache\metron\stellar\common\utils\unittesthelper.java@org.apache.metron.stellar.common.utils.unittesthelper.visitfile(path,basicfileattributes);False;False;0.9034152775648784;0.09658472243512224
metron-stellar\stellar-common\src\test\java\org\apache\metron\stellar\common\utils\unittesthelper.java@org.apache.metron.stellar.common.utils.unittesthelper.visitfilefailed(path,ioexception);False;False;0.9034152775648784;0.09658472243512224
metron-stellar\stellar-common\src\test\java\org\apache\metron\stellar\common\utils\unittesthelper.java@org.apache.metron.stellar.common.utils.unittesthelper.write(file,string);False;False;0.9034152775648784;0.09658472243512224
metron-stellar\stellar-common\src\test\java\org\apache\metron\stellar\common\utils\hashing\defaulthashertest.java@org.apache.metron.stellar.common.utils.hashing.defaulthashertest.gethashashexofnullvaluereturnspadded00();False;False;0.989;0.011
metron-stellar\stellar-common\src\test\java\org\apache\metron\stellar\common\utils\hashing\defaulthashertest.java@org.apache.metron.stellar.common.utils.hashing.defaulthashertest.hashingserializableobject();False;False;1.0;0.0
metron-stellar\stellar-common\src\test\java\org\apache\metron\stellar\common\utils\hashing\defaulthashertest.java@org.apache.metron.stellar.common.utils.hashing.defaulthashertest.hashingstringwithemptystring();False;False;1.0;0.0
metron-stellar\stellar-common\src\test\java\org\apache\metron\stellar\common\utils\hashing\defaulthashertest.java@org.apache.metron.stellar.common.utils.hashing.defaulthashertest.nonserializableshouldreturnnull();False;False;1.0;0.0
metron-stellar\stellar-common\src\test\java\org\apache\metron\stellar\dsl\functions\basicstellartest.java@org.apache.metron.stellar.dsl.functions.basicstellartest.apply(list,context);False;False;0.9034152775648784;0.09658472243512224
metron-stellar\stellar-common\src\test\java\org\apache\metron\stellar\dsl\functions\basicstellartest.java@org.apache.metron.stellar.dsl.functions.basicstellartest.ensuredocumentation();False;False;0.9575;0.0425
metron-stellar\stellar-common\src\test\java\org\apache\metron\stellar\dsl\functions\basicstellartest.java@org.apache.metron.stellar.dsl.functions.basicstellartest.innestedinstatement();False;False;0.998;0.002
metron-stellar\stellar-common\src\test\java\org\apache\metron\stellar\dsl\functions\basicstellartest.java@org.apache.metron.stellar.dsl.functions.basicstellartest.isinitialized();False;False;0.997;0.003
metron-stellar\stellar-common\src\test\java\org\apache\metron\stellar\dsl\functions\basicstellartest.java@org.apache.metron.stellar.dsl.functions.basicstellartest.non_boolean_predicate_throws_exception();False;False;0.9034152775648784;0.09658472243512224
metron-stellar\stellar-common\src\test\java\org\apache\metron\stellar\dsl\functions\basicstellartest.java@org.apache.metron.stellar.dsl.functions.basicstellartest.testbooleanops();False;False;0.9034152775648784;0.09658472243512224
metron-stellar\stellar-common\src\test\java\org\apache\metron\stellar\dsl\functions\basicstellartest.java@org.apache.metron.stellar.dsl.functions.basicstellartest.testconditionalsasfunctionargs();False;False;0.872;0.128
metron-stellar\stellar-common\src\test\java\org\apache\metron\stellar\dsl\functions\basicstellartest.java@org.apache.metron.stellar.dsl.functions.basicstellartest.testconditionalsasmapkeys();False;False;1.0;0.0
metron-stellar\stellar-common\src\test\java\org\apache\metron\stellar\dsl\functions\basicstellartest.java@org.apache.metron.stellar.dsl.functions.basicstellartest.testcontextactivitytypereset();False;False;1.0;0.0
metron-stellar\stellar-common\src\test\java\org\apache\metron\stellar\dsl\functions\basicstellartest.java@org.apache.metron.stellar.dsl.functions.basicstellartest.testdateconversion();False;False;1.0;0.0
metron-stellar\stellar-common\src\test\java\org\apache\metron\stellar\dsl\functions\basicstellartest.java@org.apache.metron.stellar.dsl.functions.basicstellartest.testemptylengthcollection();False;False;1.0;0.0
metron-stellar\stellar-common\src\test\java\org\apache\metron\stellar\dsl\functions\basicstellartest.java@org.apache.metron.stellar.dsl.functions.basicstellartest.testemptylengthstring();False;False;1.0;0.0
metron-stellar\stellar-common\src\test\java\org\apache\metron\stellar\dsl\functions\basicstellartest.java@org.apache.metron.stellar.dsl.functions.basicstellartest.testescapedliterals();False;False;0.99;0.01
metron-stellar\stellar-common\src\test\java\org\apache\metron\stellar\dsl\functions\basicstellartest.java@org.apache.metron.stellar.dsl.functions.basicstellartest.testexists();False;False;0.9034152775648784;0.09658472243512224
metron-stellar\stellar-common\src\test\java\org\apache\metron\stellar\dsl\functions\basicstellartest.java@org.apache.metron.stellar.dsl.functions.basicstellartest.testfunctionemptyargs();False;False;0.99;0.01
metron-stellar\stellar-common\src\test\java\org\apache\metron\stellar\dsl\functions\basicstellartest.java@org.apache.metron.stellar.dsl.functions.basicstellartest.testget();False;False;0.999;0.001
metron-stellar\stellar-common\src\test\java\org\apache\metron\stellar\dsl\functions\basicstellartest.java@org.apache.metron.stellar.dsl.functions.basicstellartest.testhappypath();False;False;1.0;0.0
metron-stellar\stellar-common\src\test\java\org\apache\metron\stellar\dsl\functions\basicstellartest.java@org.apache.metron.stellar.dsl.functions.basicstellartest.testifthenelse();False;False;0.96;0.04
metron-stellar\stellar-common\src\test\java\org\apache\metron\stellar\dsl\functions\basicstellartest.java@org.apache.metron.stellar.dsl.functions.basicstellartest.testifthenelsebug1();False;False;1.0;0.0
metron-stellar\stellar-common\src\test\java\org\apache\metron\stellar\dsl\functions\basicstellartest.java@org.apache.metron.stellar.dsl.functions.basicstellartest.testifthenelsebug2();False;False;1.0;0.0
metron-stellar\stellar-common\src\test\java\org\apache\metron\stellar\dsl\functions\basicstellartest.java@org.apache.metron.stellar.dsl.functions.basicstellartest.testifthenelsebug3();False;False;1.0;0.0
metron-stellar\stellar-common\src\test\java\org\apache\metron\stellar\dsl\functions\basicstellartest.java@org.apache.metron.stellar.dsl.functions.basicstellartest.testifthenelsebug4();False;False;1.0;0.0
metron-stellar\stellar-common\src\test\java\org\apache\metron\stellar\dsl\functions\basicstellartest.java@org.apache.metron.stellar.dsl.functions.basicstellartest.testincollection();False;False;0.9034152775648784;0.09658472243512224
metron-stellar\stellar-common\src\test\java\org\apache\metron\stellar\dsl\functions\basicstellartest.java@org.apache.metron.stellar.dsl.functions.basicstellartest.testinmap();False;False;0.9034152775648784;0.09658472243512224
metron-stellar\stellar-common\src\test\java\org\apache\metron\stellar\dsl\functions\basicstellartest.java@org.apache.metron.stellar.dsl.functions.basicstellartest.testinnotin();False;False;0.9034152775648784;0.09658472243512224
metron-stellar\stellar-common\src\test\java\org\apache\metron\stellar\dsl\functions\basicstellartest.java@org.apache.metron.stellar.dsl.functions.basicstellartest.testinstring();False;False;0.9034152775648784;0.09658472243512224
metron-stellar\stellar-common\src\test\java\org\apache\metron\stellar\dsl\functions\basicstellartest.java@org.apache.metron.stellar.dsl.functions.basicstellartest.testjoin();False;False;1.0;0.0
metron-stellar\stellar-common\src\test\java\org\apache\metron\stellar\dsl\functions\basicstellartest.java@org.apache.metron.stellar.dsl.functions.basicstellartest.testlengthcollection();False;False;0.993;0.007
metron-stellar\stellar-common\src\test\java\org\apache\metron\stellar\dsl\functions\basicstellartest.java@org.apache.metron.stellar.dsl.functions.basicstellartest.testlengthstring();False;False;1.0;0.0
metron-stellar\stellar-common\src\test\java\org\apache\metron\stellar\dsl\functions\basicstellartest.java@org.apache.metron.stellar.dsl.functions.basicstellartest.testlogicalfunctions();False;False;0.9034152775648784;0.09658472243512224
metron-stellar\stellar-common\src\test\java\org\apache\metron\stellar\dsl\functions\basicstellartest.java@org.apache.metron.stellar.dsl.functions.basicstellartest.testmapconstant();False;False;0.997;0.003
metron-stellar\stellar-common\src\test\java\org\apache\metron\stellar\dsl\functions\basicstellartest.java@org.apache.metron.stellar.dsl.functions.basicstellartest.testmapfunctions_advanced();False;False;0.9034152775648784;0.09658472243512224
metron-stellar\stellar-common\src\test\java\org\apache\metron\stellar\dsl\functions\basicstellartest.java@org.apache.metron.stellar.dsl.functions.basicstellartest.testmapget();False;False;0.983;0.017
metron-stellar\stellar-common\src\test\java\org\apache\metron\stellar\dsl\functions\basicstellartest.java@org.apache.metron.stellar.dsl.functions.basicstellartest.testmissingvariableswithparse();False;False;0.996;0.004
metron-stellar\stellar-common\src\test\java\org\apache\metron\stellar\dsl\functions\basicstellartest.java@org.apache.metron.stellar.dsl.functions.basicstellartest.testnan();False;False;0.958;0.042
metron-stellar\stellar-common\src\test\java\org\apache\metron\stellar\dsl\functions\basicstellartest.java@org.apache.metron.stellar.dsl.functions.basicstellartest.testnovarlength();False;False;0.997;0.003
metron-stellar\stellar-common\src\test\java\org\apache\metron\stellar\dsl\functions\basicstellartest.java@org.apache.metron.stellar.dsl.functions.basicstellartest.testnull();False;False;0.99;0.01
metron-stellar\stellar-common\src\test\java\org\apache\metron\stellar\dsl\functions\basicstellartest.java@org.apache.metron.stellar.dsl.functions.basicstellartest.testprotocoltoname();False;False;0.998;0.002
metron-stellar\stellar-common\src\test\java\org\apache\metron\stellar\dsl\functions\basicstellartest.java@org.apache.metron.stellar.dsl.functions.basicstellartest.testshortcircuit_boolean();False;False;0.9034152775648784;0.09658472243512224
metron-stellar\stellar-common\src\test\java\org\apache\metron\stellar\dsl\functions\basicstellartest.java@org.apache.metron.stellar.dsl.functions.basicstellartest.testshortcircuit_conditional();False;False;0.995;0.005
metron-stellar\stellar-common\src\test\java\org\apache\metron\stellar\dsl\functions\basicstellartest.java@org.apache.metron.stellar.dsl.functions.basicstellartest.testshortcircuit_mixedboolops();False;False;0.9034152775648784;0.09658472243512224
metron-stellar\stellar-common\src\test\java\org\apache\metron\stellar\dsl\functions\basicstellartest.java@org.apache.metron.stellar.dsl.functions.basicstellartest.testsplit();False;False;0.999;0.001
metron-stellar\stellar-common\src\test\java\org\apache\metron\stellar\dsl\functions\basicstellartest.java@org.apache.metron.stellar.dsl.functions.basicstellartest.testsubdomainremoval();False;False;0.993;0.007
metron-stellar\stellar-common\src\test\java\org\apache\metron\stellar\dsl\functions\basicstellartest.java@org.apache.metron.stellar.dsl.functions.basicstellartest.testtldextraction();False;False;0.999;0.001
metron-stellar\stellar-common\src\test\java\org\apache\metron\stellar\dsl\functions\basicstellartest.java@org.apache.metron.stellar.dsl.functions.basicstellartest.testtldremoval();False;False;0.999;0.001
metron-stellar\stellar-common\src\test\java\org\apache\metron\stellar\dsl\functions\basicstellartest.java@org.apache.metron.stellar.dsl.functions.basicstellartest.testtodouble();False;False;0.994;0.006
metron-stellar\stellar-common\src\test\java\org\apache\metron\stellar\dsl\functions\basicstellartest.java@org.apache.metron.stellar.dsl.functions.basicstellartest.testtointeger();False;False;0.994;0.006
metron-stellar\stellar-common\src\test\java\org\apache\metron\stellar\dsl\functions\basicstellartest.java@org.apache.metron.stellar.dsl.functions.basicstellartest.testtostring();False;False;0.9979;0.0021000000000000003
metron-stellar\stellar-common\src\test\java\org\apache\metron\stellar\dsl\functions\basicstellartest.java@org.apache.metron.stellar.dsl.functions.basicstellartest.testtostringnull();False;False;0.998;0.002
metron-stellar\stellar-common\src\test\java\org\apache\metron\stellar\dsl\functions\basicstellartest.java@org.apache.metron.stellar.dsl.functions.basicstellartest.testurltohost();False;False;1.0;0.0
metron-stellar\stellar-common\src\test\java\org\apache\metron\stellar\dsl\functions\basicstellartest.java@org.apache.metron.stellar.dsl.functions.basicstellartest.testurltopath();False;False;1.0;0.0
metron-stellar\stellar-common\src\test\java\org\apache\metron\stellar\dsl\functions\basicstellartest.java@org.apache.metron.stellar.dsl.functions.basicstellartest.testurltoport();False;False;1.0;0.0
metron-stellar\stellar-common\src\test\java\org\apache\metron\stellar\dsl\functions\basicstellartest.java@org.apache.metron.stellar.dsl.functions.basicstellartest.testurltoprotocol();False;False;1.0;0.0
metron-stellar\stellar-common\src\test\java\org\apache\metron\stellar\dsl\functions\basicstellartest.java@org.apache.metron.stellar.dsl.functions.basicstellartest.testvalidatedoesnotthrow();False;False;0.995;0.005
metron-stellar\stellar-common\src\test\java\org\apache\metron\stellar\dsl\functions\basicstellartest.java@org.apache.metron.stellar.dsl.functions.basicstellartest.testvariableresolution();False;False;0.997;0.003
metron-stellar\stellar-common\src\test\java\org\apache\metron\stellar\dsl\functions\basicstellartest.java@org.apache.metron.stellar.dsl.functions.basicstellartest.testvariablesused();False;False;0.993;0.007
metron-stellar\stellar-common\src\test\java\org\apache\metron\stellar\dsl\functions\basicstellartest.java@org.apache.metron.stellar.dsl.functions.throw.apply(list,context);False;False;0.9034152775648784;0.09658472243512224
metron-stellar\stellar-common\src\test\java\org\apache\metron\stellar\dsl\functions\basicstellartest.java@org.apache.metron.stellar.dsl.functions.throw.isinitialized();False;False;0.9851351218008023;0.014864878199197096
metron-stellar\stellar-common\src\test\java\org\apache\metron\stellar\dsl\functions\basicstellartest.java@org.apache.metron.stellar.dsl.functions.truefunc.apply(list,context);False;False;0.9034152775648784;0.09658472243512224
metron-stellar\stellar-common\src\test\java\org\apache\metron\stellar\dsl\functions\basicstellartest.java@org.apache.metron.stellar.dsl.functions.truefunc.isinitialized();False;False;1.0;0.0
metron-stellar\stellar-common\src\test\java\org\apache\metron\stellar\dsl\functions\conversionfunctionstest.java@org.apache.metron.stellar.dsl.functions.conversionfunctionstest.conversionfunctionsshouldproperlyconverttospecifictype();False;False;0.9609166666666666;0.03908333333333333
metron-stellar\stellar-common\src\test\java\org\apache\metron\stellar\dsl\functions\conversionfunctionstest.java@org.apache.metron.stellar.dsl.functions.conversionfunctionstest.conversionfunctionsshouldproperlyhandlenull();False;False;0.9495;0.0505
metron-stellar\stellar-common\src\test\java\org\apache\metron\stellar\dsl\functions\datastructurefunctionstest.java@org.apache.metron.stellar.dsl.functions.datastructurefunctionstest.is_empty_handles_empty_values();False;False;0.988;0.012
metron-stellar\stellar-common\src\test\java\org\apache\metron\stellar\dsl\functions\datastructurefunctionstest.java@org.apache.metron.stellar.dsl.functions.datastructurefunctionstest.is_empty_handles_happy_path();False;False;0.996;0.004
metron-stellar\stellar-common\src\test\java\org\apache\metron\stellar\dsl\functions\datastructurefunctionstest.java@org.apache.metron.stellar.dsl.functions.datastructurefunctionstest.listadd_mixed();False;False;0.998;0.002
metron-stellar\stellar-common\src\test\java\org\apache\metron\stellar\dsl\functions\datastructurefunctionstest.java@org.apache.metron.stellar.dsl.functions.datastructurefunctionstest.listadd_number();False;False;0.998;0.002
metron-stellar\stellar-common\src\test\java\org\apache\metron\stellar\dsl\functions\datastructurefunctionstest.java@org.apache.metron.stellar.dsl.functions.datastructurefunctionstest.listadd_number_nonempty();False;False;0.996;0.004
metron-stellar\stellar-common\src\test\java\org\apache\metron\stellar\dsl\functions\datefunctionstest.java@org.apache.metron.stellar.dsl.functions.datefunctionstest.run(string);False;False;0.9034152775648784;0.09658472243512224
metron-stellar\stellar-common\src\test\java\org\apache\metron\stellar\dsl\functions\datefunctionstest.java@org.apache.metron.stellar.dsl.functions.datefunctionstest.setup();False;False;0.997;0.003
metron-stellar\stellar-common\src\test\java\org\apache\metron\stellar\dsl\functions\datefunctionstest.java@org.apache.metron.stellar.dsl.functions.datefunctionstest.testdayofmonth();False;False;1.0;0.0
metron-stellar\stellar-common\src\test\java\org\apache\metron\stellar\dsl\functions\datefunctionstest.java@org.apache.metron.stellar.dsl.functions.datefunctionstest.testdayofmonthnow();False;False;1.0;0.0
metron-stellar\stellar-common\src\test\java\org\apache\metron\stellar\dsl\functions\datefunctionstest.java@org.apache.metron.stellar.dsl.functions.datefunctionstest.testdayofmonthnull();False;False;1.0;0.0
metron-stellar\stellar-common\src\test\java\org\apache\metron\stellar\dsl\functions\datefunctionstest.java@org.apache.metron.stellar.dsl.functions.datefunctionstest.testdayofweek();False;False;0.992;0.008
metron-stellar\stellar-common\src\test\java\org\apache\metron\stellar\dsl\functions\datefunctionstest.java@org.apache.metron.stellar.dsl.functions.datefunctionstest.testdayofweeknow();False;False;1.0;0.0
metron-stellar\stellar-common\src\test\java\org\apache\metron\stellar\dsl\functions\datefunctionstest.java@org.apache.metron.stellar.dsl.functions.datefunctionstest.testdayofweeknull();False;False;1.0;0.0
metron-stellar\stellar-common\src\test\java\org\apache\metron\stellar\dsl\functions\datefunctionstest.java@org.apache.metron.stellar.dsl.functions.datefunctionstest.testdayofyear();False;False;1.0;0.0
metron-stellar\stellar-common\src\test\java\org\apache\metron\stellar\dsl\functions\datefunctionstest.java@org.apache.metron.stellar.dsl.functions.datefunctionstest.testdayofyearnow();False;False;1.0;0.0
metron-stellar\stellar-common\src\test\java\org\apache\metron\stellar\dsl\functions\datefunctionstest.java@org.apache.metron.stellar.dsl.functions.datefunctionstest.testdayofyearnull();False;False;1.0;0.0
metron-stellar\stellar-common\src\test\java\org\apache\metron\stellar\dsl\functions\datefunctionstest.java@org.apache.metron.stellar.dsl.functions.datefunctionstest.testmonth();False;False;0.976;0.024
metron-stellar\stellar-common\src\test\java\org\apache\metron\stellar\dsl\functions\datefunctionstest.java@org.apache.metron.stellar.dsl.functions.datefunctionstest.testmonthnow();False;False;1.0;0.0
metron-stellar\stellar-common\src\test\java\org\apache\metron\stellar\dsl\functions\datefunctionstest.java@org.apache.metron.stellar.dsl.functions.datefunctionstest.testmonthnull();False;False;1.0;0.0
metron-stellar\stellar-common\src\test\java\org\apache\metron\stellar\dsl\functions\datefunctionstest.java@org.apache.metron.stellar.dsl.functions.datefunctionstest.testweekofmonth();False;False;1.0;0.0
metron-stellar\stellar-common\src\test\java\org\apache\metron\stellar\dsl\functions\datefunctionstest.java@org.apache.metron.stellar.dsl.functions.datefunctionstest.testweekofmonthnow();False;False;1.0;0.0
metron-stellar\stellar-common\src\test\java\org\apache\metron\stellar\dsl\functions\datefunctionstest.java@org.apache.metron.stellar.dsl.functions.datefunctionstest.testweekofmonthnull();False;False;1.0;0.0
metron-stellar\stellar-common\src\test\java\org\apache\metron\stellar\dsl\functions\datefunctionstest.java@org.apache.metron.stellar.dsl.functions.datefunctionstest.testweekofyear();True;False;1.0;0.0
metron-stellar\stellar-common\src\test\java\org\apache\metron\stellar\dsl\functions\datefunctionstest.java@org.apache.metron.stellar.dsl.functions.datefunctionstest.testweekofyearnow();False;False;1.0;0.0
metron-stellar\stellar-common\src\test\java\org\apache\metron\stellar\dsl\functions\datefunctionstest.java@org.apache.metron.stellar.dsl.functions.datefunctionstest.testweekofyearnull();False;False;1.0;0.0
metron-stellar\stellar-common\src\test\java\org\apache\metron\stellar\dsl\functions\datefunctionstest.java@org.apache.metron.stellar.dsl.functions.datefunctionstest.testyear();False;False;1.0;0.0
metron-stellar\stellar-common\src\test\java\org\apache\metron\stellar\dsl\functions\datefunctionstest.java@org.apache.metron.stellar.dsl.functions.datefunctionstest.testyearnow();False;False;1.0;0.0
metron-stellar\stellar-common\src\test\java\org\apache\metron\stellar\dsl\functions\datefunctionstest.java@org.apache.metron.stellar.dsl.functions.datefunctionstest.testyearnull();False;False;1.0;0.0
metron-stellar\stellar-common\src\test\java\org\apache\metron\stellar\dsl\functions\encodingfunctionstest.java@org.apache.metron.stellar.dsl.functions.encodingfunctionstest.testdecode();False;False;0.998;0.002
metron-stellar\stellar-common\src\test\java\org\apache\metron\stellar\dsl\functions\encodingfunctionstest.java@org.apache.metron.stellar.dsl.functions.encodingfunctionstest.testdecodewithverify();False;False;0.996;0.004
metron-stellar\stellar-common\src\test\java\org\apache\metron\stellar\dsl\functions\encodingfunctionstest.java@org.apache.metron.stellar.dsl.functions.encodingfunctionstest.testencode();False;False;0.996;0.004
metron-stellar\stellar-common\src\test\java\org\apache\metron\stellar\dsl\functions\encodingfunctionstest.java@org.apache.metron.stellar.dsl.functions.encodingfunctionstest.testencodingis();False;False;0.9034152775648784;0.09658472243512224
metron-stellar\stellar-common\src\test\java\org\apache\metron\stellar\dsl\functions\encodingfunctionstest.java@org.apache.metron.stellar.dsl.functions.encodingfunctionstest.testsupportedencodingslist();False;False;0.993;0.007
metron-stellar\stellar-common\src\test\java\org\apache\metron\stellar\dsl\functions\functionalfunctionstest.java@org.apache.metron.stellar.dsl.functions.functionalfunctionstest.testfilter();False;False;0.994;0.006
metron-stellar\stellar-common\src\test\java\org\apache\metron\stellar\dsl\functions\functionalfunctionstest.java@org.apache.metron.stellar.dsl.functions.functionalfunctionstest.testfilter_all();False;False;1.0;0.0
metron-stellar\stellar-common\src\test\java\org\apache\metron\stellar\dsl\functions\functionalfunctionstest.java@org.apache.metron.stellar.dsl.functions.functionalfunctionstest.testfilter_none();False;False;1.0;0.0
metron-stellar\stellar-common\src\test\java\org\apache\metron\stellar\dsl\functions\functionalfunctionstest.java@org.apache.metron.stellar.dsl.functions.functionalfunctionstest.testfilter_notnull();False;False;0.999;0.001
metron-stellar\stellar-common\src\test\java\org\apache\metron\stellar\dsl\functions\functionalfunctionstest.java@org.apache.metron.stellar.dsl.functions.functionalfunctionstest.testfilter_null();False;False;1.0;0.0
metron-stellar\stellar-common\src\test\java\org\apache\metron\stellar\dsl\functions\functionalfunctionstest.java@org.apache.metron.stellar.dsl.functions.functionalfunctionstest.testfilter_shortcircuit();False;False;0.999;0.001
metron-stellar\stellar-common\src\test\java\org\apache\metron\stellar\dsl\functions\functionalfunctionstest.java@org.apache.metron.stellar.dsl.functions.functionalfunctionstest.testmap();False;False;1.0;0.0
metron-stellar\stellar-common\src\test\java\org\apache\metron\stellar\dsl\functions\functionalfunctionstest.java@org.apache.metron.stellar.dsl.functions.functionalfunctionstest.testmap_conditional();False;False;1.0;0.0
metron-stellar\stellar-common\src\test\java\org\apache\metron\stellar\dsl\functions\functionalfunctionstest.java@org.apache.metron.stellar.dsl.functions.functionalfunctionstest.testmap_null();False;False;0.998;0.002
metron-stellar\stellar-common\src\test\java\org\apache\metron\stellar\dsl\functions\functionalfunctionstest.java@org.apache.metron.stellar.dsl.functions.functionalfunctionstest.testrecursive();False;False;0.9865;0.0135
metron-stellar\stellar-common\src\test\java\org\apache\metron\stellar\dsl\functions\functionalfunctionstest.java@org.apache.metron.stellar.dsl.functions.functionalfunctionstest.testreduce();False;False;0.9994;0.0006
metron-stellar\stellar-common\src\test\java\org\apache\metron\stellar\dsl\functions\functionalfunctionstest.java@org.apache.metron.stellar.dsl.functions.functionalfunctionstest.testreduce_nonnumeric();False;False;1.0;0.0
metron-stellar\stellar-common\src\test\java\org\apache\metron\stellar\dsl\functions\functionalfunctionstest.java@org.apache.metron.stellar.dsl.functions.functionalfunctionstest.testreduce_null();False;False;0.9976666666666667;0.002333333333333333
metron-stellar\stellar-common\src\test\java\org\apache\metron\stellar\dsl\functions\functionalfunctionstest.java@org.apache.metron.stellar.dsl.functions.functionalfunctionstest.testreduce_on_various_list_sizes();False;False;0.997;0.003
metron-stellar\stellar-common\src\test\java\org\apache\metron\stellar\dsl\functions\functionalfunctionstest.java@org.apache.metron.stellar.dsl.functions.functionalfunctionstest.testreduce_returns_null_when_less_than_3_args();False;False;0.9945;0.0055
metron-stellar\stellar-common\src\test\java\org\apache\metron\stellar\dsl\functions\functionalfunctionstest.java@org.apache.metron.stellar.dsl.functions.functionalfunctionstest.testzip();False;False;0.993;0.007
metron-stellar\stellar-common\src\test\java\org\apache\metron\stellar\dsl\functions\functionalfunctionstest.java@org.apache.metron.stellar.dsl.functions.functionalfunctionstest.testziplongest_boundary();False;False;0.982;0.018
metron-stellar\stellar-common\src\test\java\org\apache\metron\stellar\dsl\functions\functionalfunctionstest.java@org.apache.metron.stellar.dsl.functions.functionalfunctionstest.testzip_boundary();False;False;0.988;0.012
metron-stellar\stellar-common\src\test\java\org\apache\metron\stellar\dsl\functions\functionalfunctionstest.java@org.apache.metron.stellar.dsl.functions.functionalfunctionstest.testzip_longest();False;False;0.992;0.008
metron-stellar\stellar-common\src\test\java\org\apache\metron\stellar\dsl\functions\hashfunctionstest.java@org.apache.metron.stellar.dsl.functions.hashfunctionstest.anonnullnonserializableobjectreturnsavalueofnull();False;False;0.997;0.003
metron-stellar\stellar-common\src\test\java\org\apache\metron\stellar\dsl\functions\hashfunctionstest.java@org.apache.metron.stellar.dsl.functions.hashfunctionstest.allalgorithmsformessagedigestshouldbeabletohash();False;False;0.9034152775648784;0.09658472243512224
metron-stellar\stellar-common\src\test\java\org\apache\metron\stellar\dsl\functions\hashfunctionstest.java@org.apache.metron.stellar.dsl.functions.hashfunctionstest.allalgorithmsformessagedigestshouldbeabletohashdirectstellarcall();False;False;0.9034152775648784;0.09658472243512224
metron-stellar\stellar-common\src\test\java\org\apache\metron\stellar\dsl\functions\hashfunctionstest.java@org.apache.metron.stellar.dsl.functions.hashfunctionstest.argumentlistwithmorethantwovaluesshouldthrowexception3();False;False;1.0;0.0
metron-stellar\stellar-common\src\test\java\org\apache\metron\stellar\dsl\functions\hashfunctionstest.java@org.apache.metron.stellar.dsl.functions.hashfunctionstest.argumentlistwithmorethantwovaluesshouldthrowexception4();False;False;1.0;0.0
metron-stellar\stellar-common\src\test\java\org\apache\metron\stellar\dsl\functions\hashfunctionstest.java@org.apache.metron.stellar.dsl.functions.hashfunctionstest.callinghashfunctionwhereonlyhashtypeisavariablehashessuccessfully();False;False;0.994;0.006
metron-stellar\stellar-common\src\test\java\org\apache\metron\stellar\dsl\functions\hashfunctionstest.java@org.apache.metron.stellar.dsl.functions.hashfunctionstest.callinghashfunctionswithvariablesasinputhashessuccessfully();False;False;0.995;0.005
metron-stellar\stellar-common\src\test\java\org\apache\metron\stellar\dsl\functions\hashfunctionstest.java@org.apache.metron.stellar.dsl.functions.hashfunctionstest.emptyargumentlistshouldthrowexception();False;False;0.99875;0.00125
metron-stellar\stellar-common\src\test\java\org\apache\metron\stellar\dsl\functions\hashfunctionstest.java@org.apache.metron.stellar.dsl.functions.hashfunctionstest.expectedhexstring(messagedigest);False;False;1.0;0.0
metron-stellar\stellar-common\src\test\java\org\apache\metron\stellar\dsl\functions\hashfunctionstest.java@org.apache.metron.stellar.dsl.functions.hashfunctionstest.getsupportedhashalgorithmscalledwithparametersshouldfail();False;False;0.998;0.002
metron-stellar\stellar-common\src\test\java\org\apache\metron\stellar\dsl\functions\hashfunctionstest.java@org.apache.metron.stellar.dsl.functions.hashfunctionstest.invalidalgorithmargumentshouldthrowexception();False;False;1.0;0.0
metron-stellar\stellar-common\src\test\java\org\apache\metron\stellar\dsl\functions\hashfunctionstest.java@org.apache.metron.stellar.dsl.functions.hashfunctionstest.invalidnullalgorithmargumentshouldreturnnull();False;False;1.0;0.0
metron-stellar\stellar-common\src\test\java\org\apache\metron\stellar\dsl\functions\hashfunctionstest.java@org.apache.metron.stellar.dsl.functions.hashfunctionstest.listsupportedhashtypesreturnsatminimumthehashingalgorithmsthatmustbesupported();False;False;0.994;0.006
metron-stellar\stellar-common\src\test\java\org\apache\metron\stellar\dsl\functions\hashfunctionstest.java@org.apache.metron.stellar.dsl.functions.hashfunctionstest.nonstringvaluethatisserializablehashessuccessfully();False;False;0.996;0.004
metron-stellar\stellar-common\src\test\java\org\apache\metron\stellar\dsl\functions\hashfunctionstest.java@org.apache.metron.stellar.dsl.functions.hashfunctionstest.nullargumentlistshouldthrowexception();False;False;1.0;0.0
metron-stellar\stellar-common\src\test\java\org\apache\metron\stellar\dsl\functions\hashfunctionstest.java@org.apache.metron.stellar.dsl.functions.hashfunctionstest.nullargumentsshouldfail();False;False;0.995;0.005
metron-stellar\stellar-common\src\test\java\org\apache\metron\stellar\dsl\functions\hashfunctionstest.java@org.apache.metron.stellar.dsl.functions.hashfunctionstest.nullinputforvaluetohashshouldreturnhashedencodedvalueof0x00();False;False;0.999;0.001
metron-stellar\stellar-common\src\test\java\org\apache\metron\stellar\dsl\functions\hashfunctionstest.java@org.apache.metron.stellar.dsl.functions.hashfunctionstest.nullinputforvaluetohashshouldreturnhashedencodedvalueof0x00indirectstellarcall();False;False;0.9983333333333333;0.0016666666666666666
metron-stellar\stellar-common\src\test\java\org\apache\metron\stellar\dsl\functions\hashfunctionstest.java@org.apache.metron.stellar.dsl.functions.hashfunctionstest.singleargumentlistshouldthrowexception();False;False;1.0;0.0
metron-stellar\stellar-common\src\test\java\org\apache\metron\stellar\dsl\functions\hashfunctionstest.java@org.apache.metron.stellar.dsl.functions.hashfunctionstest.tlshdist_invalidinput();False;False;0.999;0.001
metron-stellar\stellar-common\src\test\java\org\apache\metron\stellar\dsl\functions\hashfunctionstest.java@org.apache.metron.stellar.dsl.functions.hashfunctionstest.tlsh_happypath();False;False;0.984;0.016
metron-stellar\stellar-common\src\test\java\org\apache\metron\stellar\dsl\functions\hashfunctionstest.java@org.apache.metron.stellar.dsl.functions.hashfunctionstest.tlsh_insufficientcomplexity();False;False;1.0;0.0
metron-stellar\stellar-common\src\test\java\org\apache\metron\stellar\dsl\functions\hashfunctionstest.java@org.apache.metron.stellar.dsl.functions.hashfunctionstest.tlsh_multibin();False;False;0.996;0.004
metron-stellar\stellar-common\src\test\java\org\apache\metron\stellar\dsl\functions\hashfunctionstest.java@org.apache.metron.stellar.dsl.functions.hashfunctionstest.tlsh_multithread();False;False;0.914;0.086
metron-stellar\stellar-common\src\test\java\org\apache\metron\stellar\dsl\functions\hashfunctionstest.java@org.apache.metron.stellar.dsl.functions.hashfunctionstest.tlsh_nullinput();False;False;1.0;0.0
metron-stellar\stellar-common\src\test\java\org\apache\metron\stellar\dsl\functions\hashfunctionstest.java@org.apache.metron.stellar.dsl.functions.hashfunctionstest.tlsh_similarity();False;False;0.998;0.002
metron-stellar\stellar-common\src\test\java\org\apache\metron\stellar\dsl\functions\matchtest.java@org.apache.metron.stellar.dsl.functions.matchtest.testhandlevariableequalscheckwithdefault();False;False;1.0;0.0
metron-stellar\stellar-common\src\test\java\org\apache\metron\stellar\dsl\functions\matchtest.java@org.apache.metron.stellar.dsl.functions.matchtest.testifthenelseaction();False;False;0.989;0.011
metron-stellar\stellar-common\src\test\java\org\apache\metron\stellar\dsl\functions\matchtest.java@org.apache.metron.stellar.dsl.functions.matchtest.testlogical();False;False;0.9885;0.0115
metron-stellar\stellar-common\src\test\java\org\apache\metron\stellar\dsl\functions\matchtest.java@org.apache.metron.stellar.dsl.functions.matchtest.testmapsmall();False;False;0.98625;0.01375
metron-stellar\stellar-common\src\test\java\org\apache\metron\stellar\dsl\functions\matchtest.java@org.apache.metron.stellar.dsl.functions.matchtest.testmatchbarestatements();False;False;1.0;0.0
metron-stellar\stellar-common\src\test\java\org\apache\metron\stellar\dsl\functions\matchtest.java@org.apache.metron.stellar.dsl.functions.matchtest.testmatcherrornodefault();False;False;1.0;0.0
metron-stellar\stellar-common\src\test\java\org\apache\metron\stellar\dsl\functions\matchtest.java@org.apache.metron.stellar.dsl.functions.matchtest.testmatchlambda();False;False;0.998;0.002
metron-stellar\stellar-common\src\test\java\org\apache\metron\stellar\dsl\functions\matchtest.java@org.apache.metron.stellar.dsl.functions.matchtest.testmatchmapevaluation();False;False;0.9863333333333333;0.013666666666666667
metron-stellar\stellar-common\src\test\java\org\apache\metron\stellar\dsl\functions\matchtest.java@org.apache.metron.stellar.dsl.functions.matchtest.testmatchregexmatch();False;False;0.994;0.006
metron-stellar\stellar-common\src\test\java\org\apache\metron\stellar\dsl\functions\matchtest.java@org.apache.metron.stellar.dsl.functions.matchtest.testmulticlausemap();False;False;1.0;0.0
metron-stellar\stellar-common\src\test\java\org\apache\metron\stellar\dsl\functions\matchtest.java@org.apache.metron.stellar.dsl.functions.matchtest.testnestedmatchnotsupportted();False;False;0.978;0.022
metron-stellar\stellar-common\src\test\java\org\apache\metron\stellar\dsl\functions\matchtest.java@org.apache.metron.stellar.dsl.functions.matchtest.testnullincheckedreturnnull();False;False;0.993;0.007
metron-stellar\stellar-common\src\test\java\org\apache\metron\stellar\dsl\functions\matchtest.java@org.apache.metron.stellar.dsl.functions.matchtest.testreturnlist();False;False;1.0;0.0
metron-stellar\stellar-common\src\test\java\org\apache\metron\stellar\dsl\functions\matchtest.java@org.apache.metron.stellar.dsl.functions.matchtest.testshortcircuitwiththrows();False;False;1.0;0.0
metron-stellar\stellar-common\src\test\java\org\apache\metron\stellar\dsl\functions\matchtest.java@org.apache.metron.stellar.dsl.functions.matchtest.testternaryfuncasmatchaction();False;False;0.999;0.001
metron-stellar\stellar-common\src\test\java\org\apache\metron\stellar\dsl\functions\matchtest.java@org.apache.metron.stellar.dsl.functions.matchtest.testternaryfuncwithoutifcheck();False;False;1.0;0.0
metron-stellar\stellar-common\src\test\java\org\apache\metron\stellar\dsl\functions\matchtest.java@org.apache.metron.stellar.dsl.functions.matchtest.testthreeclausesfirstfires();False;False;1.0;0.0
metron-stellar\stellar-common\src\test\java\org\apache\metron\stellar\dsl\functions\matchtest.java@org.apache.metron.stellar.dsl.functions.matchtest.testthreetrueclausesfirstonlyfires();False;False;0.993;0.007
metron-stellar\stellar-common\src\test\java\org\apache\metron\stellar\dsl\functions\matchtest.java@org.apache.metron.stellar.dsl.functions.matchtest.testtwoclausessecondfires();False;False;1.0;0.0
metron-stellar\stellar-common\src\test\java\org\apache\metron\stellar\dsl\functions\matchtest.java@org.apache.metron.stellar.dsl.functions.matchtest.testvariableequalscheck();False;False;1.0;0.0
metron-stellar\stellar-common\src\test\java\org\apache\metron\stellar\dsl\functions\matchtest.java@org.apache.metron.stellar.dsl.functions.matchtest.testvariableifcheck();False;False;0.998;0.002
metron-stellar\stellar-common\src\test\java\org\apache\metron\stellar\dsl\functions\matchtest.java@org.apache.metron.stellar.dsl.functions.matchtest.testvariableonly();False;False;0.988;0.012
metron-stellar\stellar-common\src\test\java\org\apache\metron\stellar\dsl\functions\matchtest.java@org.apache.metron.stellar.dsl.functions.matchtest.testvariableonlycheckwithdefault();False;False;0.996;0.004
metron-stellar\stellar-common\src\test\java\org\apache\metron\stellar\dsl\functions\matchtest.java@org.apache.metron.stellar.dsl.functions.matchtest.testwithfunction();False;False;1.0;0.0
metron-stellar\stellar-common\src\test\java\org\apache\metron\stellar\dsl\functions\matchtest.java@org.apache.metron.stellar.dsl.functions.matchtest.testwithfunctionmultiargs();False;False;0.999;0.001
metron-stellar\stellar-common\src\test\java\org\apache\metron\stellar\dsl\functions\matchtest.java@org.apache.metron.stellar.dsl.functions.matchtest.workingmatchwithmap();False;False;1.0;0.0
metron-stellar\stellar-common\src\test\java\org\apache\metron\stellar\dsl\functions\mathfunctionstest.java@org.apache.metron.stellar.dsl.functions.mathfunctionstest.assertvalues(string,map);False;False;0.9034152775648784;0.09658472243512224
metron-stellar\stellar-common\src\test\java\org\apache\metron\stellar\dsl\functions\mathfunctionstest.java@org.apache.metron.stellar.dsl.functions.mathfunctionstest.run(string,map);False;False;0.9034152775648784;0.09658472243512224
metron-stellar\stellar-common\src\test\java\org\apache\metron\stellar\dsl\functions\mathfunctionstest.java@org.apache.metron.stellar.dsl.functions.mathfunctionstest.testabs();False;False;0.999;0.001
metron-stellar\stellar-common\src\test\java\org\apache\metron\stellar\dsl\functions\mathfunctionstest.java@org.apache.metron.stellar.dsl.functions.mathfunctionstest.testceiling();False;False;1.0;0.0
metron-stellar\stellar-common\src\test\java\org\apache\metron\stellar\dsl\functions\mathfunctionstest.java@org.apache.metron.stellar.dsl.functions.mathfunctionstest.testcos();False;False;0.999;0.001
metron-stellar\stellar-common\src\test\java\org\apache\metron\stellar\dsl\functions\mathfunctionstest.java@org.apache.metron.stellar.dsl.functions.mathfunctionstest.testexp();False;False;0.998;0.002
metron-stellar\stellar-common\src\test\java\org\apache\metron\stellar\dsl\functions\mathfunctionstest.java@org.apache.metron.stellar.dsl.functions.mathfunctionstest.testfloor();False;False;1.0;0.0
metron-stellar\stellar-common\src\test\java\org\apache\metron\stellar\dsl\functions\mathfunctionstest.java@org.apache.metron.stellar.dsl.functions.mathfunctionstest.testisnan();False;False;0.999;0.001
metron-stellar\stellar-common\src\test\java\org\apache\metron\stellar\dsl\functions\mathfunctionstest.java@org.apache.metron.stellar.dsl.functions.mathfunctionstest.testisnanwithnoargs();False;False;1.0;0.0
metron-stellar\stellar-common\src\test\java\org\apache\metron\stellar\dsl\functions\mathfunctionstest.java@org.apache.metron.stellar.dsl.functions.mathfunctionstest.testisnanwithnotnumbertype();False;False;0.999;0.001
metron-stellar\stellar-common\src\test\java\org\apache\metron\stellar\dsl\functions\mathfunctionstest.java@org.apache.metron.stellar.dsl.functions.mathfunctionstest.testlog(string,double);False;False;0.9034152775648784;0.09658472243512224
metron-stellar\stellar-common\src\test\java\org\apache\metron\stellar\dsl\functions\mathfunctionstest.java@org.apache.metron.stellar.dsl.functions.mathfunctionstest.testlog10();False;False;1.0;0.0
metron-stellar\stellar-common\src\test\java\org\apache\metron\stellar\dsl\functions\mathfunctionstest.java@org.apache.metron.stellar.dsl.functions.mathfunctionstest.testlog2();False;False;1.0;0.0
metron-stellar\stellar-common\src\test\java\org\apache\metron\stellar\dsl\functions\mathfunctionstest.java@org.apache.metron.stellar.dsl.functions.mathfunctionstest.testnaturallog();False;False;1.0;0.0
metron-stellar\stellar-common\src\test\java\org\apache\metron\stellar\dsl\functions\mathfunctionstest.java@org.apache.metron.stellar.dsl.functions.mathfunctionstest.testround();False;False;0.9986666666666667;0.0013333333333333333
metron-stellar\stellar-common\src\test\java\org\apache\metron\stellar\dsl\functions\mathfunctionstest.java@org.apache.metron.stellar.dsl.functions.mathfunctionstest.testsin();False;False;0.999;0.001
metron-stellar\stellar-common\src\test\java\org\apache\metron\stellar\dsl\functions\mathfunctionstest.java@org.apache.metron.stellar.dsl.functions.mathfunctionstest.testsqrt();False;False;0.999;0.001
metron-stellar\stellar-common\src\test\java\org\apache\metron\stellar\dsl\functions\mathfunctionstest.java@org.apache.metron.stellar.dsl.functions.mathfunctionstest.testtan();False;False;0.994;0.006
metron-stellar\stellar-common\src\test\java\org\apache\metron\stellar\dsl\functions\mathfunctionstest.java@org.apache.metron.stellar.dsl.functions.mathfunctionstest.todouble(object);False;False;1.0;0.0
metron-stellar\stellar-common\src\test\java\org\apache\metron\stellar\dsl\functions\ordinalfunctionstest.java@org.apache.metron.stellar.dsl.functions.ordinalfunctionstest.testobject(string);False;False;0.9034152775648784;0.09658472243512224
metron-stellar\stellar-common\src\test\java\org\apache\metron\stellar\dsl\functions\ordinalfunctionstest.java@org.apache.metron.stellar.dsl.functions.ordinalfunctionstest.getmax();False;False;0.99875;0.00125
metron-stellar\stellar-common\src\test\java\org\apache\metron\stellar\dsl\functions\ordinalfunctionstest.java@org.apache.metron.stellar.dsl.functions.ordinalfunctionstest.getmin();False;False;0.99875;0.00125
metron-stellar\stellar-common\src\test\java\org\apache\metron\stellar\dsl\functions\ordinalfunctionstest.java@org.apache.metron.stellar.dsl.functions.ordinalfunctionstest.run(string,map);False;False;0.9034152775648784;0.09658472243512224
metron-stellar\stellar-common\src\test\java\org\apache\metron\stellar\dsl\functions\ordinalfunctionstest.java@org.apache.metron.stellar.dsl.functions.ordinalfunctionstest.setup();False;False;0.991;0.009
metron-stellar\stellar-common\src\test\java\org\apache\metron\stellar\dsl\functions\ordinalfunctionstest.java@org.apache.metron.stellar.dsl.functions.ordinalfunctionstest.testallnulllist();False;False;0.996;0.004
metron-stellar\stellar-common\src\test\java\org\apache\metron\stellar\dsl\functions\ordinalfunctionstest.java@org.apache.metron.stellar.dsl.functions.ordinalfunctionstest.testmaxofintegerlist();False;False;0.992;0.008
metron-stellar\stellar-common\src\test\java\org\apache\metron\stellar\dsl\functions\ordinalfunctionstest.java@org.apache.metron.stellar.dsl.functions.ordinalfunctionstest.testmaxoflonglist();False;False;0.998;0.002
metron-stellar\stellar-common\src\test\java\org\apache\metron\stellar\dsl\functions\ordinalfunctionstest.java@org.apache.metron.stellar.dsl.functions.ordinalfunctionstest.testmaxofmixedlist();False;False;0.9034152775648784;0.09658472243512224
metron-stellar\stellar-common\src\test\java\org\apache\metron\stellar\dsl\functions\ordinalfunctionstest.java@org.apache.metron.stellar.dsl.functions.ordinalfunctionstest.testmaxofmixednumerical();False;False;0.998;0.002
metron-stellar\stellar-common\src\test\java\org\apache\metron\stellar\dsl\functions\ordinalfunctionstest.java@org.apache.metron.stellar.dsl.functions.ordinalfunctionstest.testmaxofstats();False;False;0.978;0.022
metron-stellar\stellar-common\src\test\java\org\apache\metron\stellar\dsl\functions\ordinalfunctionstest.java@org.apache.metron.stellar.dsl.functions.ordinalfunctionstest.testmaxofstringlist();False;False;0.9965;0.0035
metron-stellar\stellar-common\src\test\java\org\apache\metron\stellar\dsl\functions\ordinalfunctionstest.java@org.apache.metron.stellar.dsl.functions.ordinalfunctionstest.testmaxwithvarlist();False;False;0.985;0.015
metron-stellar\stellar-common\src\test\java\org\apache\metron\stellar\dsl\functions\ordinalfunctionstest.java@org.apache.metron.stellar.dsl.functions.ordinalfunctionstest.testminofintegerlist();False;False;0.9966666666666667;0.003333333333333333
metron-stellar\stellar-common\src\test\java\org\apache\metron\stellar\dsl\functions\ordinalfunctionstest.java@org.apache.metron.stellar.dsl.functions.ordinalfunctionstest.testminofmixednumerical();False;False;0.996;0.004
metron-stellar\stellar-common\src\test\java\org\apache\metron\stellar\dsl\functions\ordinalfunctionstest.java@org.apache.metron.stellar.dsl.functions.ordinalfunctionstest.testminofstats();False;False;0.978;0.022
metron-stellar\stellar-common\src\test\java\org\apache\metron\stellar\dsl\functions\ordinalfunctionstest.java@org.apache.metron.stellar.dsl.functions.ordinalfunctionstest.testminwithnullinlist();False;False;1.0;0.0
metron-stellar\stellar-common\src\test\java\org\apache\metron\stellar\dsl\functions\ordinalfunctionstest.java@org.apache.metron.stellar.dsl.functions.ordinalfunctionstest.testnoncomparablelist();False;False;0.9034152775648784;0.09658472243512224
metron-stellar\stellar-common\src\test\java\org\apache\metron\stellar\dsl\functions\ordinalfunctionstest.java@org.apache.metron.stellar.dsl.functions.ordinalfunctionstest.testsetinput();False;False;0.999;0.001
metron-stellar\stellar-common\src\test\java\org\apache\metron\stellar\dsl\functions\ordinalfunctionstest.java@org.apache.metron.stellar.dsl.functions.testobject.testobject(string);False;False;0.9034152775648784;0.09658472243512224
metron-stellar\stellar-common\src\test\java\org\apache\metron\stellar\dsl\functions\regexfunctionstest.java@org.apache.metron.stellar.dsl.functions.regexfunctionstest.testregexgroupval();False;False;0.9034152775648784;0.09658472243512224
metron-stellar\stellar-common\src\test\java\org\apache\metron\stellar\dsl\functions\regexfunctionstest.java@org.apache.metron.stellar.dsl.functions.regexfunctionstest.testregexmatch();False;False;0.9034152775648784;0.09658472243512224
metron-stellar\stellar-common\src\test\java\org\apache\metron\stellar\dsl\functions\regexfunctionstest.java@org.apache.metron.stellar.dsl.functions.regexfunctionstest.testregexreplace();False;False;0.9034152775648784;0.09658472243512224
metron-stellar\stellar-common\src\test\java\org\apache\metron\stellar\dsl\functions\setfunctionstest.java@org.apache.metron.stellar.dsl.functions.setfunctionstest.multisetaddtest();False;False;0.997;0.003
metron-stellar\stellar-common\src\test\java\org\apache\metron\stellar\dsl\functions\setfunctionstest.java@org.apache.metron.stellar.dsl.functions.setfunctionstest.multisetinittest();False;False;0.9965;0.0035
metron-stellar\stellar-common\src\test\java\org\apache\metron\stellar\dsl\functions\setfunctionstest.java@org.apache.metron.stellar.dsl.functions.setfunctionstest.multisetinittest_wrongtype();False;False;0.968;0.032
metron-stellar\stellar-common\src\test\java\org\apache\metron\stellar\dsl\functions\setfunctionstest.java@org.apache.metron.stellar.dsl.functions.setfunctionstest.multisetmergetest();False;False;0.999;0.001
metron-stellar\stellar-common\src\test\java\org\apache\metron\stellar\dsl\functions\setfunctionstest.java@org.apache.metron.stellar.dsl.functions.setfunctionstest.multisetmergetest_wrongtype();False;False;1.0;0.0
metron-stellar\stellar-common\src\test\java\org\apache\metron\stellar\dsl\functions\setfunctionstest.java@org.apache.metron.stellar.dsl.functions.setfunctionstest.multisetremovetest();False;False;0.998;0.002
metron-stellar\stellar-common\src\test\java\org\apache\metron\stellar\dsl\functions\setfunctionstest.java@org.apache.metron.stellar.dsl.functions.setfunctionstest.multisettosettest();False;False;1.0;0.0
metron-stellar\stellar-common\src\test\java\org\apache\metron\stellar\dsl\functions\setfunctionstest.java@org.apache.metron.stellar.dsl.functions.setfunctionstest.setaddtest();False;False;0.999;0.001
metron-stellar\stellar-common\src\test\java\org\apache\metron\stellar\dsl\functions\setfunctionstest.java@org.apache.metron.stellar.dsl.functions.setfunctionstest.setinittest();False;False;1.0;0.0
metron-stellar\stellar-common\src\test\java\org\apache\metron\stellar\dsl\functions\setfunctionstest.java@org.apache.metron.stellar.dsl.functions.setfunctionstest.setinittest_wrongtype();False;False;1.0;0.0
metron-stellar\stellar-common\src\test\java\org\apache\metron\stellar\dsl\functions\setfunctionstest.java@org.apache.metron.stellar.dsl.functions.setfunctionstest.setmergetest();False;False;0.998;0.002
metron-stellar\stellar-common\src\test\java\org\apache\metron\stellar\dsl\functions\setfunctionstest.java@org.apache.metron.stellar.dsl.functions.setfunctionstest.setmergetest_wrongtype();False;False;1.0;0.0
metron-stellar\stellar-common\src\test\java\org\apache\metron\stellar\dsl\functions\setfunctionstest.java@org.apache.metron.stellar.dsl.functions.setfunctionstest.setremovetest();False;False;0.997;0.003
metron-stellar\stellar-common\src\test\java\org\apache\metron\stellar\dsl\functions\shellfunctionstest.java@org.apache.metron.stellar.dsl.functions.shellfunctionstest.testedit();False;False;0.98;0.02
metron-stellar\stellar-common\src\test\java\org\apache\metron\stellar\dsl\functions\shellfunctionstest.java@org.apache.metron.stellar.dsl.functions.shellfunctionstest.testgetexpression();False;False;1.0;0.0
metron-stellar\stellar-common\src\test\java\org\apache\metron\stellar\dsl\functions\shellfunctionstest.java@org.apache.metron.stellar.dsl.functions.shellfunctionstest.testgetexpressionempty();False;False;0.992;0.008
metron-stellar\stellar-common\src\test\java\org\apache\metron\stellar\dsl\functions\shellfunctionstest.java@org.apache.metron.stellar.dsl.functions.shellfunctionstest.testlistvarswithvars();False;False;0.987;0.013
metron-stellar\stellar-common\src\test\java\org\apache\metron\stellar\dsl\functions\shellfunctionstest.java@org.apache.metron.stellar.dsl.functions.shellfunctionstest.testlistvarswithoutvars();False;False;0.993;0.007
metron-stellar\stellar-common\src\test\java\org\apache\metron\stellar\dsl\functions\shellfunctionstest.java@org.apache.metron.stellar.dsl.functions.shellfunctionstest.testmap2table();False;False;1.0;0.0
metron-stellar\stellar-common\src\test\java\org\apache\metron\stellar\dsl\functions\shellfunctionstest.java@org.apache.metron.stellar.dsl.functions.shellfunctionstest.testmap2tableinsufficientargs();False;False;0.996;0.004
metron-stellar\stellar-common\src\test\java\org\apache\metron\stellar\dsl\functions\shellfunctionstest.java@org.apache.metron.stellar.dsl.functions.shellfunctionstest.testmap2tablenullinput();False;False;0.9870833333333334;0.012916666666666667
metron-stellar\stellar-common\src\test\java\org\apache\metron\stellar\dsl\functions\shellfunctionstest.java@org.apache.metron.stellar.dsl.functions.shellfunctionstest.testvars2map();False;False;0.999;0.001
metron-stellar\stellar-common\src\test\java\org\apache\metron\stellar\dsl\functions\shellfunctionstest.java@org.apache.metron.stellar.dsl.functions.shellfunctionstest.testvars2mapempty();False;False;0.996;0.004
metron-stellar\stellar-common\src\test\java\org\apache\metron\stellar\dsl\functions\stringfunctionstest.java@org.apache.metron.stellar.dsl.functions.stringfunctionstest.shannonentropytest();False;False;1.0;0.0
metron-stellar\stellar-common\src\test\java\org\apache\metron\stellar\dsl\functions\stringfunctionstest.java@org.apache.metron.stellar.dsl.functions.stringfunctionstest.testappendifmissing();False;False;0.9034152775648784;0.09658472243512224
metron-stellar\stellar-common\src\test\java\org\apache\metron\stellar\dsl\functions\stringfunctionstest.java@org.apache.metron.stellar.dsl.functions.stringfunctionstest.testchomp();False;False;0.9034152775648784;0.09658472243512224
metron-stellar\stellar-common\src\test\java\org\apache\metron\stellar\dsl\functions\stringfunctionstest.java@org.apache.metron.stellar.dsl.functions.stringfunctionstest.testchop();False;False;0.9034152775648784;0.09658472243512224
metron-stellar\stellar-common\src\test\java\org\apache\metron\stellar\dsl\functions\stringfunctionstest.java@org.apache.metron.stellar.dsl.functions.stringfunctionstest.testcountmatches();False;False;0.9034152775648784;0.09658472243512224
metron-stellar\stellar-common\src\test\java\org\apache\metron\stellar\dsl\functions\stringfunctionstest.java@org.apache.metron.stellar.dsl.functions.stringfunctionstest.testformat();False;False;0.9034152775648784;0.09658472243512224
metron-stellar\stellar-common\src\test\java\org\apache\metron\stellar\dsl\functions\stringfunctionstest.java@org.apache.metron.stellar.dsl.functions.stringfunctionstest.testformatwithmissingarguments();False;False;0.992;0.008
metron-stellar\stellar-common\src\test\java\org\apache\metron\stellar\dsl\functions\stringfunctionstest.java@org.apache.metron.stellar.dsl.functions.stringfunctionstest.testformatwithnoarguments();False;False;0.991;0.009
metron-stellar\stellar-common\src\test\java\org\apache\metron\stellar\dsl\functions\stringfunctionstest.java@org.apache.metron.stellar.dsl.functions.stringfunctionstest.testleftrightfills();False;False;0.9034152775648784;0.09658472243512224
metron-stellar\stellar-common\src\test\java\org\apache\metron\stellar\dsl\functions\stringfunctionstest.java@org.apache.metron.stellar.dsl.functions.stringfunctionstest.testprependifmissing();False;False;0.9034152775648784;0.09658472243512224
metron-stellar\stellar-common\src\test\java\org\apache\metron\stellar\dsl\functions\stringfunctionstest.java@org.apache.metron.stellar.dsl.functions.stringfunctionstest.teststringfunctions();False;False;0.9034152775648784;0.09658472243512224
metron-stellar\stellar-common\src\test\java\org\apache\metron\stellar\dsl\functions\stringfunctionstest.java@org.apache.metron.stellar.dsl.functions.stringfunctionstest.teststringfunctions_advanced();False;False;0.9034152775648784;0.09658472243512224
metron-stellar\stellar-common\src\test\java\org\apache\metron\stellar\dsl\functions\stringfunctionstest.java@org.apache.metron.stellar.dsl.functions.stringfunctionstest.testsubstring();False;False;0.995;0.005
metron-stellar\stellar-common\src\test\java\org\apache\metron\stellar\dsl\functions\stringfunctionstest.java@org.apache.metron.stellar.dsl.functions.stringfunctionstest.testsubstring_invalidempty();False;False;0.997;0.003
metron-stellar\stellar-common\src\test\java\org\apache\metron\stellar\dsl\functions\stringfunctionstest.java@org.apache.metron.stellar.dsl.functions.stringfunctionstest.testsubstring_invalidwrongtypeend();False;False;1.0;0.0
metron-stellar\stellar-common\src\test\java\org\apache\metron\stellar\dsl\functions\stringfunctionstest.java@org.apache.metron.stellar.dsl.functions.stringfunctionstest.testsubstring_invalidwrongtypeinput();False;False;1.0;0.0
metron-stellar\stellar-common\src\test\java\org\apache\metron\stellar\dsl\functions\stringfunctionstest.java@org.apache.metron.stellar.dsl.functions.stringfunctionstest.testsubstring_invalidwrongtypestart();False;False;1.0;0.0
metron-stellar\stellar-common\src\test\java\org\apache\metron\stellar\dsl\functions\stringfunctionstest.java@org.apache.metron.stellar.dsl.functions.stringfunctionstest.testtojsonlist();False;False;0.9034152775648784;0.09658472243512224
metron-stellar\stellar-common\src\test\java\org\apache\metron\stellar\dsl\functions\stringfunctionstest.java@org.apache.metron.stellar.dsl.functions.stringfunctionstest.testtojsonmap();False;False;0.9034152775648784;0.09658472243512224
metron-stellar\stellar-common\src\test\java\org\apache\metron\stellar\dsl\functions\stringfunctionstest.java@org.apache.metron.stellar.dsl.functions.stringfunctionstest.testtojsonobject();False;False;0.9034152775648784;0.09658472243512224
metron-stellar\stellar-common\src\test\java\org\apache\metron\stellar\dsl\functions\systemfunctionstest.java@org.apache.metron.stellar.dsl.functions.systemfunctionstest.env_get_returns_null_if_key_is_not_string();False;False;1.0;0.0
metron-stellar\stellar-common\src\test\java\org\apache\metron\stellar\dsl\functions\systemfunctionstest.java@org.apache.metron.stellar.dsl.functions.systemfunctionstest.env_get_returns_value();False;False;0.9985714285714286;0.0014285714285714286
metron-stellar\stellar-common\src\test\java\org\apache\metron\stellar\dsl\functions\systemfunctionstest.java@org.apache.metron.stellar.dsl.functions.systemfunctionstest.property_get_nonexistent_returns_null();False;False;1.0;0.0
metron-stellar\stellar-common\src\test\java\org\apache\metron\stellar\dsl\functions\systemfunctionstest.java@org.apache.metron.stellar.dsl.functions.systemfunctionstest.property_get_returns_null_if_key_is_not_string();False;False;1.0;0.0
metron-stellar\stellar-common\src\test\java\org\apache\metron\stellar\dsl\functions\systemfunctionstest.java@org.apache.metron.stellar.dsl.functions.systemfunctionstest.property_get_returns_value();False;False;1.0;0.0
metron-stellar\stellar-common\src\test\java\org\apache\metron\stellar\dsl\functions\systemfunctionstest.java@org.apache.metron.stellar.dsl.functions.systemfunctionstest.smoke_test_non_mocked_env();False;False;0.996;0.004
metron-stellar\stellar-common\src\test\java\org\apache\metron\stellar\dsl\functions\textfunctionstest.java@org.apache.metron.stellar.dsl.functions.textfunctionstest.testemptyargs();False;False;0.9034152775648784;0.09658472243512224
metron-stellar\stellar-common\src\test\java\org\apache\metron\stellar\dsl\functions\textfunctionstest.java@org.apache.metron.stellar.dsl.functions.textfunctionstest.testemptyfirstarg();False;False;0.9034152775648784;0.09658472243512224
metron-stellar\stellar-common\src\test\java\org\apache\metron\stellar\dsl\functions\textfunctionstest.java@org.apache.metron.stellar.dsl.functions.textfunctionstest.testemptyfirsttwoargs();False;False;0.9034152775648784;0.09658472243512224
metron-stellar\stellar-common\src\test\java\org\apache\metron\stellar\dsl\functions\textfunctionstest.java@org.apache.metron.stellar.dsl.functions.textfunctionstest.testgetavailablelanguagetags();False;False;0.987;0.013
metron-stellar\stellar-common\src\test\java\org\apache\metron\stellar\dsl\functions\textfunctionstest.java@org.apache.metron.stellar.dsl.functions.textfunctionstest.testhappystringfunctions();False;False;0.9034152775648784;0.09658472243512224
metron-stellar\stellar-common\src\test\java\org\apache\metron\stellar\dsl\functions\textfunctionstest.java@org.apache.metron.stellar.dsl.functions.textfunctionstest.testmissinglanguage();False;False;0.9034152775648784;0.09658472243512224
metron-stellar\stellar-common\src\test\java\org\apache\metron\stellar\dsl\functions\textfunctionstest.java@org.apache.metron.stellar.dsl.functions.textfunctionstest.testnoargs();False;False;0.9034152775648784;0.09658472243512224
metron-stellar\stellar-common\src\test\java\org\apache\metron\stellar\dsl\functions\textfunctionstest.java@org.apache.metron.stellar.dsl.functions.textfunctionstest.testnomatchstrings();False;False;0.9034152775648784;0.09658472243512224
metron-stellar\stellar-common\src\test\java\org\apache\metron\stellar\dsl\functions\resolver\classpathfunctionresolvertest.java@org.apache.metron.stellar.dsl.functions.resolver.classpathfunctionresolvertest.create(properties);False;False;0.993;0.007
metron-stellar\stellar-common\src\test\java\org\apache\metron\stellar\dsl\functions\resolver\classpathfunctionresolvertest.java@org.apache.metron.stellar.dsl.functions.resolver.classpathfunctionresolvertest.getstellarclasses(classloader);False;False;0.994;0.006
metron-stellar\stellar-common\src\test\java\org\apache\metron\stellar\dsl\functions\resolver\classpathfunctionresolvertest.java@org.apache.metron.stellar.dsl.functions.resolver.classpathfunctionresolvertest.includeclass(class,filterbuilder);False;False;0.9034152775648784;0.09658472243512224
metron-stellar\stellar-common\src\test\java\org\apache\metron\stellar\dsl\functions\resolver\classpathfunctionresolvertest.java@org.apache.metron.stellar.dsl.functions.resolver.classpathfunctionresolvertest.setup();False;False;0.921;0.079
metron-stellar\stellar-common\src\test\java\org\apache\metron\stellar\dsl\functions\resolver\classpathfunctionresolvertest.java@org.apache.metron.stellar.dsl.functions.resolver.classpathfunctionresolvertest.testexclude();False;False;0.998;0.002
metron-stellar\stellar-common\src\test\java\org\apache\metron\stellar\dsl\functions\resolver\classpathfunctionresolvertest.java@org.apache.metron.stellar.dsl.functions.resolver.classpathfunctionresolvertest.testexternallocal();False;False;0.99;0.01
metron-stellar\stellar-common\src\test\java\org\apache\metron\stellar\dsl\functions\resolver\classpathfunctionresolvertest.java@org.apache.metron.stellar.dsl.functions.resolver.classpathfunctionresolvertest.testinclude();False;False;1.0;0.0
metron-stellar\stellar-common\src\test\java\org\apache\metron\stellar\dsl\functions\resolver\classpathfunctionresolvertest.java@org.apache.metron.stellar.dsl.functions.resolver.classpathfunctionresolvertest.testinvalidstellarclass();False;False;0.9034152775648784;0.09658472243512224
metron-stellar\stellar-common\src\test\java\org\apache\metron\stellar\dsl\functions\resolver\classpathfunctionresolvertest.java@org.apache.metron.stellar.dsl.functions.resolver.classpathfunctionresolvertest.testwithmultipleincludes();False;False;0.984;0.016
metron-stellar\stellar-common\src\test\java\org\apache\metron\stellar\dsl\functions\resolver\simplefunctionresolvertest.java@org.apache.metron.stellar.dsl.functions.resolver.iamafunction.apply(list);False;False;0.9034152775648784;0.09658472243512224
metron-stellar\stellar-common\src\test\java\org\apache\metron\stellar\dsl\functions\resolver\simplefunctionresolvertest.java@org.apache.metron.stellar.dsl.functions.resolver.missingannotation.apply(list,context);False;False;0.9034152775648784;0.09658472243512224
metron-stellar\stellar-common\src\test\java\org\apache\metron\stellar\dsl\functions\resolver\simplefunctionresolvertest.java@org.apache.metron.stellar.dsl.functions.resolver.missingannotation.isinitialized();False;False;0.9851351218008023;0.014864878199197096
metron-stellar\stellar-common\src\test\java\org\apache\metron\stellar\dsl\functions\resolver\simplefunctionresolvertest.java@org.apache.metron.stellar.dsl.functions.resolver.simplefunctionresolvertest.apply(list);False;False;0.9034152775648784;0.09658472243512224
metron-stellar\stellar-common\src\test\java\org\apache\metron\stellar\dsl\functions\resolver\simplefunctionresolvertest.java@org.apache.metron.stellar.dsl.functions.resolver.simplefunctionresolvertest.apply(list,context);False;False;0.9034152775648784;0.09658472243512224
metron-stellar\stellar-common\src\test\java\org\apache\metron\stellar\dsl\functions\resolver\simplefunctionresolvertest.java@org.apache.metron.stellar.dsl.functions.resolver.simplefunctionresolvertest.isinitialized();False;False;1.0;0.0
metron-stellar\stellar-common\src\test\java\org\apache\metron\stellar\dsl\functions\resolver\simplefunctionresolvertest.java@org.apache.metron.stellar.dsl.functions.resolver.simplefunctionresolvertest.setup();False;False;1.0;0.0
metron-stellar\stellar-common\src\test\java\org\apache\metron\stellar\dsl\functions\resolver\simplefunctionresolvertest.java@org.apache.metron.stellar.dsl.functions.resolver.simplefunctionresolvertest.testapply();False;False;0.9955;0.0045
metron-stellar\stellar-common\src\test\java\org\apache\metron\stellar\dsl\functions\resolver\simplefunctionresolvertest.java@org.apache.metron.stellar.dsl.functions.resolver.simplefunctionresolvertest.testfunctionresolution();False;False;0.9643833333333335;0.035616666666666665
metron-stellar\stellar-common\src\test\java\org\apache\metron\stellar\dsl\functions\resolver\simplefunctionresolvertest.java@org.apache.metron.stellar.dsl.functions.resolver.simplefunctionresolvertest.testfunctionresolutionwithmissingannotation();False;False;0.9865;0.0135
metron-stellar\stellar-common\src\test\java\org\apache\metron\stellar\dsl\functions\resolver\simplefunctionresolvertest.java@org.apache.metron.stellar.dsl.functions.resolver.simplefunctionresolvertest.testignoreduplicates();False;False;0.9735833333333335;0.026416666666666665
metron-stellar\stellar-zeppelin\src\main\java\org\apache\metron\stellar\zeppelin\stellarinterpreter.java@org.apache.metron.stellar.zeppelin.stellarinterpreter.stellarinterpreter(properties);False;False;0.9034152775648784;0.09658472243512224
metron-stellar\stellar-zeppelin\src\main\java\org\apache\metron\stellar\zeppelin\stellarinterpreter.java@org.apache.metron.stellar.zeppelin.stellarinterpreter.completion(string,int);False;False;0.9034152775648784;0.09658472243512224
metron-stellar\stellar-zeppelin\src\main\java\org\apache\metron\stellar\zeppelin\stellarinterpreter.java@org.apache.metron.stellar.zeppelin.stellarinterpreter.createexecutor(properties);False;False;0.9034152775648784;0.09658472243512224
metron-stellar\stellar-zeppelin\src\main\java\org\apache\metron\stellar\zeppelin\stellarinterpreter.java@org.apache.metron.stellar.zeppelin.stellarinterpreter.execute(string);False;False;0.9576;0.0424
metron-stellar\stellar-zeppelin\src\main\java\org\apache\metron\stellar\zeppelin\stellarinterpreter.java@org.apache.metron.stellar.zeppelin.stellarinterpreter.geterrormessage(optional,string);False;False;0.9034152775648784;0.09658472243512224
metron-stellar\stellar-zeppelin\src\main\java\org\apache\metron\stellar\zeppelin\stellarinterpreter.java@org.apache.metron.stellar.zeppelin.stellarinterpreter.getexecutor();False;False;1.0;0.0
metron-stellar\stellar-zeppelin\src\main\java\org\apache\metron\stellar\zeppelin\stellarinterpreter.java@org.apache.metron.stellar.zeppelin.stellarinterpreter.getformtype();False;False;1.0;0.0
metron-stellar\stellar-zeppelin\src\main\java\org\apache\metron\stellar\zeppelin\stellarinterpreter.java@org.apache.metron.stellar.zeppelin.stellarinterpreter.getprogress(interpretercontext);False;False;1.0;0.0
metron-stellar\stellar-zeppelin\src\main\java\org\apache\metron\stellar\zeppelin\stellarinterpreter.java@org.apache.metron.stellar.zeppelin.stellarinterpreter.interpret(string,interpretercontext);False;False;0.9034152775648784;0.09658472243512224
metron-stellar\stellar-zeppelin\src\main\java\org\apache\metron\stellar\zeppelin\stellarinterpreter.java@org.apache.metron.stellar.zeppelin.stellarinterpreter.open();False;False;0.9034152775648784;0.09658472243512224
metron-stellar\stellar-zeppelin\src\test\java\org\apache\metron\stellar\zeppelin\stellarinterpreterpropertytest.java@org.apache.metron.stellar.zeppelin.stellarinterpreterpropertytest.testget();False;False;0.999;0.001
metron-stellar\stellar-zeppelin\src\test\java\org\apache\metron\stellar\zeppelin\stellarinterpreterpropertytest.java@org.apache.metron.stellar.zeppelin.stellarinterpreterpropertytest.testgetwhenpropertynotdefined();False;False;0.999;0.001
metron-stellar\stellar-zeppelin\src\test\java\org\apache\metron\stellar\zeppelin\stellarinterpretertest.java@org.apache.metron.stellar.zeppelin.stellarinterpretertest.setup();False;False;0.945;0.055
metron-stellar\stellar-zeppelin\src\test\java\org\apache\metron\stellar\zeppelin\stellarinterpretertest.java@org.apache.metron.stellar.zeppelin.stellarinterpretertest.testautocompletion();False;False;0.972;0.028
metron-stellar\stellar-zeppelin\src\test\java\org\apache\metron\stellar\zeppelin\stellarinterpretertest.java@org.apache.metron.stellar.zeppelin.stellarinterpretertest.testautocompletionwithnocompletions();False;False;1.0;0.0
metron-stellar\stellar-zeppelin\src\test\java\org\apache\metron\stellar\zeppelin\stellarinterpretertest.java@org.apache.metron.stellar.zeppelin.stellarinterpretertest.testexecutebadstellar();False;False;0.9846666666666666;0.015333333333333334
metron-stellar\stellar-zeppelin\src\test\java\org\apache\metron\stellar\zeppelin\stellarinterpretertest.java@org.apache.metron.stellar.zeppelin.stellarinterpretertest.testexecutenoop();False;False;0.992;0.008
metron-stellar\stellar-zeppelin\src\test\java\org\apache\metron\stellar\zeppelin\stellarinterpretertest.java@org.apache.metron.stellar.zeppelin.stellarinterpretertest.testexecutestellar();False;False;0.9906666666666667;0.009333333333333334
metron-stellar\stellar-zeppelin\src\test\java\org\apache\metron\stellar\zeppelin\stellarinterpretertest.java@org.apache.metron.stellar.zeppelin.stellarinterpretertest.testexecutestellarmultiplelines();False;False;0.998;0.002
metron-stellar\stellar-zeppelin\src\test\java\org\apache\metron\stellar\zeppelin\stellarinterpretertest.java@org.apache.metron.stellar.zeppelin.stellarinterpretertest.testexecutewithstellarlist();False;False;0.9944333333333334;0.005566666666666667
metron-stellar\stellar-zeppelin\src\test\java\org\apache\metron\stellar\zeppelin\stellarinterpretertest.java@org.apache.metron.stellar.zeppelin.stellarinterpretertest.testexecutewithstellarmap();False;False;0.9948333333333333;0.005166666666666667
metron-stellar\stellar-zeppelin\src\test\java\org\apache\metron\stellar\zeppelin\stellarinterpretertest.java@org.apache.metron.stellar.zeppelin.stellarinterpretertest.testopenwithnozookeeperurl();False;False;0.997;0.003
metron-stellar\stellar-zeppelin\src\test\java\org\apache\metron\stellar\zeppelin\integration\configuploadcomponent.java@org.apache.metron.stellar.zeppelin.integration.configuploadcomponent.start();False;False;0.9034152775648784;0.09658472243512224
metron-stellar\stellar-zeppelin\src\test\java\org\apache\metron\stellar\zeppelin\integration\configuploadcomponent.java@org.apache.metron.stellar.zeppelin.integration.configuploadcomponent.upload();False;False;0.9759166666666667;0.024083333333333328
metron-stellar\stellar-zeppelin\src\test\java\org\apache\metron\stellar\zeppelin\integration\configuploadcomponent.java@org.apache.metron.stellar.zeppelin.integration.configuploadcomponent.withglobals(map);False;False;0.9034152775648784;0.09658472243512224
metron-stellar\stellar-zeppelin\src\test\java\org\apache\metron\stellar\zeppelin\integration\configuploadcomponent.java@org.apache.metron.stellar.zeppelin.integration.configuploadcomponent.withzookeeperurl(string);False;False;1.0;0.0
metron-stellar\stellar-zeppelin\src\test\java\org\apache\metron\stellar\zeppelin\integration\stellarinterpreterintegrationtest.java@org.apache.metron.stellar.zeppelin.integration.stellarinterpreterintegrationtest.setup();False;False;0.958;0.042
metron-stellar\stellar-zeppelin\src\test\java\org\apache\metron\stellar\zeppelin\integration\stellarinterpreterintegrationtest.java@org.apache.metron.stellar.zeppelin.integration.stellarinterpreterintegrationtest.teardown();False;False;1.0;0.0
metron-stellar\stellar-zeppelin\src\test\java\org\apache\metron\stellar\zeppelin\integration\stellarinterpreterintegrationtest.java@org.apache.metron.stellar.zeppelin.integration.stellarinterpreterintegrationtest.testopenwithzookeeperurl();False;False;0.977;0.023
